0.5 450
12 489 380 60 -125 0.2035443923470699 0.1872995847553941 0.09125050977212162 0.3799397252758746 0.26273009446374207 0.2533240803314567 0.7379736676735034
18 246 -120 -40 -25 0.09008156949183593 -0.16011393911611999 -0.038980939857542474 0.41092815538836436 0.87487367855638 0.4186115136931605 0.3643140037820274
20 182 460 120 -50 -0.0970583586194691 -0.02989573355560865 -0.24135764832729378 0.6062180147770455 0.16685514133295087 0.7727960873484182 0.5715388912522821
10 277 -80 -140 125 -0.17517675534713273 0.23979580159033798 0.24532167343863082 0.5093146249820125 0.4717248239061207 0.026580779685851708 0.5458117984395547
10 169 420 -100 -125 -0.08449501708997931 0.08083165636643008 0.18400177198667855 0.18981282709674152 0.9470824029431892 0.8580416765630473 0.8751388776140515
15 288 -280 160 -125 0.1463735082786739 0.1325922489805504 0.12788109512908297 0.8760246882085229 0.8463404870847457 0.8525491577388136 0.9900348481692556
18 257 -20 20 -100 0.0025555518634597374 -0.22589360599684322 -0.008710938886072661 0.7027520748995665 0.9238080465814166 0.8544860360464963 0.22516533446998688
20 470 -360 120 -100 0.13227275323513876 -0.17498398665573267 0.09114405658265429 0.8179643917561091 0.3290783372612852 0.39697803246697927 0.9597881540289779
14 164 -180 180 -75 0.1281522268979643 -0.030295965847395745 -0.17537465871026314 0.2397061998190898 0.6755505067305632 0.9714408303063691 0.7668701397538704
12 483 -60 60 -125 -0.04301259926440898 0.0015767009840751967 0.21197226012415415 0.45167210635510857 0.837060316159858 0.8207128530125525 0.2654170526806191
13 366 160 200 0 -0.005538200619713052 0.07743830923254641 -0.24657669307071173 0.4159164106833272 0.9121411039631282 0.3347265612993653 0.9077953830333151
13 366 -160 120 0 0.16589453610851074 0.10552073962535541 -0.07373119056878674 0.4139635681663074 0.6028685665632169 0.37137812540186743 0.4527733801188548
15 134 -540 160 50 0.23063646138505467 -0.016854266132474316 0.016906109869078645 0.8587152511334252 0.425073361989758 0.40085403059252445 0.4735947169625945
17 13 -600 -140 125 0.028169433662969923 -0.18507376336803122 -0.24853658121696953 0.6949781544227721 0.8849278804102059 0.7039523987742714 0.6395752639183808
12 386 -260 100 -50 -0.16062555582656252 0.16191272867817713 0.1892148067635775 0.2762372457485942 0.9043524129157984 0.3209650357976944 0.2136510431110249
14 70 -80 -80 -125 0.11073263203485517 0.19421642019456592 0.011217013128571929 0.2871801791182915 0.7107857661606437 0.6313976362611499 0.2808015579430133
15 376 500 80 -25 -0.1590149397982087 0.0446135937760091 0.12893020191940813 0.9717981246227755 0.18584100731863173 0.32837742848719775 0.5738680976538705
17 80 -480 20 25 0.015707009441248976 -0.03529753682142095 0.13343736242075954 0.836601429635946 0.08425400270618688 0.5534544539944862 0.8432397439190621
12 136 380 -100 100 0.17602151649873915 0.05113252459504308 -0.09045657771996451 0.049941379061383184 0.024887993461611413 0.6132041003778587 0.3722397771827689
12 500 -440 -160 -75 0.2490859143182092 -0.17968487528610305 0.11478962692386818 0.919675750349365 0.35687935982851304 0.5097784407069739 0.5448396145373332
10 175 500 200 -100 0.08813528083946798 -0.19298545103165282 0.06653984457801265 0.7015906606857311 0.034011031335643316 0.07320979706114772 0.28427366023157097
14 134 -360 -160 50 0.06397586522827797 -0.22067296389769897 -0.11321027501111469 0.9109819386276578 0.6682562799175628 0.04981787187031517 0.7896162359897405
10 322 440 80 -125 -0.22130900024547773 -0.03632044908134141 0.11555850216347618 0.2782656002075914 0.8175351947457035 0.029292613404849233 0.11773869947810323
13 143 -440 160 -25 0.0153256014771192 0.19370634840868783 -0.08291060483167656 0.1074806552967863 0.15923082504298425 0.8491942657289582 0.10847436083524797
14 79 60 140 75 0.12029920972142771 0.14931993319528758 0.10635335690392012 0.34536351230852935 0.050612216562343715 0.43922205838603656 0.750618953702483
15 230 -100 -20 25 -0.14702225110921568 0.1504910334515786 -0.11714329109565119 0.25252776340364325 0.5790777414533332 0.16558223805807737 0.30536151719340965
14 171 -140 -200 125 -0.08652224421910554 0.15518402108194945 -0.18955326466224443 0.32001028178058377 0.02221236846571273 0.4849523746578698 0.17370346737170506
17 99 -80 0 25 0.050926306519071984 -0.18625799343801624 0.09282520109747833 0.36033575936443296 0.9509547912858505 0.029741894408797265 0.7031026110838245
11 211 -560 180 -100 0.2331958655868579 -0.05752235558584451 0.07908552089903964 0.05133608238985066 0.8526978800009866 0.11340505282567592 0.09389954533569711
13 174 -440 -40 25 -0.07194416876327209 0.22496495417444573 -0.1392337948617805 0.7898667964575251 0.5369834107314339 0.7282745721284447 0.058775192547143806
15 78 -580 -80 25 -0.010125208951375197 0.1865579905032269 0.03941025311502533 0.33489860736240706 0.38316240549907243 0.3248741278076843 0.7044362931296946
10 355 0 -60 50 0.23048250742600412 -0.023034450102333293 0.19412310383549974 0.3800517480715715 0.06430341115181681 0.24834018754799259 0.6033059301916338
13 318 520 180 -100 0.2033719571719259 0.024888551606930043 -0.031828640661860974 0.671301801411613 0.34010118923620136 0.3326914858609109 0.6318723991357452
10 221 40 20 0 -0.1621648795476252 -0.2000177615351207 -0.2448529970355896 0.04901182908847834 0.33505292920949326 0.05320054744636771 0.999234508138241
11 257 180 60 100 0.2239836002982234 -0.13540087778479848 -0.03496929708486468 0.8537880128550696 0.3809027594975788 0.6608834732027783 0.3188988348991866
17 334 -60 0 -125 0.09163977693077385 0.16087074244498806 0.021574254036075213 0.6812483196044534 0.4771567212528439 0.946478604836198 0.702365413219765
14 432 240 140 100 0.015477617369878849 -0.0510761048918032 -0.23002969819924357 0.8337203836512826 0.7599419930947741 0.6594209667729979 0.880890462806363
19 400 -380 -40 -25 -0.09659594174567782 0.11798802470061731 0.14370799553209995 0.4846728936570668 0.5352898965203996 0.5665256148348681 0.2747046856728039
11 153 460 -140 -100 -0.20592018127721767 0.026749636122178344 0.09800215023448289 0.8778999044282502 0.585515148151277 0.6230180361902677 0.6173050565794104
14 181 -540 -160 25 0.07700111878515958 -0.16641121650869628 0.017880333862804243 0.8771018100316266 0.1569172223002967 0.717069325140093 0.354471320050161
16 299 600 160 -25 0.03405144503203961 -0.007444984867109261 -0.1799413292989367 0.8028097314036444 0.7145767439199886 0.81625016528736 0.3471578390345008
11 328 200 20 -125 0.2280648178231764 -0.06498485777239671 -0.22015490279057837 0.4563783285763041 0.27451965735116024 0.10193614835327258 0.3943175981646452
14 490 160 100 -125 0.05999695387432247 -0.08132159048817372 0.030856682919994383 0.11702980292681364 0.06278481238957323 0.031140430212784898 0.44189915876842245
13 450 160 -80 0 -0.19108658197729445 -0.02905559724946094 0.06698192068544156 0.7811917720686928 0.6316788775507566 0.3875745729603485 0.45842894809318147
18 217 140 -160 25 0.09512070441799092 -0.19073007827706523 0.10699431307270285 0.6943633258146499 0.0329401566421611 0.31245686192405997 0.7605256092532535
13 428 520 -200 25 -0.010529981351056872 -0.24839769417146723 -0.12445516775414789 0.22258812005935558 0.44811162216361966 0.6772445343792852 0.7343658481844166
19 92 380 -80 -25 0.06575052400370396 -0.19456888955810614 0.1864631223501939 0.0653433722518415 0.4131867179448635 0.18075275037303096 0.7846637221383038
12 140 -180 -40 75 -0.1784893932232977 0.2132922493567066 0.09323658819898667 0.12095890184486058 0.26594114709668404 0.329372900384184 0.664230270175922
17 185 -600 -100 -100 0.17754392168993977 -0.0036574075241282977 -0.10658109824451112 0.863465827869483 0.8627905222111546 0.8196761379402265 0.7775851106633395
19 186 -140 200 25 0.06327250100556969 0.19713243971081496 -0.13640996852385157 0.8305428591578835 0.16452196908883665 0.5515543762350484 0.6624772121279084
14 381 600 -20 -75 0.20267474668573743 0.17811742629574823 -0.13187858230380295 0.8189536350211013 0.6307396729512118 0.6097911986556119 0.943491818902035
17 406 -400 140 50 0.1669215927059451 -0.16479349606291865 0.10212984795600583 0.9949513258591535 0.6004804368378845 0.3393242365814717 0.4609222023353934
20 61 380 -140 125 0.08151935127968785 0.1926197980856666 -0.005503923395080101 0.5791142736740632 0.6422560574855055 0.09670807163614514 0.47740181608233145
20 393 -40 -20 -125 -0.19791904672802924 -0.12090623813719892 -0.0932745033632999 0.7961922110039856 0.060309572094156105 0.13731436973871558 0.8962533171762619
12 287 420 60 0 -0.2206127987660681 0.212648336719797 -0.05857807607418325 0.14788564779681435 0.4317818172538266 0.7461917511912819 0.30804124124727805
19 179 -420 -200 25 -0.025030552780040627 0.10307562984320273 -0.13507519155825204 0.007178208477342962 0.28643956650387625 0.9649839015184772 0.9407660243382401
16 462 -60 0 125 -0.13849986010311827 0.11506136809186673 -0.0006280100481944051 0.3779709375873992 0.03366262874092141 0.571229679801462 0.30711624167389373
11 427 -560 60 75 -0.24999731582216234 0.21599227766197304 -0.15985915406963025 0.8794773759913563 0.4107199830653544 0.4635017790938518 0.9586346078690262
16 71 -320 -200 125 0.05716340107804174 -0.23638793017432125 0.1950505128600607 0.5930871000242429 0.0893221169666002 0.2664305305587248 0.11444816492424081
14 421 20 100 -125 -0.1508841832985991 -0.01866521143200639 -0.009676290296645629 0.07563835887729264 0.6491812280014022 0.06661136012135227 0.734394303408838
12 75 280 -140 25 -0.09889644962755795 0.041332928642468014 0.1621296816372429 0.5753691074345298 0.868359765200835 0.020068343149344248 0.9265065641996098
11 293 -560 -20 50 0.020188381661569166 -0.21306892817634815 0.19713322968023095 0.9484293895095719 0.8551333334981323 0.10132866783331762 0.3204840689370634
18 205 20 -120 -75 0.03568194943224179 0.07527084688292629 0.23811746671523892 0.23751947356144276 0.3343361199443827 0.31278864869185163 0.9282677018348201
18 384 -540 -200 -50 0.19169554038485026 0.2268029366729451 -0.1794585394447339 0.49329205606132387 0.3932633581118732 0.4219143252406017 0.7308599272461173
14 322 -20 -80 -75 0.20468922984718096 0.21941190958936146 -0.11456681298644644 0.02806652811666477 0.46216809422748506 0.3728670082941342 0.4005592981013366
17 81 -220 -100 50 -0.18002104005351616 -0.08346994882860326 -0.1264187636175606 0.6221850620528254 0.09406555064768374 0.12513410120840363 0.4909673182534865
19 302 -160 -40 -25 0.10900799687281643 0.216682690586798 -0.13418916635256561 0.14428156703384343 0.49901076429444613 0.16006625212875403 0.33344420746384684
17 489 20 120 50 -0.08522528009236946 0.2384491732640454 -0.23130627760716282 0.8838172727607806 0.28039206735553357 0.05550350627427325 0.9977563245111443
16 69 360 80 -75 -0.2099061590002636 -0.07757999330607707 0.07490166023761086 0.015484097027510746 0.17282978001673832 0.07137011237951563 0.7252010853945245
12 342 -460 -120 75 0.06478133221530474 0.07758172120967333 0.08484473701303763 0.3506733759812838 0.17012668098408035 0.519244718358202 0.47174896504674035
10 255 -540 -100 50 -0.13431307226723938 -0.0005046617279516608 -0.14571069390948865 0.08365504274432667 0.8924937824008765 0.8447210654683375 0.12743890957709592
19 324 180 40 -25 0.2007989665057946 -0.19686991497002798 0.05995951030077834 0.8252453100933013 0.16037491770332413 0.91192292852866 0.08896235184376378
11 330 -420 80 -125 -0.1069897700633462 -0.07443470460240059 0.11626628787881399 0.7813209658110349 0.7495054585831253 0.7712839995490123 0.828899682922625
10 23 -300 40 -75 0.010080599458922701 -0.07768616717625143 0.08266227667019083 0.24813773406124484 0.7468402641443298 0.4943855800498951 0.1742891262181807
17 303 360 60 100 -0.24216504151011004 -0.017540282899287385 0.11435484953143654 0.7628769550650057 0.9827373886404912 0.3917814546020404 0.16352657291115114
19 4 180 -140 -100 0.15491659727468998 0.24706908278472994 -0.24015347103702495 0.23209981049436967 0.3515689205239251 0.2008465551417612 0.9435710918128066
20 435 -100 -100 0 -0.17057962199556065 -0.16033079914742593 -0.10457302653267664 0.9487435868169956 0.44209253717099595 0.9856239437376243 0.6378613972596855
10 420 240 -20 -125 0.1484116275724388 -0.14996294054730386 0.1531509987094083 0.5812617042040851 0.229529694707988 0.8512275278623181 0.10588492287110196
14 457 300 20 -100 0.24730644348813186 -0.1306110775388835 -0.014697545853983307 0.9996103404104205 0.9084236272561829 0.03777501815653528 0.8680075174186136
16 4 380 -140 25 -0.1060171492799813 0.10070085330668493 0.22835485082309387 0.049224150533313304 0.6317086201945172 0.7124961235613583 0.4279948774583586
19 132 -100 80 125 -0.13491567652737063 -0.01137366782594551 -0.0013819151574651078 0.9928848955149128 0.5372060966285068 0.41565421024170324 0.24038110398659562
18 206 -320 -20 75 0.055251489288796696 0.11966647249880025 0.19891427347376178 0.249189050175059 0.8486940719441798 0.533938116897125 0.9963216493410759
17 379 -340 100 -75 0.09268885811410033 -0.20991600696284013 -0.1540258579878312 0.130333489842122 0.15335724738153822 0.14590514949959843 0.197118435694274
16 146 240 200 -50 -0.10191907847164261 0.1574225759414662 0.00037835363758248475 0.19808788330796345 0.08896435860118501 0.8012051819878062 0.9511623268968161
16 247 160 -160 -125 -0.026269796557878144 -0.1396195878360827 -0.017101559510210695 0.17835402422805635 0.6935837480387471 0.4753636841209926 0.2883994666418477
16 219 480 40 25 -0.18466423561461565 0.04342841996065 -0.2260986892745176 0.936303642569619 0.18554375919493304 0.16188551490956726 0.9853251939432173
14 412 -260 180 -25 0.07961788691997246 -0.10111158292958672 -0.04778889512867829 0.19319116249798118 0.4294285521820004 0.2409079659766611 0.685465189675083
20 235 280 80 -125 0.02957809032007752 0.13439243683696417 0.22634490004992192 0.2313972598852454 0.22121002793133704 0.8803970588737619 0.420063717054457
16 179 -160 -180 125 -0.10612978716412985 -0.11979482013573806 -0.029373892950395386 0.8597399505054388 0.26119331809931046 0.41398802221464504 0.08279251344733485
17 208 -260 80 -50 -0.08514478631975425 0.11076917139582931 -0.16761492348522944 0.5811863941825456 0.17077946262498367 0.6354772645572516 0.23635122460544444
16 335 280 -60 -125 0.147171773854053 -0.16679153902366234 0.10067315827121281 0.7753060114239729 0.06561019649966959 0.5619419924441804 0.21795215007642998
19 238 -120 -80 25 -0.1778905537611099 0.08587805189596398 0.2268616081357666 0.21469300462289775 0.02651292008695816 0.9870626834503821 0.15914828719698915
18 462 -80 -180 25 0.03717382832818372 0.1999814850015339 -0.24515989664270194 0.06821610165814163 0.2499566869148827 0.005811395920372164 0.20251810987693397
13 212 80 -20 75 0.11686976710260255 -0.10008375529956098 -0.17112997850634937 0.9549060126915215 0.8107552723213896 0.9519878195137241 0.6210381875395952
10 138 80 40 100 0.05220754349046641 -0.11695695223970298 -0.2001416289521451 0.5533873543919959 0.34590406937276597 0.48243741297814147 0.4388334391676044
13 60 20 0 125 0.006346132018904105 -0.03305229762091344 0.17474057769538615 0.37021070012948487 0.13338862096322412 0.9340050496548519 0.5678097059483581
11 245 180 -20 -75 0.050575602714551804 0.2168837466351104 -0.19460354218136994 0.8013918290722877 0.15381546415882807 0.455256840208757 0.6868336934095374
10 33 140 -20 75 -0.0677170828515069 -0.13961746742341263 -0.22593252103028494 0.4467761348561131 0.45134524724103153 0.338032849527959 0.3257279936814208
17 107 -140 -120 25 -0.07609231772749714 0.06287603114719764 0.15366975907996977 0.9085861825909963 0.8057151864619521 0.9855783333911816 0.7626820663272612
20 396 -540 200 -100 -0.010494065936594299 0.1273696152819606 0.1588308038364421 0.7885128213287821 0.8663967397820185 0.48666897259614894 0.7372874511362055
20 225 -220 200 -25 0.08061103773676259 0.19710336396037526 0.16098663844762423 0.9482308219034052 0.875410326621121 0.4792930998308266 0.1671357817681417
15 449 -60 120 50 0.14153486639835983 0.04419032984330318 -0.058741273751733436 0.18904656275420206 0.5361415076550575 0.9805291896559375 0.8791529785749144
15 83 -360 200 25 0.0668320440612275 0.21188406793848996 0.012594789826015973 0.449551251455956 0.7732640519345249 0.8978843225749504 0.7843028734435703
18 144 420 -160 0 0.030710397650598242 -0.17826379726376435 -0.07944411314960859 0.6059361754575925 0.28935704368431525 0.354126114146194 0.7301846067470622
13 146 -500 100 125 0.15588416422070434 0.14039512330135712 -0.18454289318697503 0.7641047397965275 0.3514282048022209 0.04930203718488635 0.061984892542878534
10 137 280 80 25 0.07209988983460774 0.15079180731503544 0.2458535791953383 0.12437275836681605 0.4030439846056636 0.6166127516430591 0.19486762088531018
18 364 320 180 -100 -0.2082862371216056 0.004204307850299183 -0.04346829552610043 0.23684016098405702 0.38109770174333213 0.99399088121566 0.3230425897767578
20 38 500 160 -25 -0.1992372496559664 -0.19998720125913455 -0.21496640316686288 0.011522108491248906 0.25375657709104993 0.29475796380154407 0.8265604703506807
14 202 60 -40 -100 -0.11105336279445188 0.2231577325317629 -0.09320005139171345 0.38870276803318793 0.2512177183049037 0.11093527209353693 0.16975327480260394
16 488 -160 -180 25 0.2303417183017522 -0.204721889084229 -0.14944689384341248 0.7906104599417495 0.018406732345940813 0.6885018587292053 0.7918450208185603
10 7 440 -160 50 -0.16475806630286516 -0.1740622466712219 -0.0701640964793609 0.9501480709330692 0.29369307059993666 0.684751801132625 0.5784193212668186
16 314 -580 100 75 0.041686426293146506 -0.1973169174990982 -0.1989902836969803 0.11793775970920062 0.44825739082215343 0.9258244243494225 0.22162453594033604
20 331 -100 0 25 0.06152378047432222 -0.1971588488234564 0.18353677450641598 0.02158983089707378 0.4604414813500033 0.7853638380460364 0.21772974922604071
20 22 60 60 0 -0.10027242996788133 0.17574241870908858 -0.1626431735386079 0.6074672251160437 0.6510814845415355 0.9909489159055348 0.1672616085439993
17 267 -440 -100 50 0.12729659640543467 -0.11343420291169204 0.12226238255603672 0.7290500853043838 0.43765900228679144 0.9643392335876638 0.013659456488649746
10 275 80 140 0 -0.03948301084721412 0.15537106248503119 0.023485019186296807 0.34580318052716197 0.4789515811301085 0.6820200254089513 0.7379355426556661
16 452 520 -120 25 0.20318170252383216 0.23463445442568776 0.012189135683446872 0.7349533392973947 0.20561337875951635 0.5312296273565065 0.7339684514183743
14 294 -180 -120 -25 -0.13601027015450445 0.07914878641931045 -0.19018878582759635 0.11108366567555661 0.22536651057515888 0.8446707539872788 0.10848059237917307
14 78 -600 -20 0 0.08902319361416317 -0.02537561003947464 0.17026794999520578 0.6180919350013597 0.22689325946915628 0.7585528970414719 0.03518022794023945
10 274 160 20 -25 -0.002462016917482601 -0.15500773283831343 -0.09686547540518348 0.9226194700746723 0.1804073247308503 0.7367052782679075 0.4365620952345658
17 335 -200 40 -100 -0.13341139900809112 -0.07394510087775102 0.0971273883922702 0.35815684119226476 0.2324484062947283 0.3428029552313627 0.8195177066235162
17 436 440 60 25 0.11784575411248777 0.18613826425550795 -0.05714785290317981 0.9063055881282465 0.09605626784538857 0.14418090633152014 0.3196884765685829
11 199 -560 -200 25 0.1607457982088064 0.018011933039468908 -0.036337219935256404 0.29100731678030267 0.828141263520477 0.5105659387077597 0.9321415757796485
15 157 420 -180 -75 -0.23919424586491683 0.15081903696115845 0.1614129075977565 0.5789286661287635 0.19298001718081714 0.7633747937837325 0.5231790012723035
11 291 -340 120 0 0.023755303744211198 0.13265122467177132 0.23985788199453062 0.2440687083118157 0.06746276257289996 0.4301231079378458 0.8617255101682549
14 29 -100 -80 -50 -0.035079981404171345 -0.18965952395999908 -0.03991860292568378 0.4390278385448336 0.69936197544218 0.41257642261206384 0.721530585740334
17 331 -60 60 -75 0.07419175365833897 -0.01120255251419916 -0.1917013557946431 0.8870632797760086 0.5693293934481047 0.3879371052590912 0.9933751833344215
17 135 -160 -20 -25 -0.06781009226163132 0.02295238010155387 -0.09237751682811479 0.204128078889395 0.3852838066587799 0.7546700859747634 0.8449925205450792
18 366 120 -60 50 0.24236696566129073 -0.10529767002882945 -0.059884651732042826 0.2645096068061187 0.6077058858861231 0.5925415476002031 0.800243909536075
16 157 460 80 0 -0.06507922301689656 -0.1668700451994602 0.03965734574345864 0.7034186184667973 0.1401130278848639 0.8125874963201378 0.0025259148447049906
20 178 60 -100 50 -0.044845738286306114 0.2136958557540325 0.14010093686168945 0.6530992269218855 0.4950961828873096 0.9017035894075272 0.3696302783831751
20 208 -280 100 -125 0.07607161180173438 -0.12360017750572333 0.08499741598463806 0.9824701984600518 0.4272098976001707 0.14373774351223 0.42967878973549156
14 124 0 -20 -25 0.22656403778808176 -0.11655960344915028 0.19775900850365857 0.3581825954192892 0.2156415817616849 0.3678783317160619 0.7226317711592511
19 163 -360 140 -100 -0.18438851285708774 -0.049462247139168525 -0.017095362772726164 0.7997746107586629 0.9465213614865765 0.8291255563787404 0.2500021205872828
15 337 120 -160 0 0.02387245482825945 -0.07953817980943056 0.1413305190415134 0.498799633857276 0.680786372840582 0.46123406717643467 0.06153432021265137
15 416 -160 -200 50 0.03721424905993326 -0.1603028395123542 -0.13147928059000868 0.2251084347971557 0.2237530915905661 0.03206932066577595 0.301695138564793
13 440 -180 -80 0 -0.22591510161577844 -0.1638718850197608 -0.08311330606423867 0.7038045193844601 0.6449122626345711 0.8772623364535462 0.3404170298314737
20 226 520 -40 -25 -0.19430505273495835 0.2466752203771269 0.20886937844885783 0.35437676589499256 0.46899908472446084 0.9839227949945827 0.7903365958921985
16 58 60 40 50 0.0408605295015082 0.11859170358727089 0.15806974098995297 0.8227752827243323 0.47174540853992675 0.4475481276030273 0.35745366997972317
11 124 -200 80 -75 -0.1556151099220554 -0.05330104620768411 -0.16200671450270876 0.7991312505398287 0.5594753912556129 0.8906379926838556 0.6814483712079905
14 267 240 -120 -50 -0.039323535227030304 0.1904551945506926 -0.0670421562382949 0.8356664462452269 0.8560711132580233 0.023454914410190764 0.31815764178186345
19 443 -60 -100 0 -0.15718365307017446 0.17337281147175432 0.16504632418530912 0.7414822490244406 0.6719581121476351 0.036681193421755465 0.8883014268495036
15 326 400 120 125 -0.22314588096685378 -0.07724334927951648 0.1524351892695629 0.19138964323101626 0.26638201782610693 0.5374744434033771 0.5252639190234535
14 228 80 200 75 -0.07394858919208597 -0.1697552731128526 0.18946042488197617 0.6542842673033109 0.013870340511643486 0.7260154881612588 0.8785772971364494
10 42 -520 -120 -75 0.1319303401405023 0.10833611190170994 0.15225340694912687 0.5555394986651718 0.9672937443726586 0.472825043110801 0.33548058412707527
15 149 0 60 -100 0.0912576559603161 0.24061217098035176 -0.050794464182514154 0.6999838996170271 0.7926214907873598 0.9766108511262789 0.40428881177985865
18 227 -540 -60 75 -0.0755456106275772 -0.08769405448090967 0.2385444290283389 0.6014527655270288 0.3845458254566003 0.604627372190792 0.48015371253192307
15 451 160 -120 -25 -0.24731499100411647 0.09845225492144727 0.007147290245070104 0.04672276305422085 0.5145558509779268 0.183989344737731 0.9766298787120629
18 90 100 -60 75 0.0022812334809625967 0.15096563242800792 -0.13623934519177977 0.827700913253441 0.09384597978232312 0.8718738739713423 0.8292694859791475
19 313 600 -120 50 -0.10973375806029606 -0.06605572001672322 0.16344422093876737 0.3310072248108956 0.5063647109514864 0.5580816498592581 0.0890966414095472
17 162 -120 100 100 -0.13316617536518843 -0.2075260332172158 -0.15614318734045896 0.7411487215333687 0.62060306756366 0.3691597410848181 0.5738001853291536
18 87 380 60 -100 -0.10877834069902492 -0.2184886976221701 -0.2221743145857547 0.5642356315911016 0.3424856264070175 0.9077465307428159 0.35924843570032494
11 287 360 60 50 -0.13828699502977315 -0.1077490349334787 0.1571720199701132 0.22306324951837608 0.2670858902180816 0.09950777966386093 0.25724819288242895
18 181 -540 120 50 -0.18736623026676769 -0.1685473185511565 -0.2246960320766444 0.6423210266644502 0.08407466959565402 0.9616145724968407 0.9117458780657772
11 388 -340 -20 0 -0.006813480822559781 -0.1661630221785131 -0.08100164841427493 0.45526338956570367 0.3376774428266308 0.06779913252973913 0.1850801877776932
17 367 -600 -120 -75 0.16167138827601735 0.2421363546463675 0.12804122350155056 0.46386203880703925 0.23091812405246237 0.21882349829219638 0.7354493729261959
15 174 300 -180 -25 0.17116775645169674 0.2267019141332387 -0.15744640430116086 0.20614532198779623 0.8677562762173997 0.2255308044940122 0.2139034292209394
17 217 420 0 50 0.20533907499626003 -0.08634618475766048 0.20685488330681728 0.43147486664424384 0.4577422007937034 0.24313991883293884 0.40759573847801267
12 383 140 40 -100 0.04332443799445901 -0.2003743786024546 -0.049943353478632546 0.916311363887338 0.11777961060218711 0.20331000593476478 0.7655153550167827
11 396 -580 -100 -50 0.13229054539193064 0.05386585487220358 -0.06944029217560693 0.7039634193894293 0.9709857006756069 0.990660386912729 0.07619068814180108
20 425 -80 -120 125 0.14871158287606556 -0.12268478644479341 0.10368089242777317 0.717741325130644 0.03432892407923149 0.2640514985547222 0.27848375328845565
10 390 -160 -160 -125 -0.08267411907842309 0.06095708768158775 0.13801252377392226 0.25760577431174847 0.13251718845168625 0.3305464632392632 0.7451852832696946
15 145 340 60 -25 0.031482948485787254 -0.10176029250150886 -0.19217483317299083 0.19962123538695897 0.3088169325639142 0.22420121647557234 0.5510239411557541
10 190 320 -60 75 0.1300785237233658 0.057743085416731066 0.10177702741293737 0.445570505429584 0.1087967453690426 0.6387437001942713 0.3368299493920962
17 355 -240 60 50 0.0762723060435066 0.2447838532241028 -0.13693832268248307 0.27856052387516905 0.9434403707270382 0.7408939693491334 0.7585077927461714
20 234 -340 60 25 0.08781554506375844 -0.0049280798174440865 0.12448232411796567 0.3932695623604495 0.05841756683332744 0.7285364564474281 0.08668012496379951
14 262 -60 20 0 0.2114803171750807 -0.10572684557041773 0.09281507064053585 0.12038660376687782 0.4250372759651251 0.9328808621706518 0.9867471029386783
15 369 140 -20 50 0.19439179769221798 0.227091043165903 -0.13179826168536796 0.20442400599660404 0.10589429944812934 0.31263849062707283 0.03805472037615454
18 434 140 -120 -25 0.17515096953325082 -0.06136321136488082 -0.05299168076660665 0.6676342986065958 0.5314623556092947 0.0030670571044362216 0.8662805730582253
11 32 420 -120 0 0.1455266010367462 0.2058131683517902 -0.21769593308494917 0.14877272805020947 0.24012609205591495 0.22499314605355525 0.342982371191734
12 104 40 200 50 0.1022671789866395 -0.08985849429672427 0.20614862497406078 0.1340953479752286 0.791778945319781 0.33189498587597555 0.7436041366098501
10 12 540 80 100 -0.15397227673377295 -0.00820868223102017 -0.032470719218037125 0.5565477643432051 0.5988662011536462 0.4753446587174389 0.3273203842518684
17 334 -400 -120 -125 -0.21709294635806703 0.018712032346054452 -0.22171123965395778 0.8621022277395657 0.947898651387522 0.6865423741615896 0.6182053577720534
16 229 460 160 -50 -0.20501253328915137 -0.16859374313238057 0.2316214972580951 0.3245672580652813 0.7179504056216268 0.7856726304673733 0.779245738650592
14 194 600 60 50 0.14733859367140373 0.0020777701446765273 0.02955265930140938 0.7421694023050819 0.3021066887357827 0.48606668232259975 0.4000322262231012
17 12 400 0 0 -0.05249748357941847 -0.24739182311419472 0.24418063480053964 0.9690994822761315 0.7009426835215817 0.05094185908783888 0.7011431399667488
12 336 20 -200 100 -0.0026107701692240637 0.11904758548397915 -0.17519735100912948 0.08214143938837914 0.796515389937774 0.7374591413207097 0.799162336397001
19 272 600 160 50 -0.13908065688992155 -0.04609071909827239 -0.13607753756796803 0.023965503186805015 0.7829594396981938 0.7263492018574697 0.14503727366362917
17 222 -180 100 -125 0.16278583510563188 -0.20068182347330238 0.08865234914555425 0.9129573701350979 0.1590382268478686 0.7546109772770615 0.8338662545019928
17 496 0 -80 -125 -0.24426726269848115 0.19861922208912508 -0.22590867788840074 0.6516999677278448 0.7149241639316535 0.6478165930700384 0.890386139410036
16 254 -400 120 -75 -0.027436274701098495 0.1120357234781083 -0.16454931672089523 0.31305139385214764 0.3193906083410669 0.016411729191699642 0.8805668068872108
10 21 540 120 75 0.1538423068947639 0.22277823768738308 0.22614983858262944 0.02803758479553098 0.24203411319595147 0.5619586279644768 0.0352029937743048
12 179 -180 -40 -25 0.15752326578570508 0.021756420925140352 -0.18570609632448648 0.35878341203857067 0.948628135914924 0.3050794581762182 0.3505862973053383
18 26 400 160 100 0.05444303175406595 -0.17319420326252366 0.23696709219512374 0.2368428913947418 0.7378142380816548 0.12317910425653678 0.691996382864475
14 228 -520 20 -50 -0.04283257019694875 0.01733142222913625 -0.06273532546048932 0.4746860566707344 0.5393145080976728 0.6891823335195055 0.08455822925034773
17 261 280 180 25 0.14214510605671327 0.06536036970984116 0.016241028536092716 0.6872384473394848 0.7271925196799248 0.2358149766994979 0.5632342307940025
19 66 -320 20 -100 0.1988536930504739 0.12718389075501668 0.0204333177287907 0.1688573003175614 0.918271115245509 0.1794297425829211 0.12658990685451277
13 387 0 -100 75 -0.19907873040371515 0.02318380160701916 0.05284339148855721 0.004592328693246661 0.5781188159843718 0.8240780378239488 0.9897577047890936
20 260 220 -80 100 0.0971770378150964 0.1768666274720761 -0.08327913860530406 0.48404899284848424 0.7711648235502176 0.2054660451812651 0.07713883770216257
18 38 500 -200 25 0.08977613854889172 0.12258647148768786 -0.18661963573512103 0.5032899552632379 0.48805700662418905 0.7278051632938461 0.1990059307890305
19 431 20 -60 75 -0.24959827582625077 -0.06583834872702637 -0.22625641472464114 0.9976183744256545 0.18607142062684212 0.7452747219090236 0.6991995441443588
18 303 340 -20 -50 0.16873694310819132 0.23275872499010603 -0.14776140025802714 0.5660992109557714 0.48385831208999 0.9829083503193913 0.8369393621537305
13 72 -280 -140 125 -0.19499338422051532 -0.07431266700876388 0.13492156675529027 0.8563349797064185 0.7904509037091568 0.1483623413080123 0.4519671284722756
20 451 520 60 100 -0.2460774093562803 0.13618928170205863 -0.16852980455526512 0.7445781147644329 0.29855590061317416 0.920676680627107 0.24771905173143494
16 473 500 80 -125 -0.20365571346553624 0.1785652084728105 -0.23282067258112982 0.537464799557372 0.0078663262961719 0.049972229031799764 0.0326813432985017
12 406 -160 -120 0 -0.006353496216590371 -0.07747138285229982 -0.14561024838481362 0.06760430337920242 0.5234680049866747 0.08757957131081895 0.13652106378396078
17 312 -100 -100 50 0.17751550151577605 -0.0470725172342939 0.11618543094297262 0.2547004997879845 0.3635019478092012 0.4598417300141062 0.5011678227254693
12 220 80 120 -75 0.09802178624388963 0.21379349461417058 -0.12041691905020963 0.7560393931412832 0.2504020619779759 0.9970439127418048 0.028647133553976967
16 158 -160 -20 125 0.1656287946300149 0.2273135221417643 0.17967055804308535 0.3642121574503123 0.26064890265665874 0.1792223099388185 0.0161421254245252
17 427 60 160 0 -0.056402351263209305 0.0430817824505586 0.12372807770955802 0.14342241625611996 0.545233499587673 0.09403433512087012 0.31118011322955896
12 297 -100 -100 100 0.20977823115657535 -0.21546636455946516 -0.180593427696003 0.06718877544888457 0.5526733523380619 0.5401038966582353 0.45237686288730916
11 453 -340 120 100 0.08075508613535559 0.1543857674640619 -0.07853966932551049 0.13569972923798046 0.17444766694992342 0.5659867612958213 0.27954319695867624
11 73 320 40 0 0.063596345031871 0.025389374903363904 0.07575004204821167 0.5445363211829746 0.2798026606398242 0.9835548604485602 0.13541539050060558
11 170 -20 0 25 0.08543213395149862 0.12193387090921204 0.2212534938261655 0.07627312232410477 0.18659775862066108 0.446710732508772 0.5302684783214211
17 474 60 20 75 -0.21073008289566875 -0.09234458318711364 0.024474862894274585 0.8863420859580111 0.29694323788620025 0.5567494628310243 0.45925038817509867
11 450 160 20 -75 -0.06057285216185493 0.1907884911019897 0.23359259838321478 0.6828194463869338 0.13915807128333535 0.31470989867678345 0.4275418703877588
18 364 -140 40 50 0.04361383679785763 0.09917950910284162 -0.08180012136533127 0.29917342239567457 0.38748052132045596 0.3840981604944582 0.7281168312703203
20 241 -600 -160 -125 -0.14060316386457067 -0.10002338958685775 -0.07655478060973303 0.7782662122979538 0.10485899661941278 0.7400515280893665 0.3362874843574061
20 402 360 20 0 0.0828478270151432 -0.05557226185443287 -0.10406539575644508 0.8340646411439833 0.1648679371477242 0.08655722008903743 0.324214736956144
15 483 480 80 50 0.06763816154512908 -0.16078917416666805 0.09331519298459634 0.37564815431222587 0.3796108079383864 0.7245250620559606 0.7848061628500939
13 158 480 -180 75 -0.13345958796546376 0.04781363453757426 -0.030004572502254412 0.14377429206661885 0.17764688987774935 0.7859944255577596 0.717954615843872
12 71 -500 -120 -25 -0.019637567878361017 0.09910370014821951 0.23151795723654067 0.19342613707112255 0.42690272212107616 0.12348895920872727 0.4358947340833733
17 121 -500 120 0 0.19441188478694738 0.015398228773385425 -0.06466678691840855 0.7934962620248976 0.3651173106061506 0.26177812486225227 0.16039621356845213
15 244 -200 -80 100 -0.08963470588356137 0.05027313617091361 -0.11421310714172145 0.9484658936778322 0.16700822509448687 0.5567284528015239 0.2118203685182869
12 133 560 -200 0 -0.20262896182602913 -0.13209237153019282 -0.07701078382088655 0.7253047089092127 0.24952399024749028 0.6544345868955499 0.28967552874517044
18 204 -560 60 25 0.148123017938731 -0.15632843405055735 -0.036982026476323704 0.9325692948856912 0.6980910891116061 0.49167128249938663 0.4214191843139269
12 424 180 80 -25 0.04205668106597632 0.04493676463382895 0.20978024375059529 0.5049897397944374 0.5627010531508073 0.3256493592205254 0.7160801604518359
10 103 -40 60 -25 -0.07021489978068152 0.12703789379362374 0.18076945706501368 0.4967388680974779 0.9948051130175981 0.12685522138967653 0.1987970052925947
14 37 -240 -180 75 -0.1861380671158105 -0.033433919768403875 0.14623769031192557 0.7592044992891244 0.4908744276892283 0.4838752672540553 0.9426914328164487
17 473 360 -80 -125 0.15557521335543806 0.1116306819399035 -0.18407115267174207 0.9969911672201403 0.22216293606019988 0.7575743858364765 0.7997950646028831
19 379 -320 -100 100 0.2106008041303808 -0.008097938977865538 -0.1430804479970441 0.0501536440048993 0.6609832292535825 0.9759299005411415 0.9774234230981534
17 18 -540 120 -125 0.2072618800813047 -0.020585879084796532 0.12666236608464343 0.5455184883827606 0.9057766645646529 0.0626268267240001 0.6086124501307961
11 366 -360 80 -25 0.2368538946479975 -0.2039400516226783 -0.054682448258278615 0.28464915484213393 0.28733327092585614 0.2606864241503234 0.6023626861714593
20 273 -140 40 0 -0.04066980582104174 -0.12365427854166344 0.04069289605195653 0.709998496337669 0.38067803920684773 0.5017462841322821 0.881072352223852
10 192 -560 -140 125 -0.24748548224825706 0.22075905485140623 0.23306610456336646 0.13691204865050155 0.7219671809085623 0.3435579981930781 0.8217881995595959
17 345 360 0 25 -0.023185042785896004 0.2151256972019414 -0.24898663116605357 0.8345229043030681 0.40968775433959703 0.8042400735728791 0.26358676000063885
14 425 -120 80 125 -0.19449123630023918 0.22384842922762943 0.19444945924984047 0.09812609626698499 0.5640030115386645 0.2212463351466175 0.817782160553026
19 431 -540 -120 -25 0.19858302444957804 -0.12365543042458849 -0.2192888847566627 0.47970117085082586 0.9765163399509237 0.3813566760867705 0.21021582776570003
15 404 560 0 0 0.21929175972558362 0.125188891701633 0.2163950337374166 0.780774796739761 0.9016972275325353 0.45525355831877823 0.12069846521584182
12 419 -460 -140 -75 -0.07921843838096893 0.2244641694885059 -0.19785909240398108 0.0958132263867435 0.5040455231879842 0.4915857243546682 0.1585891241086821
12 121 600 -160 -100 0.015678660322666738 -0.13059877584989904 0.1698802491209067 0.0254990497222104 0.7286671283745438 0.8601999113024938 0.4491204380457302
10 453 220 120 -125 0.12434671922382645 0.1759493090173318 0.04146089751381038 0.381275358214511 0.7929460999455508 0.5659372812260326 0.6782032441522519
20 344 -380 100 -75 0.06676702204930118 0.11843985264187534 -0.04159216787404796 0.3465185560637868 0.22180888570871848 0.9866497166887741 0.7660209208619169
13 218 -380 -140 75 -0.20321047211257554 0.2055599913836076 0.1682547959042175 0.25519547734955295 0.8663745599002656 0.7791070700000399 0.03503061940413832
17 158 120 -120 -50 -0.12375547093537603 0.08123678183138666 -0.10883400591015946 0.1452479573791715 0.10612092310681942 0.08746730305068506 0.6791772493792413
18 317 180 -20 -125 -0.05726560664245939 -0.002266937177138162 0.23665238815453093 0.9504203807568886 0.7186104352269559 0.28549736337808795 0.07326450417626496
19 259 -60 140 -100 0.1309286915228659 -0.0016353096269886014 -0.13129347338458103 0.5152691547875105 0.5553459718211222 0.5077517716181782 0.8591961371502693
11 465 40 -80 25 0.0656716325148825 -0.07501979792323021 -0.21011306991173723 0.18178353929317592 0.6362139948038115 0.6115470452251062 0.2952065060330812
20 443 -440 -180 -25 0.004265620694345884 0.10701684637248038 -0.19796195023012936 0.6459996666448 0.1662268892479316 0.2204581723818696 0.9657214398899071
14 55 520 -140 -75 -0.010076753179855513 -0.035843529550773245 -0.18562923474507598 0.9080271513490602 0.34347631514313326 0.7410315284551469 0.19456853584557465
16 472 -280 20 75 -0.05438881643573645 0.08377355518388874 0.0758773195003754 0.740136997875014 0.8622685546832619 0.520562239946171 0.16046477073832743
18 195 -360 200 -100 0.2045229646622898 0.12233226087780735 0.0022404917109764 0.6837507393279909 0.12271626681564218 0.06958877563011878 0.35119004283490596
17 310 -440 -140 0 -0.10153660131776149 -0.1279937226432858 -0.04525830504607836 0.8059584111251787 0.6322398729778793 0.2396054309201292 0.35149454112491363
20 118 540 120 -100 0.2493640612710581 0.11965964410675944 0.12531292380104603 0.5790717731515831 0.47556942276312464 0.9499412883995152 0.7869292358554217
19 53 -360 -140 -25 0.17250188361155466 0.07984491952585782 0.20829829175091685 0.3745097063636721 0.04838395888762559 0.26914807593506074 0.6792454811888231
15 130 440 120 100 0.02177857820328022 -0.06076138582540436 0.1110235653480337 0.45145604610231704 0.3788792113465881 0.6314162150529441 0.518471859408824
19 83 180 0 0 0.11321398054564752 -0.1852422557358014 -0.21657783349338383 0.863850724974573 0.376471580176975 0.6359879152067055 0.06207254998385758
17 250 0 40 50 -0.22937676667799994 -0.08382901225603256 -0.08804101226130284 0.6941883334165833 0.006479739938720419 0.6017555591145967 0.8498757011213575
15 188 460 -20 125 -0.009480358342979278 0.06846282362447015 0.10453631857525325 0.4150066464741289 0.22550577408303185 0.7316291296244062 0.5170682124804468
11 376 120 120 125 -0.20369533456024153 0.14458728254797826 0.01435773200260354 0.9331180376106376 0.16871723318624132 0.43977479178854095 0.10064192807299732
19 171 0 -120 75 0.22134481941108974 0.011234295323048593 0.18472717260140592 0.1190793596294969 0.4916420873136117 0.940547546533976 0.4147128221630191
11 88 400 -40 75 -0.03559739712872012 0.033096928718787166 0.018896371206180707 0.8420896071143876 0.3861104829147758 0.4841725379620878 0.6477376173628333
12 172 -240 120 -100 -0.188761841412526 0.10364052629055692 0.22702150726903947 0.13864749906361695 0.5959023185562667 0.03788361670935714 0.12099923045971817
11 324 -500 -200 -125 0.01791660578665616 0.1454724420798616 -0.22672447903038195 0.9524607087421496 0.901582438051143 0.8264091587404573 0.8324672017821537
18 284 -240 80 0 0.05366517981455726 -0.013455057649548963 0.23765124316848868 0.1952362813867724 0.7583929747341173 0.3262056816349106 0.5572382337443224
13 435 260 -160 -100 -0.17652409120409657 0.05001601551384499 0.04010614863396211 0.9258064867886522 0.6358289982464504 0.14074645506123695 0.9385559597081928
10 357 -60 100 0 -0.08162030918228896 0.1253818582816153 -0.2154795930189179 0.27000699432230435 0.6537857172024045 0.600866894997837 0.448337693695417
19 305 500 -120 75 0.16637314854015078 0.054278271905618125 0.13865273607181888 0.8717809160599859 0.8761205917728857 0.06541975426677316 0.8272412191661648
11 231 -560 -140 50 0.14739950246488676 -0.07340940587362649 -0.07484782108656313 0.9895618051111261 0.8868080757190898 0.6717432677927253 0.9648919691513861
16 26 -180 0 100 0.12796525809128134 -0.17754375289982344 -0.09929169238428742 0.70058927001012 0.09546817314059997 0.2818435070478228 0.5173557151716052
10 117 380 120 -75 -0.18910541374124168 0.05709647891202735 -0.10318445961317296 0.8192689638221105 0.6406924949163515 0.6474562062684245 0.45806011933294843
15 85 -580 -120 0 -0.1028780378367341 0.12424765545052807 0.12961244329020138 0.25823577522253194 0.6553827558769001 0.6876291473646213 0.9177180127970668
17 238 0 20 -25 0.23031013532431904 0.1713351223542398 0.17952782261770683 0.23841960965462083 0.1603598369705952 0.7217219330320167 0.7888411291598848
13 69 560 -100 -75 0.2103735650220223 -0.17639553311930772 -0.08759529146471884 0.7598922883192042 0.9312903203832065 0.3927643704977366 0.8364195556154147
17 455 -80 -60 -75 0.0471464684791823 0.18207314806182168 0.18801564466556953 0.09911359760468075 0.3334947196435717 0.51616324425052 0.7799790351419227
19 309 580 200 100 0.2110934333704348 0.23762333392331725 0.026677376568872258 0.41266030578391544 0.8154459183176179 0.06693380168868368 0.19111545364754734
20 67 -120 -40 -50 0.1941312011654709 0.07737958958130237 0.24671373430027121 0.5584406587408627 0.07786963579534179 0.6413609403560674 0.613255040299701
18 180 -180 -140 -125 -0.09615166837239786 -0.009423212001534453 0.20290506516115903 0.057423142680112615 0.27536748966670177 0.6278267013450142 0.6597839195257997
16 355 500 20 -75 -0.046837414950133605 -0.04866952696769572 -0.23153848603623178 0.5481370258756694 0.7899123139862299 0.1064604344329031 0.5057283422450092
16 111 480 -20 100 0.10559618195323334 0.042864235965709374 -0.20782302959871762 0.8979831513884097 0.282164291699768 0.8031179831414713 0.6951783092307248
14 174 -40 -120 -25 0.03266545543312005 0.03090549712993923 -0.21752253514190295 0.7661531980582071 0.5689745401147932 0.6749580373045864 0.8795330917429809
14 487 -160 0 -100 -0.18969843028888972 -0.1485558161952954 0.0990804519921063 0.2880329478313004 0.9124261502071334 0.1425888322740677 0.5328867171068605
10 261 -220 -120 -50 0.015541915884887847 -0.061197735205497594 -0.20681734064887408 0.7677070974501086 0.48187883022706735 0.23029357399378692 0.5636808917551649
15 280 -360 180 -125 -0.2182891976272472 -0.24176771329495006 0.058198330580085444 0.8312451339327022 0.9279588529755938 0.558460704274916 0.20574995519289196
16 176 240 -80 -50 -0.04826394640845033 0.1766794573022964 0.012059663115001507 0.8778902653767339 0.45781428971648275 0.4017789785086462 0.8712975539873467
18 20 40 160 25 0.23057984004054205 0.03992778336439046 -0.23093999273137678 0.3350937431819694 0.5112408372405148 0.2900887671247484 0.2736709309562627
19 82 -200 -160 100 -0.20905940751007784 0.22673828859664125 -0.1069375894440685 0.805184976413309 0.1532454067906528 0.872592127369958 0.18646445731235295
14 194 560 140 100 -0.20215149181955144 0.06751971937984758 -0.22458584364122386 0.9324518396958875 0.9697436504398942 0.5322399201769666 0.9657507984987169
19 448 -100 20 -50 -0.21012666832354804 -0.03280255644108754 -0.1431072284329612 0.7306068018649318 0.3848411831942715 0.4227065587266061 0.22752069706511213
10 421 500 140 -75 0.13015250216533036 -0.13676113327315315 0.11435301589753555 0.3901868864734144 0.8039211299917339 0.7867667156079268 0.21960019335780212
17 78 160 200 50 0.11860492134062961 0.17783172494117194 -0.09909306550727282 0.7830177392175934 0.6532709092709151 0.9847611817938903 0.7687859111837229
15 69 220 -180 -125 0.05363875172916427 0.007748113571090176 -0.051684668939691925 0.6078053997246732 0.3815312564517359 0.23582383002321994 0.8178379350952851
19 158 540 180 0 0.2463000042375107 0.005979040115512868 -0.22062107567048045 0.26680655097472816 0.37938962053546965 0.27732577247033063 0.11286611088193577
12 35 100 100 -75 0.050025334642903874 -0.21879660327604605 -0.24566075443515467 0.1255173767988812 0.801009486687568 0.154571532200372 0.9116828199484318
17 182 460 -160 0 0.20939978548640698 0.07853820652964022 0.06712109183352666 0.9491829948584547 0.07458215935033341 0.022782462198482123 0.21034790825483074
20 436 160 -20 -50 0.14526899716042052 0.08227501217591454 0.008554696883514235 0.5962686342479677 0.8423803559509653 0.2686646788296695 0.13791357164786844
17 149 520 -200 -100 -0.050153895607841226 0.07663051238722435 -0.19040222422204417 0.984280773148941 0.40515549902762205 0.09641251490237324 0.6133509219803921
14 123 20 -80 100 0.03293008362477873 -0.0609729914680453 -0.016924807424666732 0.8556277000209177 0.7091175025795383 0.1088908780894049 0.5531138063291023
16 128 -440 120 100 -0.09081726987368888 0.041830597808451 -0.219642284996228 0.27261942335009604 0.2890526644146709 0.41907761081797357 0.08381428814911351
13 209 80 180 -75 0.03936847261593024 -0.17813695248963007 -0.21833563513402532 0.466775288351553 0.3799035472793608 0.7712228089329602 0.3767910031476054
13 308 460 100 -100 0.057358403740137565 -0.1400003431583925 0.04438519213561298 0.9828202018663977 0.84363885634502 0.9319404237097714 0.8311563555749518
19 99 60 -40 100 -0.0076200014577500474 -0.13592641102244102 0.19583855559616703 0.4038677316319349 0.7831476271695161 0.6949347615694697 0.6988475359645915
19 153 160 0 -50 -0.050497098287967945 0.11708464931345969 -0.09618222729215303 0.7441473850699476 0.9014589783768819 0.9673717333423808 0.24211610706411613
12 344 0 -140 100 -0.12949213358678036 -0.0973264135451889 -0.05232043842160222 0.19630861421723578 0.49229468022634437 0.654412579749183 0.1667980647057543
13 352 320 -140 125 -0.1367713233319715 0.035672190470258824 -0.020737480461179292 0.15844526064145903 0.7688609533352493 0.10035463479047624 0.5305325358958589
12 144 -480 -20 0 -0.1633823375213011 0.053558022012718864 -0.020334111869553806 0.7360922203341027 0.9536763308429169 0.7768005895303038 0.19605760152196183
11 187 -600 80 -125 0.14435244736269104 -0.09921273670164998 -0.022646136508880588 0.7664648694574865 0.16609910852356347 0.15483461466220205 0.7449892339127668
15 377 -580 -80 125 0.2340433663208295 -0.06692048165653297 0.1957841923372286 0.5659371714708594 0.5436007161424137 0.09222242613765952 0.44472573762540757
16 334 -340 -120 0 0.2050563372011942 -0.20803861990573608 -0.06139461624678533 0.6420763867294446 0.9616688455377219 0.2569973709079525 0.4886717424062029
11 287 -400 -200 100 0.0652381051525398 -0.015054096534926231 0.11513230810465863 0.8772131227994487 0.09300063188106 0.1099984619888228 0.4213549206286826
19 92 300 120 50 -0.21575097295913992 -0.08343900502269314 0.004798461148037059 0.9286439812478736 0.5837324159403312 0.9532226617957035 0.22906733284902359
16 271 -180 -60 -125 0.10425023639314962 -0.07204086820732802 -0.24149709356237403 0.9860494226093774 0.44302111594708227 0.27650494029548334 0.80583852971456
12 180 380 -80 -125 -0.09838111819451356 -0.23390875063824723 0.20133403271191253 0.7964867691248565 0.3802983329140993 0.06346080686209543 0.8932660945003242
16 263 400 -140 -100 -0.0009674549138068422 -0.13800407772723078 -0.122498484847132 0.4854092670010435 0.7355346720346178 0.6208765562109005 0.27561707683153025
19 475 460 -100 50 -0.11157437086714372 0.11206729810290383 -0.19951503667084358 0.7753545497349852 0.7498164989436844 0.8702020243084537 0.03371255669044293
15 323 280 120 125 0.24513249739753734 0.24645346817111546 0.2383913997543612 0.6016127356808886 0.09626858209700595 0.004297311865404052 0.04364894238507089
20 377 120 -120 50 0.21862904563011437 0.19268345980705703 -0.07946229936914023 0.6789159537159712 0.7410574024158898 0.9673591794399988 0.6609976022478707
14 495 -520 160 -25 0.17412281635374216 -0.060758155642193556 0.16586949613574165 0.2685399755023341 0.27382874856759154 0.027569113961390057 0.4023222602824369
19 432 460 -120 -50 -0.1312877317344347 0.01921785188271652 0.08109736141325252 0.456768691911822 0.4021129043811892 0.28182998887722477 0.02239937244875012
15 150 -460 20 75 0.13885836103427085 -0.1732110230595894 -0.07617717073583191 0.8059969808535027 0.7432582213815757 0.8682760877274069 0.14737699695471496
20 199 -580 -120 25 0.05154019785200431 -0.23329581468409438 0.1397347604140753 0.23054065541910873 0.051671948748128305 0.1678477479072511 0.5203863816154418
15 44 -320 60 -100 -0.22933076643648775 -0.0842521443788859 -0.2314290679314041 0.9000976446910134 0.109606548329378 0.6312914410137656 0.18183180296127865
11 20 40 160 50 0.16387481311384933 0.09743321424987678 -0.11335163809973553 0.518892943708543 0.3172737211865756 0.5811363453099102 0.7103193002049039
18 378 0 0 25 0.1828807210755808 -0.14677836928947469 -0.2084796492063019 0.15624701048004297 0.9886346723690101 0.7041551192011432 0.940677172911562
11 468 600 -80 -50 -0.04213724963277865 -0.05500744028921728 0.06295754204168957 0.577831622349418 0.6606478757993107 0.639556633979091 0.5091955625748326
13 163 -260 0 -125 -0.10066988471721433 0.24955177973915582 -0.07529840642740004 0.432495702177507 0.9416054545021636 0.09646906081600137 0.7997688556823876
14 222 420 -200 25 -0.15105337336178465 -0.19572859276031557 0.0707383779494955 0.15635139484925398 0.7763005914303148 0.5066718234999471 0.5932638378243101
19 194 400 -200 100 0.24569158647878908 -0.14214930500545703 0.029078618622417673 0.7558969247101266 0.8684685904182943 0.9833295370074054 0.5928519705563956
10 199 -480 200 25 -0.04853743178368153 -0.18480319455096067 0.07648331667702168 0.24570960708539724 0.6730252393613643 0.9860083049621468 0.43769046530105227
10 218 -540 -160 -50 0.14353834733428122 0.06482160036705675 0.0770354192362846 0.009896043982059455 0.5198458533680878 0.5602164343447386 0.6772275660287314
17 447 500 40 -25 0.10850610392573029 -0.19627360100476948 -0.186748788592059 0.062317321959620364 0.931218857599436 0.5794106477527324 0.4716954715229351
16 14 140 80 25 0.15189363886784896 -0.05224009575277372 0.18247259200698962 0.48153362694699486 0.9870984235306945 0.44543501969873034 0.5321096324278871
18 103 -20 -60 125 0.006678533249321772 0.12348340865614471 -0.15985770913189135 0.30121653984460517 0.4351929923322261 0.8104574616647613 0.9019435856439939
16 323 -460 20 -75 -0.21610429216674337 -0.15795768787779413 0.10753611081640063 0.3405717632373303 0.045754501944290205 0.9135577906891774 0.972384984261679
20 369 -140 -80 -75 0.21564135314584693 0.029389024173654132 0.15031020047330335 0.3061463035231816 0.40559891686941607 0.6696577869582757 0.6813405214993121
15 303 540 0 0 -0.19047212898167493 0.2173439902075443 -0.053716779883007604 0.5579898384478893 0.27169824935535336 0.8492367019040954 0.9750165199781763
19 274 -120 -60 -25 -0.05596484399614721 -0.02619116106024494 0.054041667827539996 0.9126292216641879 0.46454768385795053 0.47503522057652314 0.719804988163974
12 479 -240 200 -100 -0.15779188036007996 -0.055572908340333405 0.13250116988226018 0.7353508722520852 0.837515004281503 0.08413726981221104 0.917274489189567
12 363 200 -120 -50 -0.23727300204595597 0.18750023421128775 -0.04490921508920925 0.7133642996759167 0.12848137819536354 0.21866448512401593 0.3345984261796594
20 252 -560 -160 50 0.08792787268520735 -0.07337991841907054 -0.03634906266276394 0.029227867314248868 0.1485511744939454 0.2863817133389688 0.8299014086663882
10 279 -540 -20 25 0.05143552413904451 0.12119423779582661 0.18344164874873436 0.6065210559462497 0.4528788837319343 0.538315848456426 0.8738765486298684
10 239 -380 -200 50 0.054085480793065466 -0.10558700960896578 -0.13726358307768477 0.617331206321301 0.15827982371223426 0.8277494306916282 0.8891215768446631
12 356 60 -160 -100 -0.23658173448544773 -0.17665803078555242 0.167258115829801 0.2579811720680888 0.3956383548174177 0.5067734458227735 0.7997189657294037
13 288 200 200 -25 0.24223007238654592 -0.054736767421417976 0.10264314344383257 0.9928011540431348 0.7117526279594999 0.9929001042510689 0.6184954629813818
14 240 -420 180 50 0.1978344459663895 -0.01408916441879332 0.1828647237347079 0.2831576787164245 0.6241912772024333 0.7721304123822537 0.5754807587799827
17 181 -420 200 25 -0.09484983169979944 -0.1704999625121592 0.1747284692986233 0.7679186999613896 0.2562348750925514 0.10098792131278822 0.5623909127695004
20 365 20 -160 25 -0.0926212016568459 -0.15874713182263478 -0.20768603038026084 0.8698674088576823 0.5489122630596349 0.5493867838995617 0.5766191004612619
15 454 100 100 0 -0.1481534889897615 0.12591780246816048 0.08521205700754647 0.9773443283384523 0.4368918132910803 0.6448997233500608 0.6688846949024457
10 17 -360 60 25 0.10938227431748637 0.17525670016990413 -0.14336663472108052 0.7546140486368804 0.8934136890881675 0.8877436827636254 0.9094108243877868
18 221 -60 0 50 -0.20788662494007137 -0.1239116389282377 0.08864241432787034 0.8479540428984603 0.6827827156219202 0.2400163717671845 0.38907342190197547
15 398 -540 -140 -50 0.20832338822613788 -0.07360154747502201 0.0713845315795858 0.029494669745924296 0.037963378962759475 0.18670824913790351 0.5093566328662288
20 446 -320 140 -50 0.17723446325019065 -0.04858001695398412 0.24025946351505884 0.4854063326496467 0.844716395081862 0.308861206421399 0.9893750716182382
11 412 -280 -40 100 0.13020827911769733 0.20394041820346143 -0.20487425091447037 0.6945249007005563 0.7627017302655806 0.8264025378302806 0.16773825005332033
11 267 20 -20 50 -0.23864600805611114 0.053153615559165646 -0.17194478353843212 0.16568763603464776 0.2867823201014238 0.3776425960357922 0.37525655146877324
15 92 100 -200 -25 0.0682489617890843 -0.06502866876886815 -0.011639526544053591 0.4804502908836248 0.03960117500682947 0.4452181742086543 0.4889188221084835
20 389 360 100 -125 0.1669858577566486 0.10830671627412236 -0.15408967446715544 0.4713743214086188 0.3347289934662646 0.9076784842481866 0.8057691523762025
16 458 -340 -60 -75 0.15953719493903207 -0.09671848396841792 -0.2471441967714697 0.5418559564093274 0.1325732317646371 0.34181438375423856 0.8328884719636906
10 138 -460 80 125 0.19724225293751724 0.14653923020476883 0.13010915633185122 0.6065966956556771 0.8817663137156556 0.4439137877371381 0.6710743656040629
19 324 -440 -180 25 -0.0668303678536859 -0.0455247932411833 -0.048077609074898275 0.6486982755408999 0.8235091293546641 0.03660149204565755 0.1183834362932964
13 47 -180 120 100 -0.07611536840838673 0.09053735278290614 -0.12218982941436252 0.9906750651739433 0.04343001781751121 0.709193907214952 0.7396039573897556
10 310 -460 120 -25 0.24205836475320008 -0.10495670856129158 -0.07214510903891802 0.038274285227553384 0.24417794012641514 0.4462741458861833 0.6648189905123082
12 151 460 -100 -100 0.09930165670440882 -0.24250123084882702 -0.2443066599373211 0.17464875545640468 0.23829035818406175 0.9204887104084299 0.5809508683427014
16 303 480 200 -75 0.1824585287252431 0.16293554791261977 0.16742404568061497 0.035204650101560375 0.3932967193045642 0.31877497338773186 0.5587729498564399
15 200 -80 0 -50 0.1174716488074144 0.24041320420791862 -0.18110141697864207 0.2539916989258677 0.9173561912887269 0.2025582954417129 0.11027132030260223
16 480 360 -100 -75 -0.1386361406632473 -0.12332462288118029 0.0840426564586399 0.41390902322164635 0.5022728062674798 0.5830240847642085 0.4149273721301021
20 42 580 160 -125 0.1477212264883377 0.20405097045609671 0.09635166282171914 0.43003814605254365 0.0709752750216226 0.7626567909704881 0.9447301175662902
11 257 -80 -140 -75 -0.10800842958445928 0.021691471441895482 0.18416547883534368 0.5643973658916608 0.5858853799222332 0.5995460456318169 0.49808056571237347
19 227 280 180 -50 0.15081864910068865 0.14889426837919872 0.12222395048905366 0.9124531054469067 0.5516187651181015 0.10557344472418984 0.8458385552251249
14 209 400 60 -50 0.18771654322335035 0.23050713080063856 -0.07102859014940083 0.5258645240984046 0.5852334439143347 0.12263878357444846 0.3206901932599532
10 336 180 180 -125 0.24153249412153766 -0.12318871920176366 0.23004664726331148 0.19182892024086284 0.9504158840142671 0.700367222513881 0.9446302208126812
17 380 380 -100 0 0.04168882375216176 0.14352319724387952 -0.07416630974909422 0.3584466120450974 0.537398792920405 0.6687043160608446 0.4065196022279236
15 57 -540 120 0 -0.12273420894847265 -0.010164881390948732 -0.21338342550721262 0.84174612017669 0.9836848830288095 0.4055140624031853 0.5238121481975343
19 65 240 140 -75 0.23514832931630308 0.05593178312360786 -0.04856365368972437 0.6474215585029459 0.776564457985882 0.6891644980820733 0.18518981629037523
19 53 420 -140 -100 0.0014542376411744717 0.02292273122613747 -0.1396488739508045 0.3408897166977699 0.6908089004579504 0.015608444192310111 0.3425113314550291
18 323 -200 100 -75 -0.17032404767809067 0.01976942223008593 -0.16257666188933773 0.8058530987012438 0.938845686542648 0.9674280674673958 0.2652532740120239
13 78 440 -20 100 -0.16097442839535564 -0.10444972196157398 0.1568992375214232 0.900091411577012 0.757977473479903 0.0783472588080385 0.610735054007989
10 202 -120 200 -50 -0.06272699257339609 0.15416613450558947 0.1304860974909141 0.8095069775937768 0.3066867431040068 0.3447650588369491 0.6141792530194382
16 318 440 100 -100 -0.016518163062331725 0.14636539661766673 0.0009267632264146064 0.3509017507593646 0.937906418475106 0.9757017710161735 0.5801961760844071
11 322 -80 -200 75 0.23816753691722747 -0.003957189382201298 -0.0936228779320441 0.9738905341034763 0.08183573922080645 0.9180157014528348 0.12206275960070123
17 63 540 20 100 0.05890487739444 -0.028453285760419222 0.05638308585835944 0.3462531832399123 0.5820957679629608 0.39814509938139286 0.31126714412853407
20 205 -60 200 0 -0.07202314633342849 0.10332638173573216 0.20577117774288328 0.13606758743594094 0.9057579708335819 0.1503259954789269 0.7461697957709297
16 438 -200 -180 50 -0.21104115318495492 -0.22327953714809945 0.23262942491771 0.5889707616081852 0.20074979727390863 0.12019013297921088 0.24078288806247716
12 297 260 0 50 0.0006811683735289953 -0.14668959277969096 -0.043000924403920227 0.5413394879438501 0.17969631348046766 0.656629183572352 0.3118983638671752
10 81 60 -60 50 -0.14559859464168218 -0.15683896256070634 -0.05102178076339686 0.2440983004329761 0.9624148867792117 0.2953479435078822 0.18673333341740372
16 131 500 20 25 0.13347422680188553 -0.089805484730485 0.009871884447996693 0.46363005627777 0.028671962058003375 0.12468231260813933 0.5019284834234595
18 261 340 140 125 -0.22873189936232446 -0.031372785015237936 -0.21825734134334074 0.153718165408673 0.8268297252777032 0.8024920110776333 0.6567351725177623
11 63 -140 100 0 -0.18122305233237046 0.03572243383181567 0.13891043209727255 0.4384313374618587 0.16445088394502283 0.487998730205622 0.5839786011437766
15 441 100 40 -100 -0.11384731850651619 0.14945992430261207 0.23390190211479345 0.6904842701286691 0.052100625098840614 0.973605568155214 0.04509515068309833
19 303 -220 -200 0 0.08161259585522673 0.013386882660148036 0.058624220211263456 0.008335594600747731 0.23447526721292622 0.34446821939427075 0.2463920071456871
12 201 -580 -160 -75 -0.07593128809799538 -0.24149135171498837 0.21041754824993886 0.7566843852923937 0.07579683595558917 0.704089650352182 0.3540282777245414
16 11 480 -140 -125 0.00563126386893148 -0.2052747543376957 -0.24937471099340708 0.25068126438927185 0.05215308930281215 0.44618167963672606 0.8792612845898112
20 378 -600 -80 -25 -0.2076610863824232 -0.1333149383439992 0.2130967385294954 0.6961435939157721 0.5955744155687496 0.4299698138180096 0.6250732399851839
14 89 -580 40 -50 0.13886464628735107 0.22291479719752022 0.041306956618881174 0.7364327088522999 0.2787382520361673 0.9559875452476109 0.4803050640831412
16 122 280 -140 -125 -0.14577493853908247 0.029409098761741193 0.045558573425669935 0.19191524868456333 0.09970721307604835 0.13661738243268007 0.862234738907309
17 476 440 -40 -50 -0.025594689954206495 -0.14178070884588517 -0.011899522677947971 0.2232508215070922 0.20307071862060755 0.38427362863245207 0.931947143738129
18 11 -360 180 -25 -0.06322265147797712 0.23897312124954118 0.028250545000842564 0.8338073463811408 0.5186463197273566 0.44566979665349604 0.2625997505279585
12 414 -380 60 25 0.23344056305158178 0.013378524922624646 0.17599587183959403 0.33178907080434383 0.789224141081921 0.8702281844265419 0.46850146798299563
11 25 -180 100 25 -0.04604163936323269 0.1538327602802267 0.08677811036626121 0.7084667240300004 0.5576439297705199 0.7737970328496134 0.18126012829939375
12 236 -140 100 -75 0.13330957634492724 0.07124416375955178 0.007327917574035392 0.741402586522825 0.06765211581732034 0.04190509561535116 0.7116894444142428
17 386 -120 160 -25 -0.06396749969020338 0.19592853769794966 0.03439895932518927 0.6586350201652404 0.32743819159117393 0.8843703340757406 0.5147408967723804
10 88 -520 -140 -100 -0.08963527739311955 0.2327093794884234 0.09891336637103149 0.8028781154483255 0.848207468317527 0.9433874945989628 0.26145289163749563
14 436 240 -60 50 0.09961278892636671 0.24298446088648268 0.15016128955476643 0.14130840667045397 0.7814953967235712 0.13076263327671134 0.5993032910223264
17 61 -40 160 25 -0.19724218120737436 0.014161446454334647 0.07133669161040901 0.1096337458073221 0.9040918232180529 0.365767979378243 0.5404591235351096
13 21 -80 120 -125 0.005918625178867487 0.2198159065639862 -0.23805826634978927 0.7761022890957429 0.9611636578411988 0.29562407299985005 0.04320331036398395
20 183 -40 -160 -125 -0.020074332834387587 0.14340202260572066 -0.21059265292822232 0.2922186508858312 0.17725502298441387 0.12532516803735727 0.13333194898221312
17 460 440 -200 125 -0.1662019274846473 -0.18261320654302432 0.1194771334441429 0.6796707097321985 0.26432428004873276 0.05653425303428905 0.48385870183698265
11 383 200 20 -100 -0.14045332045202624 -0.14014257283897952 -0.07458661989904758 0.5454267414583365 0.8629743483552238 0.5516058182683138 0.528293239565842
15 81 -80 120 100 -0.03451585292383308 -0.16497291474695136 0.23260313104462055 0.2546290519047256 0.8102163132380945 0.6897972277164152 0.008097093748802853
16 39 340 -140 50 -0.18957561787608185 0.012063587781867169 0.13751133153351558 0.06179870628886586 0.8280621817881842 0.3742105237909218 0.8494541391319056
18 263 60 0 0 -0.03427563828707397 -0.19641154754647794 0.10760021655709429 0.8489342689559588 0.6940635395686413 0.9505711944376231 0.633392526180079
11 200 -300 200 100 -0.0384971601304388 -0.10579947674033646 -0.13334744947617228 0.6566605459223317 0.43614309464878775 0.399996298094901 0.9342002683828525
20 76 380 -120 -100 -0.0974578123579844 0.17740566276766467 -0.04859758344992504 0.23291607888474186 0.39276742657186503 0.5166243866391673 0.7762120390985816
15 452 540 80 -125 0.11524411687068603 -0.14544722550609146 -0.11507479496531275 0.23928806914481204 0.5068858189440213 0.42124535296282584 0.25375720123828405
18 250 360 120 50 0.031032619469727407 -0.13715956036088361 -0.008675162178221618 0.35860923865020655 0.4834548153279148 0.20530258034486804 0.7054129185487822
12 84 -120 -160 -125 0.08477090443518331 -0.11213583675528066 -0.04565126624259086 0.8636088886941995 0.20844698082389557 0.4886409006557739 0.9487131135732663
12 94 240 -120 0 -0.10179786326674306 -0.23686545825094135 0.015844086554944126 0.0068430864207467135 0.11956673324177891 0.36963830766873895 0.1614850569797578
11 63 20 80 125 -0.14711074904769078 0.22512099726839851 0.15549795628601493 0.41619711923735425 0.612982016952011 0.33436086519827746 0.24365953254250083
20 174 440 -60 100 0.13647077702224325 -0.2305722887706227 -0.16356677448419443 0.17326878142012903 0.2428741083417867 0.6424971245250106 0.7459332854714552
18 389 -100 -200 0 0.0978538882466869 0.21457816677965152 0.1530094713720091 0.6764660485428186 0.45451677773247334 0.8378643642604735 0.9421511501759856
18 170 300 180 -75 0.0453429984636502 -0.12802077552656788 -0.09428536662395937 0.21977433665270085 0.47632884183734536 0.23804312166004682 0.5257480054518013
15 274 -260 180 50 -0.16544724945605743 -0.10544262633788953 -0.22661392873992897 0.9851019133828673 0.20017813981736754 0.47794438240829495 0.4338715299819018
18 346 500 -160 -125 -0.0902650949319207 0.04907887309696385 0.21671832923459766 0.09035217519239924 0.9466078181037607 0.07530775655806732 0.7145838833092989
10 180 180 -160 125 0.23252448283248073 -0.018936272124585152 -0.08858829768558935 0.14197754428579312 0.6455982452251366 0.34791442774012526 0.96303000993437
17 298 240 -180 125 -0.055324813755834645 -0.08175017312728039 0.08730617958859238 0.3467276941940558 0.8998287295140719 0.0029521138445961492 0.09553741436563523
19 142 -280 140 -125 -0.18363275542548874 0.003952711477127724 0.09558351390168623 0.7219740592564119 0.3093551566661161 0.023933937807596117 0.8590254293583744
12 217 -460 140 50 -0.19608390249352786 0.2263865799037283 -0.1320186140973904 0.1216359051045397 0.4894433559903385 0.051469283406814226 0.6273077721449424
18 415 -80 -140 -100 0.07486880406063506 0.09089311975003378 0.12248331215830283 0.2260625525247958 0.5725225751553474 0.48105304019060535 0.2699396976091145
19 475 580 -160 75 -0.21866643927313928 0.2465270610579663 0.010639222503653789 0.5115176833046272 0.9944689274937424 0.1020450958998117 0.2979761318432085
10 91 -500 100 50 0.21651252193293002 0.04680588100975569 0.2151264442933783 0.867930972452093 0.5552103826639656 0.23416921666442259 0.12510181420591937
10 426 320 100 125 0.22106432372028595 0.07523574053988485 -0.017910305378675995 0.7152272357067336 0.8321392947752111 0.6496024398928932 0.4230827732827903
14 471 -460 -180 -100 0.24560571949153648 -0.15277763644300818 -0.12520230473393024 0.9551492088568931 0.5993224396788093 0.1898311196546798 0.5548504010704266
17 263 120 140 100 -0.14132535986031824 0.21283888464456152 0.011228230906301595 0.4599872060981879 0.876679524755452 0.4740289093652429 0.9745758645962491
12 157 -260 -80 -125 0.188146794541654 -0.007284348606550306 -0.19675442883398753 0.7905052664573231 0.6760281176883787 0.08942230153448594 0.4155249375093891
16 385 180 -140 0 -0.16305498863596546 0.1797774640985083 -0.20013381999156565 0.5702416622448714 0.40451090869566597 0.3855563113073053 0.4869947102525769
11 164 140 180 25 0.0006529727320763734 -0.028315121804492527 0.13044740148725198 0.11038733928263067 0.6354651962721892 0.02118398917523745 0.41724877843635233
17 424 -440 60 25 -0.2347832843456128 0.09446453693813917 0.019254142271710184 0.0077952020627574115 0.6524767624936711 0.014653919331845233 0.9855178194136295
20 368 580 -180 -125 0.09055262454905766 -0.07467307512765059 -0.14120242416550194 0.06361132557494542 0.8995471388227768 0.0037593613100342926 0.40272848267359274
14 452 -160 60 75 0.2028349996283188 -0.06062023385878201 -0.17799328533317205 0.06370085818238114 0.18252209677268616 0.1307230584688387 0.6976601985265788
17 255 -400 160 50 -0.0031988260534971946 0.012116830053592598 -0.21547806835455896 0.6142190342268828 0.39970160655722664 0.6598810004300378 0.771989374332817
15 153 80 -120 125 -0.12842103865884552 -0.240973993786413 -0.20033863592177736 0.5777486916452148 0.47416945146264633 0.9246683258788368 0.583162519354226
10 409 400 140 75 0.08965932889353728 -0.16226215255382925 -0.012910828499109794 0.32868894897317225 0.2899410612149791 0.6935974506701259 0.019090128423562502
14 34 -300 -60 -50 -0.20459574335507336 0.13323260909103174 0.15737827298111268 0.5973652105423872 0.20722940628894737 0.13792377359927177 0.6363123056686271
13 397 -280 180 100 0.033541246774071554 0.09822422546286419 0.21356745114632764 0.9590339423521631 0.5444496399271346 0.6071537842420951 0.24656396015080662
18 423 280 180 100 0.24567610529439732 0.011790207336076497 -0.06307291067103693 0.6653443382996378 0.9776959248627309 0.588234451794608 0.030706779346770463
10 274 360 120 -100 -0.06652968588159375 0.0038264064007349496 -0.15796180390039444 0.38582248198641633 0.9557881072465015 0.1221769547996705 0.8545493851906383
15 168 -420 60 -100 0.07472084390180717 0.19509546202450767 -0.07572603492128044 0.4761919580058722 0.04863286997697702 0.17175610701391952 0.41414993597837346
17 101 -20 -100 -75 -0.24247687169494658 0.22028365116587406 0.24283636859611846 0.7106985457362898 0.10986865993202977 0.8145430873802512 0.18010892638436726
11 150 100 -120 50 -0.06096682372880041 0.1791601009421605 0.07166354165364897 0.8850191889777281 0.2730959201381381 0.8067512149099545 0.3906319879768273
12 337 -500 40 -100 0.23170607212271277 0.2467608527200753 0.029571304743318982 0.4404630659849744 0.3617961723543054 0.7969587152499509 0.4126401756166639
18 1 20 20 75 0.20750896490871468 0.23066573722935207 0.1259890526568344 0.7020230768769261 0.5244921030165524 0.24177425386966644 0.691146877846758
16 332 -560 20 -100 -0.0985034845078312 -0.048782157720308084 -0.0030558757254888214 0.7380227254335013 0.6014260177454703 0.037795781923105176 0.7022630963083597
17 304 420 -180 -25 0.2079758885482345 -0.06925670348851276 0.18760107035327567 0.8452652969545997 0.3296863071792745 0.917828970820707 0.14747870181532385
19 483 -420 0 125 0.20593382994723747 -0.15220179281929996 -0.2298708557700443 0.08882700938718024 0.9517416483283833 0.16613968929951262 0.30642593774589133
10 481 -60 -140 75 -0.09703926578799305 0.1005204103765392 0.1149906086843328 0.579667607386737 0.9411052857060456 0.18420248355194324 0.7271623112857231
12 277 -60 20 -100 -0.08502512002254808 -0.09587255740822043 -0.0031707742415092444 0.5136467495099377 0.11216937128853621 0.3862024719131867 0.9391971759468685
14 348 40 40 100 0.17625054437689686 0.025862597280202626 -0.004635496143286455 0.8687041457984748 0.19901917146865167 0.4716559350382934 0.9338000156608943
15 435 -40 -180 125 -0.03957345774810034 -0.06655807381885542 0.12615933410249752 0.5175206381318523 0.8009352223965095 0.4547659301090192 0.8651973739003508
19 376 40 -200 100 -0.12486532012500634 -0.1917701612836522 0.005735855940549872 0.4298204203606305 0.8344376942907594 0.9809972951254855 0.3778078776023155
19 464 -380 -120 100 0.20156426291980484 -0.22515351255226546 -0.0750101524228396 0.42450487764538214 0.8348333458997231 0.6104736182491873 0.23030078118397468
15 138 100 180 -125 -0.2423505129650026 -0.0009502775303014688 -0.17293678172791244 0.7075114269088462 0.31381418463213917 0.5313097901103969 0.55837906333828
