0.5 475
13 12 200 40 -125 -0.13618955833723945 0.10576274041049682 0.1324331567621635 0.2708831729635417 0.46224360797509667 0.8605432824075396 0.05672372417477711
19 326 -440 -200 -50 -0.038685929633651306 -0.19396451623282346 -0.08017250330581255 0.7953141520600416 0.880779232532859 0.6028304717801432 0.1949487672739173
18 206 -320 -180 -125 0.23637666482951275 0.059113261544159135 0.10349726334292042 0.8371436319962766 0.9194340937575773 0.46197261132968903 0.6481792259524044
18 313 -160 160 100 -0.01964485628473378 0.21335280675835028 -0.19170529525781355 0.6783292577072909 0.3047622735165917 0.6656809421425894 0.6375277896399093
20 325 -80 40 100 0.144051546433403 0.046635098445110545 -0.23255033843098122 0.8749667778081807 0.12416442325734445 0.6477572601118841 0.8168805446460787
10 67 40 -160 -50 0.012230335757902777 0.1896463557516021 -0.11059409668484127 0.5435315267428072 0.406303979624002 0.38521868153360206 0.7651480763524874
19 34 -80 160 50 -0.09518757849612203 -0.09457638897477433 0.18183087556028987 0.7872634546846917 0.9567825955292121 0.5518340684135417 0.09387284562734721
12 324 20 180 50 -0.10237288508268994 0.01933260901104006 0.00032006113603783026 0.6489416577037634 0.02710686333352652 0.7507555169412156 0.9064097124149726
12 367 220 0 0 -0.19840138303993604 0.1269903337008504 -0.24436936934461356 0.6355351168848229 0.9989419781108732 0.9896485606576136 0.8974809678113111
18 105 60 -80 75 0.10659226155888335 -0.21842892774718586 -0.1319632924300873 0.8037418111321716 0.27324420776880054 0.9429961198004921 0.8860234977805879
11 483 -540 -200 -125 -0.009363373638042738 -0.10621997998867205 -0.07441574030900494 0.5526190125153904 0.8476397445169346 0.3789151874770509 0.5440955608989116
11 353 -60 180 125 -0.12856154725367103 0.13112060165197886 0.06905568113598892 0.16459078511419556 0.4284688042622671 0.18247067903305048 0.09643883577526424
16 467 -300 180 -125 0.24221000131507536 -0.0010158055534835175 0.06473645295199937 0.7850086709378601 0.3546783880659984 0.2390134946625111 0.02735854236141322
15 296 120 -20 -75 -0.19485008868424925 -0.21713503691971325 -0.21936642118328908 0.1438111595729964 0.9629688705261384 0.7187439094223805 0.23078913745302387
17 170 420 120 50 -0.008824135067250827 0.07434285636869076 -0.02366297649845983 0.21555550231002352 0.3162638357365216 0.07023274075068375 0.25957434563795556
13 290 380 -200 100 0.17902407555742483 0.08999557695605276 0.2141144488574378 0.9678617547066367 0.44857204217514424 0.475581806920109 0.3179676977936634
14 169 80 -180 75 -0.11226009558884403 0.10005357083774308 -0.2285071637996331 0.2564743417730968 0.8549834305367655 0.4186769018316392 0.06378542736746384
14 396 20 20 25 -0.08234626942071865 0.12384254605923611 -0.10032112011755817 0.6611664670451338 0.15996431828817448 0.5023394267089327 0.30802810960234295
14 4 80 -100 -50 0.2000208940854376 -0.098613453265468 -0.22467220549693068 0.6306583976496133 0.775443393713347 0.08541954479880487 0.7916101681280635
17 483 220 20 -50 0.12270883507640346 -0.22428282996388094 -0.18819848644844162 0.8483184785423544 0.29724923914332113 0.4362873484884727 0.17945145752973357
16 18 -220 -180 25 -0.15887346481955855 -0.12717677410059658 0.24133767164159403 0.5647558847757609 0.7765217116127595 0.5964526705871325 0.6593975085197282
20 107 600 80 50 0.23679922529076253 -0.11064436888939799 -0.06123326098973164 0.6909639100117705 0.09192951698114149 0.27696271540518613 0.2229683114578167
13 13 -520 0 -50 0.04745393209474047 0.08650789702932254 0.18167155703868265 0.6439803402514545 0.6263276118502216 0.6015897999511238 0.5104565671808151
17 456 -280 -140 0 0.0908152311059231 0.11400200662662474 -0.0675302754122733 0.5975203183078702 0.11948001120948937 0.5846256934502352 0.4546824843183028
13 454 560 -40 50 0.03328514173329333 -0.03391945140246144 -0.06637381639902845 0.16941475185035182 0.4174729627436774 0.527334253043827 0.9529255763204625
11 33 400 40 25 0.04142725308918155 0.019568856738895135 0.03376192148670609 0.3985086631326443 0.055353506705679956 0.22107850516305794 0.7805945380327511
16 76 560 -80 100 -0.02074247299590598 -0.040059500352201904 0.09648732723705394 0.7255215649987852 0.046569021824723444 0.05515548767497447 0.953032598982353
15 282 -600 140 -100 0.06319881020592871 0.16856501723932654 -0.21895598375112274 0.10231544865931674 0.6184405895887491 0.9680056638851523 0.005035623104822418
19 372 80 40 -25 0.22868179378859715 -0.16412427866208845 0.2304662196579646 0.32085928201105807 0.10682553693375774 0.6685501434374277 0.43006939882131456
14 418 -40 180 0 0.12351366214445475 0.24739375441413797 -0.16538748504313844 0.6060002851553093 0.6957902379553026 0.6902647043386771 0.15502941243748902
18 117 200 0 -25 0.1717222665214449 0.048220831582700074 -0.04781630692744421 0.27530228881465324 0.2899116077376023 0.15063133439580367 0.867433681505636
14 364 -80 200 -50 0.029467459809398022 -0.20310075752495138 -0.22217964351881264 0.4667034723490997 0.8549738416352807 0.7978809540807932 0.6813120459417338
16 360 140 100 100 -0.16308013796434623 0.17530828757519795 -0.05332999846171599 0.5299750871155889 0.27489954128274396 0.42027236431690984 0.1040473053927532
18 116 -560 -180 100 -0.009974703764286441 0.059722107087968435 0.2094287875520876 0.0332460344840555 0.1715847243611771 0.19364186344261702 0.5839704796117358
16 306 -20 0 75 0.15597825778215407 0.2237677939248623 -0.22243274614205716 0.17985531554917877 0.4249627361261681 0.16653882419256827 0.09583265448030143
13 448 -40 200 25 -0.04609181668911416 0.10219702152484778 0.11226960536860997 0.8218691516251134 0.24011425833516542 0.08432812725021355 0.49654514053868626
10 338 -60 200 -125 0.15482556440216627 -0.04349294205848869 -0.11308543177963198 0.08473195276111656 0.3297588743418136 0.758930123747162 0.7746211564560079
14 60 -100 60 75 -0.01639946809993298 -0.21406222194488 0.07777886524353311 0.9679515319194819 0.9639983863543816 0.6368559660269759 0.026379366244529967
15 77 -320 -80 -100 -0.24474914607341947 -0.1844873567527105 -0.20535411336419418 0.4433381110701724 0.6054596220972955 0.7255482303630646 0.13605158888491053
10 335 -540 -160 50 -0.07084396792723463 0.04097289880007521 0.06675458565046904 0.830333463722077 0.7543205602033897 0.6001609501290844 0.5958990229593947
18 107 -160 -160 25 0.10280058297229644 -0.22367018744069028 -0.18345182853570596 0.2785127013868228 0.03238065853609651 0.6889362356182673 0.536373998376535
15 234 120 100 125 -0.1101352049010304 0.20230233679083487 -0.13225279381618066 0.45238216996318226 0.4774048666919497 0.7773270290034969 0.4619446689224038
19 101 -440 -200 25 0.12323889118550319 0.22355732109103515 0.08846294614115213 0.5128872059178977 0.8604300439281946 0.06422704691950643 0.9416270617356576
14 309 -400 80 0 -0.05054220572112622 -0.09141972409046129 -0.13344891643599088 0.3787719548423163 0.36913857117617377 0.9770873404729549 0.7523463411878398
19 199 540 0 125 -0.20208699393079027 -0.039713718352248906 0.06270099502520493 0.26559792818974615 0.3365264120400008 0.8096072213648721 0.38186626838675175
19 121 -180 -180 -25 -0.04278552811940267 -0.08706606357656876 -0.029419099605159038 0.03659877050180904 0.26160145077062535 0.4176021110830884 0.2826828578106352
16 308 -100 0 0 -0.10745420185432314 0.11633666380457958 0.24059696977743766 0.155779832810928 0.10879598937919821 0.8780143617376631 0.3693731369009372
13 117 -240 60 -125 -0.11391142498413526 0.09192119950902078 0.02678473134111342 0.46100637261893973 0.6476568128106895 0.026392533523839856 0.8976524911860011
20 238 220 40 -25 -0.024292357343957682 -0.025275361431026544 0.19729476281033242 0.7151982587922622 0.07302142837697123 0.7882913400739747 0.6696985727121081
18 480 -420 120 -125 -0.11887401989690277 0.15356346965061324 -0.18258299242594977 0.4461283564050482 0.6056760645041794 0.21658228203217633 0.9044641346639251
14 471 540 -40 -100 0.037889117178433795 -0.1757559934527 -0.08835635998003893 0.7372895938816795 0.9322137073199971 0.7349147150427969 0.80265936880914
10 176 600 160 100 -0.04786768333447422 -0.1466085439810596 0.04728557591084792 0.19610002909451385 0.5189299822669013 0.1907650585331676 0.4619926115145806
10 253 560 20 100 0.13451357046591506 0.024157446607151856 -0.0868040865441917 0.937794592249422 0.8678003018175956 0.8264037993251739 0.9754297273298271
17 330 40 -180 -125 0.015372438908128616 -0.10288449086842655 0.0777711124958636 0.33064522350592285 0.4798677394960428 0.06527318814989647 0.05293428371075681
12 460 420 -100 25 -0.17020325574824652 0.15992003349219858 0.21674501817451064 0.2871435703375388 0.9331616459207275 0.4413737156867701 0.2008869821319138
16 488 120 0 25 0.17675135731377983 0.1547100202687171 -0.2227618015128464 0.4451775175112801 0.17691933739071952 0.37944269834972344 0.4234053237704496
11 304 -360 -100 -100 -0.0025692465788664798 -0.24747979011245785 -0.2284940480147314 0.9721942149364882 0.2686828752860101 0.04132930086758313 0.8919920630341763
18 294 -80 80 25 0.1561764664203129 -0.08504168877041851 -0.23685420167072418 0.5215671217538961 0.5195279829386176 0.5190678551400335 0.35309705944335956
18 499 -40 140 -100 -0.05002001709294218 0.23540737145667523 0.23743049795079907 0.8047477023539609 0.9958067569658058 0.8048169444406563 0.7766171822747501
17 444 -300 40 100 -0.12494539921194459 -0.19024339495997683 -0.1394670521779573 0.5615380141032973 0.8258648396078692 0.14240422520310747 0.32167455088189156
13 262 -100 160 0 0.24882806991033685 -0.06226671590818089 0.11911188989579208 0.8106038516169216 0.9479554192355548 0.86271246894187 0.6925374564248836
13 6 360 -20 -50 -0.24581245035833582 -0.0531128564435685 -0.10570551113333304 0.8370807286722749 0.16542454964222675 0.46766991604335895 0.5250846929763768
17 153 -80 -160 -25 0.02640982504195899 0.044554552699440586 0.06363745628418793 0.007433586520019908 0.7744116963794332 0.8578870935534911 0.07870551859711261
17 201 -520 100 125 0.06766619051150774 -0.10490891741350183 0.17161436509556055 0.771527584085792 0.2790518625986823 0.761255586802267 0.2575732096984287
11 285 -440 60 25 0.2224967196775104 -0.18430822699650873 -0.14345781429026627 0.5101788700929041 0.41595975395281504 0.7533851637242696 0.811503056370888
10 440 -440 180 -25 0.17021731288807895 -0.0841202842427255 -0.21544317540555813 0.48548092663123976 0.5230740278502148 0.2566760723265681 0.3795228736847226
17 281 0 -180 100 -0.21539592761851722 0.004322825135192554 -0.18874677790133515 0.9957802138323287 0.9864357809004136 0.7451043641084933 0.5929017417087205
11 2 -180 40 25 0.027238871352849192 -0.09655515172252993 0.24282086981891204 0.9198350281839655 0.11537704101247837 0.7184280018981776 0.1850537044892977
14 98 -40 180 -50 0.20383862180603662 -0.05144451015972701 -0.18924389965627253 0.7605068932171274 0.06793275783653674 0.3058989714025061 0.6734973775458147
19 190 -340 140 50 -0.1723017386253512 -0.19818822664454883 -0.06706429650164408 0.010508254657532912 0.22538901065093042 0.5330306457770361 0.7723940753856889
16 349 -320 -40 -50 0.12057071088613186 -0.048945476338894955 0.05009323557254197 0.8004592886909406 0.6879915082424588 0.8659912398839157 0.6909636745325569
15 159 20 200 50 -0.07525987165689679 0.1834396331944459 0.1648762080722765 0.08802182136383163 0.2870590052868831 0.689300444799993 0.9753084915844391
18 436 -560 -60 -75 -0.1397613225970329 -0.050946801033037115 -0.19837757016155294 0.533026380964467 0.9784209553280496 0.40419131373391526 0.881434569706898
12 378 520 -100 -75 0.12646074740981977 0.21797596969129712 -0.13075301801175077 0.1512679525080981 0.054301293200307854 0.5346071215693764 0.5692178863326749
16 208 -320 60 -100 -0.08031822388299104 -0.188773590172441 0.1363521128461601 0.6498673189238723 0.4858860747621794 0.1739228351086427 0.8991920987816022
17 275 -200 160 100 -0.2173746864340596 -0.10486074728523537 0.10384459602469542 0.910519818246888 0.6142064901098448 0.4901790843583007 0.19269080159867802
19 299 80 100 -75 -0.13619321125252232 0.10661156493239432 -0.23135992985041554 0.3804471109437838 0.7926065406775077 0.9857279350603049 0.8834966162493149
13 323 300 140 75 -0.2136668347621482 0.1344233612893596 -0.15213993561607558 0.8584678197024065 0.6193126715724664 0.8735266660235678 0.03581488469382954
19 160 460 20 -100 0.1396292987556314 0.13197026211766533 -0.1365341842190239 0.21375708316148867 0.5725596006723838 0.4087254679342025 0.3129405632768425
19 16 200 -100 75 0.02414248938557656 -0.01633711309968683 -0.19523439979885032 0.4942037392815558 0.9485252720272762 0.5312670997755564 0.37791648903618946
10 128 600 200 -25 0.10925147722523793 0.15678661505542252 0.17484759486238466 0.5314127793313205 0.45420318458005426 0.2727559763523856 0.41196457666688147
13 147 -20 140 -25 0.23060752805530382 0.18201776416335558 -0.006886831537376237 0.8550916616171279 0.908363249703575 0.5489059526352863 0.5600448451843653
16 205 140 160 -100 0.17322087832497718 -0.14761711650753462 -0.1534053839269237 0.8781009836572604 0.6465139955062117 0.3438169648730439 0.5531066618484346
11 17 -480 -200 -75 -0.2165875796136088 0.0715250976909404 -0.01874016927247102 0.3840340222776456 0.9026221524778899 0.8204361163984087 0.9552401731167764
16 379 -20 160 125 -0.2007441487090989 -0.0030351879255572922 0.02249927186054773 0.23338795714884208 0.2528320130176972 0.8376560574364997 0.3997081298177668
17 51 -600 160 0 -0.05538194275718883 0.2005876712364898 0.07569769926037162 0.969954571668118 0.3748441171690713 0.09247923946424319 0.21724599145960855
18 277 -40 -160 100 -0.04158245112917908 -0.043209231455092034 0.07364831387536441 0.8234135977359727 0.0591884012739371 0.4796928861412232 0.21177317468473955
17 216 580 -140 50 -0.04820762829842218 0.14371636114450959 -0.1965453921555711 0.6928539799967931 0.9549260778049468 0.4951360153466231 0.14538274669216045
19 199 -180 -120 -125 0.22362137414038885 0.12231540309733174 0.2265981775173554 0.9844598448595462 0.6430507587305334 0.4031941247526395 0.3059335560461016
15 420 580 80 -25 0.05360552693195042 0.1914780806140141 -0.10452176357322374 0.3952165083849719 0.4949499832923475 0.677343412409239 0.056294201759386486
14 365 -400 60 -75 0.20005932840920987 0.08291158617853178 -0.051926038928825635 0.046162380930794056 0.19566987546992087 0.9290473799366696 0.014124454314059842
20 179 -120 120 -25 -0.24971245204245013 0.049143076261724206 0.23510195650350746 0.3336282501928971 0.38232807844473427 0.11583090083993841 0.0011147778269978703
16 38 180 140 -100 -0.1947101801555663 -0.15746676376273028 0.017177057737644275 0.2591620535064526 0.857950536389919 0.9792954668103668 0.4955640852558426
19 267 -500 -20 -100 -0.13531321679058977 -0.20368216750269813 0.21541241012095586 0.07955463416597264 0.5753121882285296 0.5613910172497604 0.2037251495178185
14 165 320 -160 -75 0.042149657530000995 0.05397822269945568 -0.15685648116520062 0.8032242066564513 0.15746916675583789 0.4485284256175509 0.6297301173000759
10 288 120 -60 125 0.07410482404221058 -0.0658076839223336 -0.06101493615392889 0.9037252582339937 0.026133228012960585 0.5298223781063982 0.001907530851588124
15 126 -580 -180 50 0.007703107264486642 0.1971049295489587 -0.17527122788254268 0.4022435333772134 0.46492796734365505 0.44979880634493274 0.2422086639080535
19 166 -120 120 -125 0.149921452984499 -0.21655034979469745 0.03553493285213605 0.7734170690816176 0.5818631654568275 0.4007984531658342 0.5251009663629178
15 87 0 200 50 -0.2002307807586397 0.15272046515308008 -0.23413209954246356 0.07175209149228845 0.2731839233301131 0.7846693414957603 0.2698371650029555
11 438 -400 -20 25 0.004650215876044528 -0.21528910712233013 0.12373703222566979 0.5629248300459418 0.19952204169446097 0.9744971438738681 0.3303099900794717
11 272 600 -80 75 -0.21894954168552583 0.11454384973707882 0.16100644017432014 0.4479047082504398 0.5784925665135466 0.04025667948973066 0.579244498549573
17 79 -180 20 -100 -0.12822324807012397 0.22421976887389833 0.16895350589512326 0.7865094673732441 0.5567241020190071 0.6529973338201642 0.9181568696540997
18 353 -480 -100 -25 -0.2409764494410654 0.19023565367844392 0.03099005392379467 0.29839664343109906 0.06018529777456305 0.1703619401933827 0.903725063255464
16 178 460 -100 0 -0.06457841891372529 -0.05131603462518236 -0.2176167087104946 0.41218974392914376 0.44492251810048344 0.33037351146423344 0.001523134468212839
11 459 -160 -160 75 -0.17796149492699842 0.11537854925034641 0.2405230058758835 0.19911210669547852 0.5437081789323801 0.9589545555177141 0.7162304932657773
19 419 -260 140 -25 0.07697948279160527 0.09851217734978995 -0.20634816115324622 0.8098066375256715 0.1561979990750414 0.07164655433249545 0.8469372179785927
12 189 120 -140 -75 0.2012895056210745 -0.16719377658669576 0.011205182315825013 0.24998234350389403 0.03029336122293902 0.49094941019855776 0.2567670134990776
11 396 60 200 100 -0.029954203943337365 -0.10667033396584008 0.10527907204765335 0.37165220681789324 0.2945443013793406 0.3870263366206511 0.7776064153068936
19 342 -360 40 0 0.04435467903877166 0.21066902349756766 0.19845651637209466 0.44488226789853336 0.6649005171457318 0.8645620741111513 0.8009049049546649
20 274 600 100 -125 -0.1384934614550194 -0.029928223854807146 0.03344705641879808 0.7329457214334607 0.657125726195702 0.3774142571362803 0.3559077913348664
18 481 -360 160 -25 -0.19154945897232134 0.11370883454202602 -0.24394631883418083 0.31193597313965815 0.24474895017686593 0.17224185814695714 0.5972295416355191
17 420 0 0 50 -0.01487301058464352 0.21056095801401803 -0.003312472102930508 0.9262977429308438 0.1286488467962763 0.8195559056398758 0.8739805749166544
17 484 380 200 -50 0.09410322640026131 0.22747263523754446 0.009631423897641711 0.45440734739869737 0.9128244219956988 0.6685302046145324 0.6170892008371673
13 459 300 20 -100 0.23475994326337785 -0.15554287501591235 0.12472830983311067 0.14850972711893917 0.8557319673224766 0.8632101591790016 0.4854974066118546
11 141 -60 -80 -25 -0.08636225435437794 -0.03514722104001783 0.16915509092441328 0.6421133486419688 0.5799261617216139 0.46599688661977245 0.40554088727778637
11 298 -520 180 -75 0.20480740789513363 -0.20502267124974105 -0.012735607241606883 0.281039730514937 0.30592143209833145 0.04724494274393509 0.5944385954582513
16 15 380 80 100 0.22730424152739642 -0.06421352338939756 0.0004023547230060931 0.06008422696430238 0.5730755108295887 0.7458226987368289 0.7259835033119035
19 42 -260 -120 125 0.09889471694446633 0.23790022956362777 -0.012275543482694384 0.4669533369400902 0.14133516620540998 0.006626097033348377 0.016962303716209326
17 91 40 20 50 0.024807109714092834 0.009701481626938346 0.24367063398591754 0.8347558896884243 0.6923607745362346 0.9083538019547881 0.6257930430269378
16 442 -360 -20 25 0.2007752922712528 0.18117997242520384 -0.10846701454710811 0.4937366898443264 0.5603438472022506 0.0991911943615631 0.9271740130700016
19 140 480 60 50 0.07989531476500517 0.13191082703694412 0.05925155733050924 0.4283288144754275 0.08912241124407538 0.0932327930563871 0.9274285555616272
19 384 -220 -140 -100 0.024943249023326508 0.09399808735146731 0.19593719958917538 0.3807888345260403 0.9337377888778768 0.4474965192375475 0.4564916667177916
16 63 -540 0 100 0.12594378197933426 -0.004047522606076492 0.07523327397394569 0.24955942088712824 0.7857049151690183 0.3638736038895135 0.4262204881387015
17 259 -260 40 100 -0.11610003492581994 -0.23421964556513641 -0.12221615369517036 0.26051142998789967 0.19844753664626746 0.8801511033586622 0.0004981040537849202
10 379 -220 20 -125 0.14064914538231066 0.11946076177038739 0.23830726205173586 0.511781387701404 0.22084313157032254 0.501689009466749 0.09696596767957133
12 100 440 20 -50 -0.08943199934685564 -0.16995362014479776 -0.10141808293961391 0.990036046587085 0.20990671519379445 0.22880972416339496 0.5858624799582907
19 240 -20 -80 125 -0.09863981132513261 0.2376853595851 0.2214927851788876 0.8179413301481393 0.1700441640576048 0.8855375088276887 0.8661416651069714
19 158 40 180 75 0.014238057056861209 0.1682228560701905 -0.1226648493261071 0.0923988854820269 0.3175598736864238 0.6309733338467239 0.6638485168883327
20 191 -140 -20 -100 0.06288244047553698 0.08970216162405947 -0.23980143988662656 0.11245751551503358 0.23169400713769217 0.5279635668095202 0.637923500760668
15 352 580 -120 -25 0.166013473083359 0.19976586131406165 0.21999467964745 0.49794097745918775 0.9177178337599442 0.21815015532542392 0.25968895666747616
18 20 -340 180 -100 -0.05520470338352257 0.13403242749689065 0.19383764269249815 0.027600185226277163 0.24675590701520056 0.09938687917986844 0.09155673391412411
16 44 500 140 100 -0.11646994767271351 0.21078456400961387 -0.2191622783741981 0.9648154118876807 0.6069645984373203 0.7990394028403061 0.9544705902123998
13 373 300 60 125 -0.1738031348059858 0.20208697524736025 0.13798371999443637 0.4811575572455362 0.7513929006029249 0.8234081520500333 0.17001987664469742
17 54 140 -60 -25 0.1277823191503497 -0.21876606864337483 -0.2223769423276195 0.8311796875428797 0.9391764178914705 0.9026165809602337 0.24049734800209632
11 48 -320 -180 75 -0.07280080780119486 0.17130287311013542 -0.12014763235783077 0.21364137199254396 0.1733261199896604 0.07895548109195649 0.13787373301663275
16 222 -280 120 100 -0.07791441277543193 -0.18436734558274587 0.0935329902088668 0.5120101581375534 0.2233455572656371 0.0051383284134659535 0.3974531958542381
19 210 100 120 -100 0.19505647123755998 -0.23483802132182902 0.13780665779559315 0.5885381527176947 0.7861179032495648 0.702708192449969 0.5610674821078353
11 68 -460 -100 125 0.1433274980446081 -0.03634926995826415 0.2022668156375111 0.3021292302848232 0.15207423097935846 0.23929681867132702 0.10284698533874559
12 37 420 60 75 -0.2152110898848938 0.1124604799584315 0.11767568721993671 0.9672643418791941 0.5778151766097489 0.37487076454552903 0.8656702704316552
13 1 -300 100 0 -0.12005593800722458 0.025316412120263365 0.23933080993370698 0.9721605460240006 0.49845571404813704 0.31274298229804687 0.4427440042665135
16 144 280 -100 125 -0.24180565709142615 -0.16379019582150556 -0.20127574014331012 0.2156013248368186 0.4324646148515936 0.21237569745750462 0.09036164494099963
10 400 460 60 -25 0.22530441356281378 -0.1288912100468388 0.09278584719138344 0.8139644774560866 0.21742297064092087 0.6174057078602291 0.07792422925981968
19 491 440 -80 25 -0.13659586310676042 0.20695456067390494 0.22132630768921868 0.308203088571104 0.7683556619514951 0.8780803495000002 0.5460296856405278
14 311 -380 160 50 0.008669391832921536 -0.15451909962097737 -0.04064846228825303 0.7543558812555233 0.8340426345164567 0.7714799995197211 0.7606995438510665
16 230 440 -140 -100 -0.05242618829865886 0.03129338762577 -0.18440223184713023 0.41236053974019826 0.8475732237504434 0.2937273532727398 0.27960034284892754
19 468 -580 160 -125 -0.17204451733706944 0.03410433658418166 0.21226291856305812 0.9956438610088232 0.5960321068937554 0.22747665228578318 0.6865909332645174
13 232 380 -40 50 0.024108296470400248 0.1088587926475108 0.15247409678123103 0.6442813425766565 0.5894263144200083 0.21969217727338686 0.5704251882707145
15 315 460 120 50 0.24030572437467712 -0.1992080847671463 0.2293032171312846 0.7586982118573949 0.8258412531367048 0.9052289198158442 0.9838190520434142
10 450 -120 -20 -50 -0.14990793606026231 -0.06559683236488889 0.0119324993540329 0.5943560865200466 0.7820386939023211 0.9820236868590823 0.5150459882629688
14 393 380 100 25 0.2359214682436589 -0.008120578574258963 0.23955209660176535 0.9831534011499415 0.032817841455610064 0.28861991934836795 0.5087222797605242
14 6 500 200 -25 -0.0334246022129282 -0.04489107213558707 0.11145145860230332 0.29415714491025136 0.25494736214367286 0.13616571678693834 0.8041920249285599
12 176 440 -160 50 0.11904118610090769 -0.12984706311625688 0.08056978670460069 0.07820109311247236 0.42193244073969194 0.5584056996027601 0.13358240347396588
19 393 -140 60 0 0.05284917682555984 -0.06991059244491987 -0.1625459166346589 0.6632603640807244 0.6616423042079957 0.9176566646650391 0.19449180617581052
11 107 -300 -20 0 0.2398530523069881 0.15747796816658272 -0.21150327615942993 0.0011401724188411233 0.9729198045007507 0.42770518871787 0.10973496505208513
16 310 -260 100 0 0.011229390284473506 0.0658777234129101 0.22664718627774666 0.9212629768921228 0.7827164194444537 0.9351229164360286 0.37372252857682176
19 440 0 60 0 -0.09188915052197477 -0.10520446971238617 -0.22518268469229064 0.32461919116058735 0.7362520272921211 0.13936060516427462 0.8087098361766898
10 119 -520 -60 -100 -0.07242548728276788 0.07914156526899685 -0.098834489285334 0.8658028926099698 0.6620421806230696 0.9381054009763563 0.5016760022298993
19 24 300 120 -75 -0.015770730360929075 0.05344804234797185 0.15578595923972144 0.6669160294161582 0.8271673243145556 0.3980313166462254 0.9638301010626511
16 42 -260 -140 -50 -0.04001891430319843 -0.06582592516457042 0.021914504103399735 0.5292212429529426 0.9922595365771 0.6740408251652478 0.7401468593831121
13 465 -400 -200 0 0.00563879732863104 0.16549004608585893 0.13977860368800277 0.007981067614195703 0.3759159100310232 0.11806847919262276 0.18105079237997868
11 430 -420 -60 50 -0.014509633466843586 -0.15606772485010956 -0.08525090916839229 0.5706868816852898 0.47255317960996457 0.06372641688133718 0.5577513503148457
17 343 280 -160 25 0.08090126564065431 -0.1994467306947682 -0.15214087045797392 0.03210332234643032 0.04652534724595103 0.8532400406529822 0.5203097556642959
18 336 60 -100 -50 -0.06229535655539847 0.034853183726381076 -0.10506891222345022 0.3386601729109199 0.6482221449246652 0.9937867159795164 0.19093798453595012
18 388 -420 40 50 -0.02563716538727734 -0.06411010078729873 -0.06660570286732181 0.050453089457880296 0.56423306222841 0.8585065564539168 0.5578340438803496
19 355 140 120 -50 0.04928403436417356 -0.179561631681598 0.1576507419961023 0.7301841008824868 0.2550874288855005 0.17170723756905104 0.5971119269916718
13 340 -40 -60 0 0.23113945735303015 -0.18024869394205845 -0.190173433889972 0.3437124284532068 0.7283473032966992 0.7894188255321389 0.5434029158632968
19 440 -460 140 25 -0.05699028820610519 0.009520535146229636 0.24254829933643846 0.5507287213427798 0.3254554057148289 0.6663966601581658 0.4802316313066637
11 105 140 -120 -50 -0.2041491093148211 -0.18752128059427875 -0.0018321134382716653 0.16738981507584094 0.41564793508956555 0.7031904991764802 0.97071338810276
11 89 -140 -160 75 0.15044681915212932 0.15964968244950867 0.0459776472126151 0.07092610061811644 0.33325574154464355 0.16676863045585044 0.6042474997664704
13 292 100 -80 -75 -0.06253152085429409 0.1645583856235227 -0.010230268908137885 0.13025860645233633 0.748223382006445 0.16081764345456706 0.6781729070325387
17 443 340 -60 0 -0.10530375832777938 -0.07332691313398848 -0.07345641835143912 0.1558094235052241 0.7808226928731623 0.9567515957917722 0.7960912148218802
14 291 540 80 -25 -0.005562141671950349 -0.2005771241097497 -0.039329147845313994 0.8166993242315581 0.008739447668266953 0.4980092063783774 0.6585298462512514
11 266 -380 160 -50 0.07820349370026808 0.09660146424910054 -0.0031128145202559687 0.9842405820931976 0.9911708461150979 0.184380362023025 0.36331970973300665
16 186 -200 40 -50 -0.09224581046425684 0.09383709866041295 -0.0781566938997712 0.796707698425607 0.10319182821998862 0.33180299955672454 0.2527440692711306
13 397 -180 180 100 0.16670942367346314 -0.16849581348438486 0.1481405231814778 0.39805730119177574 0.7713146958001386 0.4088446043174787 0.518646324236114
14 356 380 -40 -25 0.1791038875426283 -0.2129637885248094 -0.11570945821490908 0.3416375540496712 0.38446932575417303 0.7273158158984039 0.4529241811415241
16 330 -140 140 25 -0.03131367477514385 -0.0051613547222452705 -0.10821078167437859 0.3791058092538089 0.7671484126282553 0.729981412102152 0.6391532025176802
20 243 -360 160 50 -0.15062623746982862 -0.23246426600210363 0.2376121061203348 0.9812647747591089 0.13044687209293748 0.6568222743417007 0.9618167364550765
11 139 280 -120 25 -0.22885701740826986 -0.23482973362315407 -0.22197666911653524 0.7474665640064031 0.07103757309306402 0.734551944006172 0.9497156077655259
19 290 -200 160 -100 -0.20923941895615034 -0.17004937123219221 -0.23074397441279154 0.7443199688979929 0.19444136130753875 0.12618479405709326 0.43856646230218166
18 199 380 -200 75 -0.2003271969852538 -0.05250688937828235 0.21155732964994556 0.449966003144727 0.42991122055265707 0.39561840552679384 0.2528280046589181
13 202 -80 -60 25 -0.12274055299638165 -0.1625111677245405 -0.005724089908763885 0.6769793611281557 0.49983117117090414 0.5505798875647138 0.5430446063304165
10 261 140 -160 -50 0.19919460524662447 0.02964499683749916 0.16931529539605922 0.9581851306618114 0.8984036779559345 0.6914090366140238 0.756150801920905
10 222 -540 -160 -75 -0.22961038272712375 -0.009184360622556731 0.23213159617546947 0.110009497955462 0.6878925709362177 0.5784787326675174 0.10389056072434077
16 294 300 -160 50 -0.22630484889873598 -0.17166077020755427 -0.15606936269473942 0.8847691574103532 0.6889980734215956 0.9394803615185732 0.2328023520511745
10 368 320 180 -100 -0.004575041654290013 -0.1274496968758264 -0.1700050826363041 0.2717877513970621 0.8555508738903255 0.8506319029629776 0.14722993882276147
17 72 -560 0 125 0.20815286915111247 0.06742566483512974 -0.23616409314310144 0.4978744155201299 0.8546200069069301 0.18743793847362766 0.7560762312877778
20 86 40 40 0 -0.004391072449277 0.1788250510425386 0.12419339089032777 0.7243838514562049 0.20025534498277053 0.09642957702477795 0.847353626689958
15 71 -420 160 0 0.21902280530804602 -0.19208731100041188 -0.1198086355788448 0.726803992328959 0.6510002479331234 0.777104004843693 0.3651470470838518
14 435 420 140 -50 -0.22576996070489347 0.24468397351415322 -0.11756142187286639 0.5118102786323186 0.33700144125926834 0.5128820895742077 0.6031297648904789
13 206 500 0 125 0.02979155320196064 -0.1639742544113305 -0.2333882966107641 0.9428571056232092 0.45038825008508687 0.9203507491417038 0.1829244362872302
11 390 160 -200 25 -0.20406689621393426 -0.1584870402766797 0.10854600233675682 0.3350288216719596 0.9185305917605832 0.3011480644710185 0.46455461025552813
16 349 100 -120 -100 0.051204458601630254 -0.10634429619925079 -0.07058822564918732 0.4611819589786972 0.12594588047313904 0.3582199295246412 0.10498307285414887
16 53 40 -180 -75 -0.23931864952965948 0.24656287072395905 0.0007441539373824191 0.8827368425422677 0.09713764128801305 0.9918802853494196 0.9748167060442647
15 133 40 80 100 0.16386556034467925 -0.15167408161467105 0.10369545323106527 0.5313315976989632 0.5877612853646181 0.5316612280396914 0.5600670838555704
14 4 360 160 0 -0.19423854993238115 -0.1305398598115523 0.10094664427343081 0.26696555281878154 0.022488286567258098 0.39678724603719706 0.4779721120369359
11 274 400 180 -50 0.016106293905902236 0.0420556547723514 -0.11363825025039509 0.9966184562084313 0.22456799314802245 0.0659174676839317 0.20701540929757623
11 140 580 -80 50 0.1929416135729483 0.1858974660969332 -0.21414000970430808 0.8614444160666432 0.01695487572788079 0.4990695623345889 0.01216738672989548
19 130 -320 -120 -25 -0.1959134162119145 -0.018901470193495196 0.19364173095435133 0.8792755092753277 0.8220656481853562 0.6674012051594073 0.895452784885504
20 165 500 120 -25 0.04297623182664728 -0.1632187439798899 -0.03785327026439128 0.5507753868044198 0.20069066708980332 0.21525583604430398 0.5247096221087869
18 62 -280 -180 -125 0.16096333033177573 -0.09309335725366186 -0.16395105811775124 0.041871903369034125 0.7939611246114864 0.8161632035911327 0.9738495300929666
16 333 -20 20 100 0.07945013038038828 0.20833809579800033 -0.02406753237315956 0.41580670450584756 0.9598986923452502 0.7877541236136563 0.7607615077497385
14 417 580 160 50 -0.17763798153538302 -0.02173994462158435 0.14324410462953818 0.36470164867865495 0.5640130100937789 0.30761168005171635 0.3992597336019845
15 304 -580 -40 0 0.19222099866343118 0.05641097947626561 0.20067729292221148 0.423949024193476 0.796001736730573 0.1437593384060426 0.45854642205750196
19 152 -420 140 100 0.032797009133576194 -0.011461350567338102 -0.059650064095196076 0.12781835726934132 0.11579108947678296 0.7330529929732422 0.5698384623485859
15 356 -580 160 100 -0.0692398656480584 0.12682191515285363 0.03702991089448271 0.2756440024333662 0.43052420051170004 0.02736222148514056 0.3778790636304231
20 300 380 -140 -50 0.22320997615956573 -0.24445687492588397 -0.24819447603652972 0.31428543871741965 0.24720958319478492 0.3863110649887467 0.7198692295360656
12 222 -420 100 -50 -0.23754923161976443 0.0052898037948701515 -0.16657053378702125 0.08555807992059317 0.6633379031722513 0.17344263940690252 0.21639606963115465
11 124 480 120 -50 0.23989767825363045 -0.04856179714776898 0.16404234725448208 0.2676783796945563 0.8644548165881328 0.6606406918348356 0.6397009140357691
20 33 -140 -60 50 -0.026432040836648574 -0.18682467730457136 -0.15789277906140575 0.4132841179491744 0.21007403727049823 0.3635254843900322 0.9466021966504041
17 493 -580 -180 -125 0.09548537990200529 0.1528402061033554 -0.05622453593765986 0.031723018463193586 0.9233913777602114 0.416501255250894 0.6880285805098401
19 233 -460 80 -25 -0.24988091365026693 0.14252258310917187 -0.12522514813041435 0.10792371317553429 0.9828688495813058 0.7651746229358017 0.7656811759718191
11 137 280 -100 -100 -0.05664684396147396 -0.07588354248138557 0.004885433518347526 0.10740698824069173 0.5069477927800166 0.927381140919742 0.25879212312582234
17 219 440 -100 75 0.18652325409111298 -0.06387767046158377 -0.19589475318447602 0.18453102215319117 0.49519172668074896 0.4339075939310212 0.7448984673771581
15 413 200 -80 -50 0.06311496126399335 -0.24881171680899122 0.0476190078518125 0.7912533243236358 0.1395270830571873 0.05234048831043292 0.1319952376187501
15 426 -260 -60 25 -0.2022985489777661 0.06275517122512558 -0.001485045414751085 0.303768152909749 0.38993715420500674 0.2588007558363219 0.5814182994213772
16 10 540 -120 -75 0.031076709283250847 -0.21601103522823445 -0.14990278538870044 0.7734546520470486 0.11885491318223751 0.8604581336470447 0.4265974735340612
20 22 160 60 -125 -0.10577884840166579 0.12775387394740478 0.05933946307917215 0.839833056064792 0.18029705013698627 0.8154930104174546 0.5297896365813652
18 291 -340 -20 -125 -0.19763617953170715 0.20848320386868802 0.2436409048715702 0.1378471255960596 0.7112854995217243 0.4156256738770786 0.6558049966010627
15 241 -240 180 125 -0.05376313951454431 -0.19818585621524398 0.038452834874206476 0.2483409781361381 0.2920319133441882 0.4951547704975737 0.08400224074764084
10 426 -400 -60 -75 0.19119172918585875 -0.2214687834796618 0.11646052985563898 0.10104190923029777 0.5600901644512665 0.21502714277818902 0.3794291791625667
15 350 -420 200 100 -0.054732337736772885 -0.025331144913794068 -0.04707360036312919 0.39991875318589365 0.9748584209125932 0.3140566974651863 0.45448694999634054
12 152 280 -80 -50 0.24336847139638074 -0.17667260675855279 0.07079038955394418 0.16352137011690904 0.43420717163975564 0.45218252867482 0.9575183634202901
17 74 -220 -180 100 -0.024885171430765185 -0.18277935903953058 -0.12793615965617022 0.369528499449409 0.9569324040934322 0.6310603187067798 0.6900944139990018
11 488 -140 -200 125 0.1298041477648163 0.04015194700375141 0.18740882842629458 0.11138751877504383 0.0699288325073476 0.41411538403594306 0.8341998727304898
14 75 240 60 -50 0.1827066777775027 -0.05215867337101082 0.18088527867048898 0.5103513613861497 0.6072123237975064 0.37461102819571723 0.25291693676775273
13 493 -340 200 -75 -0.030616416646828737 0.2336516161445784 -0.07208411438663492 0.8834106551922197 0.2521743269878496 0.6477385457868561 0.9525339393760468
19 58 260 100 -125 -0.16049038574433078 -0.22330199431722758 0.167013405475965 0.1363324460232863 0.09465486456672556 0.9125033631262252 0.41488217709740527
10 270 -580 80 25 0.14975005360628946 -0.07594635448320058 -0.14662237815184298 0.9140229327015005 0.660049053595114 0.17656746588896444 0.48779357997406525
11 402 340 -80 -50 -0.0776310979010354 0.24758004207036216 -0.18679715215936282 0.6153287075145761 0.965255211052276 0.3026874881312519 0.9925828836379467
19 498 540 -60 -25 -0.020808452744964234 -0.024583006470190516 -0.14420243525509185 0.17801121974901157 0.5274016495523814 0.0035851546430566428 0.5096491417101258
11 207 -540 -100 100 0.23335658514373814 -0.04940201816825118 0.16677121779199294 0.8220372267448917 0.8515836833085986 0.22346741789894653 0.4392256956044738
10 80 -220 0 0 -0.01933569298751797 0.20548361280278227 -0.24059146602686704 0.37620903710853626 0.13541498681128117 0.21412065918026135 0.8129629913780718
15 250 100 60 50 0.1904887824152201 0.08108722583722133 -0.16529269348884845 0.22899911367674797 0.00897751482530773 0.7359056180955886 0.09354510336112243
10 434 300 0 75 0.14727201035308363 0.21075086189169207 0.14810544495421174 0.5673892211987787 0.4531745104617212 0.7035528249593332 0.731408904541681
12 72 -360 -140 -125 0.0875548825334378 -0.11913375008466087 -0.19412712196279575 0.7946498068444594 0.9215212584745892 0.5816919649513173 0.5222231709874374
15 379 120 -40 50 -0.09909953043356357 -0.15075570946591044 -0.23535504294751042 0.08765718020824442 0.5922588913610205 0.1252492596212086 0.3936057933971886
20 34 200 -180 75 0.10167871110721982 -0.12523361246094594 -0.22218674106445757 0.06960192968525125 0.4987555105004605 0.5276275827554173 0.14536715694769742
12 353 -260 20 100 0.06583347480635243 -0.17707898837595965 0.17448727688093263 0.10827315509429192 0.36968449916562596 0.9147639140027065 0.16473812644666752
16 48 280 -140 100 0.09329493860146165 0.17198629524110187 0.24296810190421364 0.5578448132408494 0.7250799681606775 0.5104574138974292 0.977674433581601
13 48 -340 -140 75 -0.1743115833016795 0.17766072407501748 0.00031794879723245906 0.34908744719241935 0.5858199103505473 0.5859337252214546 0.16943606540731748
15 383 -580 40 125 0.06892465781219764 -0.15308755361133436 0.05242907786501877 0.012591143832896279 0.5633782238123072 0.910027042802379 0.9801453218071338
11 124 -60 180 25 0.014299514439864436 0.235195852262507 0.1719756234104166 0.6382603704642837 0.5679268628930927 0.016972196312302956 0.7687180762521069
17 235 240 -100 25 -0.0808794277686159 0.13344101053379676 0.17189330213295734 0.5784944823223646 0.0025483442926433897 0.09963472724515166 0.962420142394323
10 128 440 -140 100 0.073633820964148 0.06852593331231904 -0.2006543625052104 0.2052510561595713 0.9082657019426402 0.14279076596797113 0.8593505045616286
20 27 320 20 100 -0.2126624643149761 -0.228948325568684 0.1968532172078662 0.15799102916356889 0.09593825839099013 0.44308304582029145 0.5074436837267433
14 278 -420 100 75 0.23852455263824696 -0.014788213909188996 -0.2494488994372397 0.8551337196692445 0.31758854707641004 0.5722605949822843 0.5691620352728335
16 279 320 200 125 -0.0015158084465216048 -0.20824496403252502 -0.041534077307352146 0.2570348924560316 0.35743114852372737 0.16668037751487508 0.9533597279430865
19 332 0 -140 100 0.0407260669410302 -0.05972050926583217 0.0593954735445561 0.3034278229367 0.7327952788569222 0.505304289862672 0.48661604239019707
18 165 460 160 -125 -0.21936442750346563 -0.1986144903480368 -0.20806678458907635 0.49653863352355554 0.5336178951447542 0.18070337559103833 0.32390888091141457
10 67 -580 -140 125 -0.08226436254117964 0.08293973551335926 0.1794437844032747 0.3862060019181295 0.5823375034423713 0.16231689656583714 0.784922101395759
16 180 380 -100 25 -0.05498321395080341 -0.16604038288033202 0.1899716421202357 0.7766037647820022 0.9014783195728236 0.25345286555576085 0.84987543925899
10 340 20 -20 0 -0.20177198196891322 -0.19544548304685916 0.20503037850741718 0.3794643942998035 0.03199196437308316 0.8191271487933725 0.5534489988847624
16 487 -140 200 -125 -0.13801063599527935 0.24162739216445478 -0.009711034792520001 0.290592134558633 0.7413761422132923 0.5746277106546669 0.6477043763237894
12 152 -500 -200 75 -0.0640052329705792 0.06039779796128497 -0.21373245222896442 0.04786443758286951 0.9920845981992166 0.17844569951423073 0.5504461143131928
10 410 600 0 -125 0.23486901726737092 -0.21455323456891634 -0.09433483760915673 0.2853441527538214 0.21670035977346047 0.7158511355529928 0.8834772529769503
18 498 -380 -140 -125 -0.2019142137369963 -0.20239933637712598 -0.20813516035357993 0.6528072455839835 0.3577264792095193 0.08340422633265188 0.8385603099321789
14 67 -400 0 -25 0.18227968681538081 -0.06289735665175533 -0.04341397015254128 0.16700577389608517 0.828026683286173 0.8509853721033862 0.7737721178254603
19 460 440 60 -100 0.2171432185306919 -0.13833998183049928 -0.00969190076437132 0.4230965432079937 0.6581695702759659 0.8702882583046089 0.38643538249699516
12 399 -260 180 125 0.0197409148529899 0.20926185584622026 0.23976092683899486 0.5889501459860558 0.4874466644842793 0.9293265523935438 0.8452723401048269
12 63 -420 -100 75 -0.18411155613068786 -0.15645293901418988 -0.17126437118986865 0.6938989409725108 0.28912621640166736 0.08551951837236127 0.7670908946214811
14 297 -540 80 50 0.07254101663491042 -0.2154638472401449 -0.2448995784033115 0.08000788693842786 0.13421833993257737 0.12273997306868112 0.1082099665813947
19 281 160 80 125 0.17213747592181233 -0.007585554607597911 -0.2394671595626201 0.21630527016412415 0.40415617200026765 0.9966809118266646 0.8988314355695483
13 442 540 120 25 -0.1013144088927363 -0.1189052298906948 -0.07292172396255087 0.3740116281265422 0.9890513628670022 0.11589390135701605 0.47459070954938076
11 327 -100 20 25 -0.08481272351936109 0.16398902682701966 0.19504827870484465 0.2464548310259822 0.4377677999387861 0.49322832757848023 0.9715493647436751
20 80 -340 100 -100 -0.09964781127596972 0.09526780065604473 -0.10316343215728668 0.3054306526249537 0.9681766915159568 0.7671428748589388 0.5648354967663982
11 380 500 80 -100 0.03253003900559559 0.18276974564465814 -0.010729754994023177 0.9992314634459772 0.5951283672349321 0.3045318129567237 0.7609040577060571
11 159 -260 -160 50 0.1659283189696384 -0.0351482207396826 -0.1969947110561503 0.18953476011722958 0.060970947107086615 0.6018617818150734 0.34534425755972287
18 250 -20 -40 -100 0.11145452541805057 -0.09924255955664507 0.09875065113150544 0.09600831152497791 0.9251042631910906 0.4075725754481192 0.8768144176828161
15 355 60 60 0 0.18887382056700203 -0.0747545283973759 -0.11828242841912456 0.09088724801732306 0.6337671628925942 0.8867694373207057 0.23846646530220839
16 286 80 40 25 -0.1791022867521373 -0.025085259169015217 0.11867361325582476 0.9774354641726635 0.30075324222666977 0.6383025103176079 0.7349356864920159
19 446 580 100 75 -0.19037073913852265 -0.24067020325935118 -0.01444556903834876 0.829211919663683 0.810838626627662 0.5542281622743112 0.21852206411498232
18 412 -200 -140 -125 0.047162826644248035 0.09421255418632835 -0.24308378398554015 0.30948513482487194 0.5664999853544064 0.8366384172650981 0.5809100548533717
17 335 -600 -100 -100 -0.20419702512905114 0.013714535130099847 0.15371001552571617 0.9665814938537428 0.8674710934299195 0.4518215120906336 0.7715659567695954
10 414 200 0 75 0.2398010149258623 -0.19395416787856345 -0.24073717852831006 0.7594565826268304 0.20980732878225783 0.7817054977545594 0.25883309249425657
15 470 540 140 100 -0.06530699019398167 -0.24854185571307447 0.09240151086033999 0.430166710848897 0.44985972369895966 0.05356053912926484 0.18844578148585056
13 9 -560 -120 -25 0.11266698964958038 -0.1380014806070909 -0.09970080243270613 0.7187235113396244 0.41351723726012535 0.47284765800542994 0.11547519750633839
17 407 -560 -200 0 0.005006706277622064 -0.0584608830326957 -0.06441438208676636 0.9594026412256238 0.8520778695286416 0.4217464429595428 0.2159281391616369
10 388 120 -40 -25 0.21387399757674525 -0.05454004037755272 0.06332069338963014 0.0013126181009811555 0.47444503168157615 0.5541038420029782 0.20328913849443053
13 428 240 -40 50 0.23241921364939805 -0.028777610590250524 0.06709580043962143 0.5694026474929597 0.419055532464242 0.3782663976728987 0.47246824271243293
13 286 180 -180 -75 -0.21974910570502587 0.18986629958401802 0.21470084776165577 0.4932592318102058 0.1257830769690622 0.28726935353378735 0.7348425518658619
19 64 20 20 100 -0.16314794178268988 -0.15354910825057072 0.24680823159722698 0.5137877393304122 0.5965129878967048 0.12217960764156244 0.30021052726572295
12 391 360 -160 100 0.1563755536013698 -0.1875533802897107 -0.24380552096989766 0.6276284307464602 0.6742911712449681 0.9918737318695477 0.26499119445390507
12 428 -20 80 -75 0.15267501114918025 -0.213213840772498 0.025630479078423862 0.21591700139098757 0.2788097461303066 0.1429357849890185 0.14888148387458477
10 270 380 20 125 -0.00946897255529594 -0.0008882391184098504 -0.08093890356723371 0.619733784259575 0.017190607408231973 0.6140790729228716 0.523766190075245
20 282 40 -160 0 0.0736320000964254 0.19832671392620915 -0.0418475907410541 0.9188086899090384 0.7673148652428677 0.6078590026266874 0.5041188949906098
13 485 120 -40 75 0.09148733280866195 -0.20644384419551043 -0.15417179465557695 0.2569306680608189 0.6765469316061907 0.6724580874570601 0.6961534884012309
16 295 540 140 -100 0.1987502015762173 -0.022190048958524333 -0.17107900751416322 0.17609749154960064 0.39176197985057837 0.11444056943351577 0.22050830810568678
10 205 240 120 75 0.23995463994273664 -0.22889593041205097 0.06025421285854693 0.09231546256598921 0.25169372519868527 0.8737952883965793 0.15166300675119504
11 262 0 -140 -50 -0.2017551419344893 0.01073626917235243 -0.010754578896323919 0.7359509958544332 0.3927960829445759 0.5226941310126888 0.42407393312832675
17 366 -280 -20 25 -0.13909490759537885 0.11509742650782884 0.2419937738611116 0.9101214353228959 0.48367703643410387 0.6941275051734489 0.38097488101297594
19 223 480 -200 -125 0.003927193086456782 -0.09426379433254994 -0.07791578202442173 0.5263456919424824 0.6735102733046078 0.25828856894073093 0.20560094770621362
15 344 -500 -160 -100 -0.21255018024440803 0.09513524679740504 0.03783313464631777 0.7591771458068934 0.0221820841179019 0.7610753693790965 0.3801814069061289
20 171 -100 -80 25 0.18529950975108883 -0.18395314552162917 0.15313921895249255 0.4708824432586073 0.7623235608791427 0.1579808161690417 0.47814077327540905
17 23 280 140 25 -0.09038738944356495 -0.07266021351496582 0.0031885719375247534 0.2279273916012431 0.8139414945211346 0.759249016738324 0.7156290253065846
11 148 -600 60 100 0.13969067806077246 0.0021565344317481805 -0.10145541915898687 0.45908560040791413 0.7117602616382566 0.7656066388722128 0.09251872417741935
15 172 -500 180 125 -0.16527935735643867 -0.0351107701871623 0.11569956630356615 0.20317851801360176 0.8537302807713224 0.2277319472745838 0.7513182195384784
12 153 -600 60 -100 -0.13861331078539157 -0.02049288595538945 0.020410694965412646 0.3396857082962442 0.2872447806370364 0.6986167756850568 0.6600068912434428
19 88 -500 40 75 -0.08389993996352335 0.11461793417288646 0.16215368255121632 0.24587626384949446 0.9541013884714826 0.2249268281656469 0.757876539307019
16 484 180 -20 -25 0.2446950567859083 -0.22847470024674765 0.19412931837116215 0.11369474457161788 0.5350731937877782 0.9702838291073013 0.7887907104917419
15 55 0 -60 75 -0.044131860413503976 -0.11134485106575748 0.1302290065681338 0.37632887125405434 0.714165901089978 0.0717161083100426 0.31175140052368067
17 84 -320 -40 -25 0.03512838400696672 -0.07044898172236719 0.12269733721989717 0.32257522570907227 0.32812306761056864 0.38694987776451983 0.20123841357457706
20 477 580 -120 -100 0.10242647015012063 0.040199902877412874 -0.1499622922619202 0.25888078849306384 0.8681832171249811 0.9043790955423188 0.19875680681568297
19 195 380 -120 -125 0.04132526715041923 -0.23917585195173874 -0.08324558807144644 0.8566466854282593 0.9495917152115543 0.3666063141895458 0.11872679311150092
17 265 -480 60 25 -0.08776910877891869 0.12525258647692977 0.24731491375937042 0.031547810635054185 0.22656443609146637 0.544750182285096 0.0027043552865589904
19 276 -360 140 75 0.00025979783448931704 0.18465220363840307 -0.037699467352453164 0.13690376521340875 0.23185151641836366 0.7532002051601033 0.711855539784253
15 435 60 -180 -75 -0.21637638588544827 -0.10002799328116024 -0.16664319074900663 0.7322736430612768 0.9920258247640054 0.021996498172600076 0.4022468910773056
14 195 240 180 -75 -0.12838896425991758 -0.17811670527129098 0.1803270437040857 0.10242123228107447 0.9354948184648866 0.595200176657978 0.947387366431151
15 362 -60 0 -75 0.09371343424469042 0.1697147971318937 -0.04012156693151703 0.2844793545488473 0.603299576437143 0.9697152157861993 0.10252793177022479
17 41 260 40 25 0.21583440061794357 -0.03549062723239338 0.004741379767574161 0.8914280557519706 0.11678370434129337 0.43114272787891883 0.533578604916023
14 142 -540 60 100 -0.03517089609255164 -0.19544616084371014 -0.09911400153699296 0.2786048744105851 0.8679699509172963 0.9999636016415908 0.9721677647032244
13 187 220 -180 125 -0.23368719889317824 0.22605494272545618 -0.06516446590875674 0.3507353395273355 0.5485946405841623 0.16918342989205282 0.29881864954783854
10 484 -380 -120 -75 -0.24478476326400195 0.02994394635674369 0.19622937398536533 0.9200871951953974 0.6359582883535949 0.8748654018089163 0.2914817395111903
12 244 -420 -60 -25 -0.19898587325676503 -0.10609171184640698 0.23900660047404554 0.5435146082947134 0.9473338619772818 0.31532459561634385 0.7663121016590573
12 94 -300 -20 -75 -0.12374724943795878 -0.18193720061094032 0.13228627626630202 0.3012069880665612 0.28409710942479083 0.3294671401624285 0.4725919011893921
19 467 100 160 -75 0.006343743896781606 0.1663307106372997 0.033307451199154015 0.1114818432571617 0.5344819948886322 0.7263712935842424 0.8274195516735261
15 24 -360 120 -25 -0.13795005114326275 0.017557932897396655 -0.11495679508449674 0.4998382009037967 0.8684486400068904 0.38802052353393024 0.44539033089079316
17 265 -400 -160 -100 0.20265933023471416 0.020378884056340807 0.05293857154026882 0.505585962099444 0.6988906829982612 0.10391392987961301 0.5383979230181904
12 279 -580 -140 25 0.22908009222105696 -0.13473766366223872 -0.21741349731972254 0.6263851090485469 0.9427397085346584 0.08656991646050038 0.5448793392117838
17 323 160 -180 -75 -0.082823242750383 0.030850219556403824 -0.24452733304344265 0.17020545948748977 0.4456069845243458 0.6081323551876405 0.6586423189685374
13 370 500 -40 25 0.17094189822389733 0.02746038513116561 -0.1472942531160636 0.9939740720946616 0.10967358462294785 0.4921737084232427 0.6861153715888877
10 245 -440 -60 25 -0.12263398320474284 0.12649556534213613 -0.04388663999519449 0.038356074864367984 0.4175351901097062 0.8506644042002125 0.6818413180342004
14 84 -480 80 -25 -0.029980421000349422 -0.08546827717646321 -0.17408851472180975 0.7670485267747265 0.42460544967218605 0.3590251373635561 0.18213513497996026
19 116 -80 20 75 0.002741348689000611 -0.224721737539811 0.02579709498679733 0.5124230344674713 0.5729051776317965 0.9126842520744081 0.03869583641399921
16 305 -340 20 50 -0.18698479783005478 0.10900250693349461 -0.09999067374653603 0.43968226629310136 0.9944361144372693 0.9511443345818055 0.8967950773811914
17 490 60 -80 0 0.026403935896324338 0.21589998492118606 -0.001296899504028115 0.7384206675136527 0.7594655680054021 0.36665595900958303 0.0633342865842581
16 253 -320 -80 0 -0.1170563674210407 0.1432610079231002 -0.07347608079745599 0.3753247697059584 0.44331251430842566 0.1766641906351134 0.8755243213345576
10 33 160 -140 50 0.025111698934332682 -0.05240943516831775 0.04477265058197516 0.6268847927540204 0.9640460317077371 0.31515751376519185 0.8652469688876459
10 157 520 160 75 0.11979686597034811 0.1599746301197928 -0.23640692858814172 0.7322212357452726 0.13621756372639748 0.5962071362477618 0.36853395075359086
19 151 -100 -20 -100 0.13031076499556954 -0.012719998674577015 -0.1107937331381531 0.8679734916926434 0.3072549125357973 0.160232823387352 0.30547077312132653
10 417 -60 140 -75 0.045286494590460025 0.06501387281636772 -0.08823798402097649 0.45987623803233957 0.3719243670443657 0.4995777682288546 0.1428430877528889
15 196 -120 200 -25 -0.18065292977164937 -0.24433631314686854 -0.18353022765715143 0.18774912306713543 0.10251078679395631 0.03855389833113865 0.18031271869537024
17 441 580 -40 25 0.15931159279472973 -0.06346713140994026 -0.058446593422609716 0.1426618421080973 0.7556325273397267 0.6893363315574798 0.08244315638878696
12 276 -120 40 -125 0.0005241638793154757 -0.2412068294221928 0.11540715541979035 0.46196705354805756 0.9157004066894122 0.7955100473184404 0.5794885667843941
17 415 180 0 -100 0.1978711074422646 0.0588505638489904 -0.20084462722665047 0.02476366426887533 0.8015182421349568 0.11630120174631098 0.3165961176553397
11 401 540 60 -125 0.06053139283587616 -0.08169996194955076 -0.20989255784856148 0.09762482438251863 0.35706260963932 0.31808513775397906 0.5675780980696679
18 57 -600 180 125 0.17865436521152284 -0.1063078021506017 0.23238907457626573 0.22648872337545245 0.7580751945326542 0.7196569364269269 0.6385299541072037
14 270 240 -180 -100 -0.20676217531739438 -0.22065548426501663 -0.17498687050851525 0.2621061312899772 0.7069733924659085 0.5702528158257607 0.042477160685660764
20 444 480 -180 125 -0.09279281764939973 0.15530412985048087 0.09147735902134374 0.20698045898813633 0.4605578542565447 0.34285712118023903 0.2731888737161511
17 202 -460 -120 0 0.1523218320198187 -0.1475341468398439 0.09963163835522271 0.27022452767792593 0.47512462842349057 0.08368554716282373 0.6020265319319816
16 152 -160 -140 75 -0.20892507216861333 0.20506594030560998 -0.0900184409202674 0.8285672226198495 0.40605255946666796 0.41194899376536254 0.40143618721605145
10 25 540 40 0 0.2482885866768298 -0.06364064494725752 -0.0516634446612621 0.22142759860203698 0.27411460715113267 0.8541017440224236 0.8301008528675823
18 301 140 200 -50 -0.1386332385871072 0.24112781456096494 -0.24464161475020746 0.2890737681248521 0.631235358755138 0.02516574803455629 0.8254760712831207
11 186 40 -200 25 0.20472208495296557 -0.14527086903350078 0.018382909468240782 0.13538429792994267 0.14138310542271737 0.1660694709398859 0.949025979247102
17 480 -80 -40 125 0.13695382505149745 -0.2232107595401891 0.004840788922176653 0.26512674345645926 0.8703669763653397 0.3706598293798593 0.20424417861534938
18 449 280 40 -25 -0.17905195079162517 0.07881175743866009 0.09877639051651488 0.5034758180847309 0.638757876869758 0.029536483527544788 0.7055474391497952
15 308 -200 140 100 -0.05841579482221987 0.22971539556965953 -0.025581984793675405 0.22526497222672215 0.8314353459928697 0.21922885961616367 0.9081812961328606
17 252 200 -160 25 0.20850890671874073 0.053629423999905446 -0.005696417191657865 0.06036845459122164 0.2855450386009061 0.7665205853272093 0.24252422721001032
17 173 -260 160 125 0.00753457217882364 0.13144288861622017 -0.06428621499387 0.5431548801550666 0.5981878648771053 0.012269387203468818 0.011654666722841989
20 245 -100 -20 -25 0.002728662629307599 -0.09508135037775928 -0.13277875471850586 0.9943998454966142 0.48597286041301624 0.8997956868088332 0.11572082212968549
14 439 -380 -180 100 -0.04889443934523141 -0.17820731277428037 -0.12482884475035716 0.6213630130187086 0.41246542927447494 0.8855875592679879 0.4188810292009679
12 430 -40 20 -125 0.11331246548548685 0.10848702848306307 0.0316966094833952 0.6813534475932304 0.283537474953408 0.11854053619996852 0.09998361336070827
16 207 -600 20 -25 -0.07468531987279925 0.24135506444131338 0.1109637301651446 0.3347752192327923 0.7325543450197692 0.6150997797914499 0.4977227669502611
17 114 -360 -160 25 -0.1360598332353723 0.20290441909330476 -0.12937692433927933 0.5939458098436196 0.4611536250761048 0.15173056698986243 0.2898318498335267
12 392 -140 -80 125 -0.22595250201699713 -0.0018307864799345652 -0.21466428723442504 0.23072162797706586 0.22032312508723995 0.8940878393210518 0.5595226955030578
20 70 -240 -180 -100 0.13985413792312873 -0.03191912555268017 -0.009207976085681746 0.25888762491422856 0.1975538788241903 0.20173631140227144 0.3050002861999541
18 282 -380 100 -25 -0.11613570056788086 -0.11360332266392659 0.1420258074014909 0.8475517510144914 0.9662471022288929 0.19306585036556367 0.5975950595646358
13 45 500 -160 100 0.07394918131258199 -0.005115015922009414 0.20517753954200296 0.3279153899030237 0.8678312705017656 0.1363824972823965 0.8533921900179099
14 410 580 -80 75 -0.006451848833009588 0.08777973812584172 0.16213616861745445 0.07520580200431382 0.052856273576383006 0.08055099337902871 0.18502619497297346
10 326 -80 160 125 0.17429043081959622 -0.08654517489584779 -0.17710544625731017 0.41174205236312944 0.37740570283398855 0.653424523678633 0.563621481008262
10 403 -540 -180 125 -0.09666529598198642 -0.16542961509683957 0.07508586252436994 0.018511471313741312 0.7194400247410536 0.26971119930195553 0.5736840751608028
20 469 -420 -120 0 -0.07799049226962784 -0.05898444261658692 0.11449086412870674 0.010854836896102116 0.796502301884204 0.062336777617517214 0.5971627551237488
10 494 80 200 50 -0.11179052311518167 -0.061114928042132366 -0.16007426014376952 0.13133440532725216 0.44875482973612923 0.9503074281141622 0.8477722769299755
14 481 -40 200 125 0.22562495623194656 0.09458414912057722 0.08002103220694423 0.17865967218732248 0.7387864069106971 0.415739168310446 0.5323182815245133
13 345 260 180 75 -0.13710296987125464 0.07641179138482668 -0.08878507722993823 0.5809757542546055 0.4879419580163469 0.6518959537304091 0.8269332527004969
14 20 160 -120 100 -0.035510114938749116 -0.016817003663115948 -0.07038286463474752 0.520177861323996 0.07142197234231185 0.6680577979040726 0.48123176653934674
11 370 -120 -180 100 0.1862303713849805 -0.22149946299098633 -0.03281657376143915 0.3118093815952686 0.9677681363344449 0.8818291043245837 0.5569908838701857
14 389 340 80 75 0.037549049668425816 0.21056114022479605 -0.15339038249023718 0.3283291043064811 0.2860886491501172 0.0005565706067186538 0.5940436973396599
19 221 -100 100 100 -0.03229099496139265 -0.007197320302677057 -0.11700624289768147 0.05161973705674616 0.3336243525207936 0.0784769746242302 0.9487325028645763
10 197 240 -200 0 -0.13035540239427407 -0.08277912229439222 0.05829943421830158 0.7456657095802156 0.9182970510243726 0.793568558933051 0.09921015013467194
20 156 320 20 -125 -0.08265115976168685 0.22817640995203992 -0.21873914441566567 0.3604187452180184 0.2698700743109722 0.6880873783200125 0.519469562892535
17 309 540 60 -75 -0.24553728529605479 0.2114483649982989 -0.11475444598558343 0.3710719294153767 0.9411049538044208 0.9001450684452064 0.4298232862695467
12 136 580 -160 -50 0.09858314018373271 0.0027737873501288424 0.18662848933185788 0.8550732538680348 0.5298933803100551 0.09239940492234477 0.2265723298989366
18 154 -420 -140 -50 0.19252173184802968 0.20530866902378792 0.06689573439723406 0.909673004047639 0.6314602738470089 0.023458063026126186 0.27435799651923287
10 71 560 -80 -100 0.23990935629329335 0.07952930947770126 0.12167288623311673 0.8597536867525294 0.02873029747517486 0.8206284231879586 0.38425534487766766
14 361 460 -180 50 0.09174417505270488 0.05155578887585893 0.006142120889290725 0.23551256848373914 0.7696206745409827 0.04274704031316512 0.21529048172530374
19 429 40 -60 -25 0.0018404601523105968 0.08349001378920223 -0.04154262213923654 0.29326148037229816 0.05490317397597544 0.9790283316495567 0.15981200484856917
10 232 20 -180 25 -0.176003193150498 0.09111180301307664 -0.10423254277362914 0.7008460009501185 0.6303866108102321 0.20107767832343726 0.4660024764251236
16 13 -120 200 -100 -0.19920755903010362 -0.009133255132458384 -0.07950905108221806 0.12320539872035219 0.5383753213910001 0.8733420638774955 0.9348627038620841
18 150 60 -100 50 -0.017014207700613848 0.19008867846138455 0.23887909425057446 0.9999623329825629 0.3529287547849076 0.4749795870821809 0.9678786987193795
20 113 560 -200 125 -0.06343458698351934 -0.046867336644971114 -0.21200774901611075 0.976664779667301 0.6706227767459381 0.20755227286293088 0.0008747050232926767
13 52 400 60 -125 -0.05727209092638619 -0.14277646105195646 -0.18507990188736656 0.6391932223733604 0.7653525960692762 0.7489761305864404 0.8219954978989533
19 329 440 200 -125 0.046912439595319155 0.09358983821224975 0.11672171109246354 0.2026502841719383 0.3138728820304031 0.3129623948612138 0.13842241258213972
12 411 160 20 25 -0.18265204979723415 -0.178930813459439 -0.19094397082352427 0.44250927964353715 0.15726046841867358 0.5211644808523639 0.8530602491705959
18 371 460 80 0 0.16868464389750143 0.0900982619721768 0.07883969919129336 0.9661225494471265 0.5792679630443776 0.5194036737814662 0.6057981743122149
14 397 -80 40 75 0.10946740323317716 0.2174600607534789 0.12150053985119319 0.5540439327027522 0.5989842546987801 0.315603573735332 0.7912541016916458
17 195 -140 -180 -25 -0.18445540266876764 0.21841731358166255 0.19983634764356606 0.5297868601159926 0.3406110779573873 0.7575659353470107 0.7230107143125806
14 248 140 -160 -125 -0.21473701600691636 0.17158091422041644 -0.06367613628948543 0.5497896435967724 0.172166407314697 0.7812110127823257 0.8031322022323569
14 143 -220 -100 -100 0.22025741421782152 0.08082044115968506 -0.23852096371861292 0.287216908965524 0.313834578061598 0.6091834626209648 0.40018508743955694
13 211 580 0 50 -0.23878032375398822 0.08323612684799825 0.034756922356986464 0.2632816760106417 0.25115727661313525 0.8760586179086073 0.36890337700103826
14 304 -440 100 25 -0.12902157124520153 -0.14062109240820608 -0.010844041644682112 0.16240457538676478 0.4502884109515264 0.5327973842636771 0.11590844931578126
20 275 160 20 -25 -0.24870635667272573 0.14259493294439285 0.024493049170529857 0.041350009696106804 0.7848699936645 0.2102235929336237 0.6837373971322898
10 343 160 120 75 0.12383641669322237 0.235397906718312 0.10379200388508758 0.6935521677497956 0.007326731868006475 0.48796412784000975 0.4357516775848401
18 431 220 160 25 0.0279202364242509 -0.12486724658660481 0.0008392583632259032 0.25905352460623965 0.47608529972701885 0.10758656085206986 0.680637689974174
14 441 280 160 -75 0.19772272710789146 0.2189588439091883 0.20503212430871465 0.7668859929906099 0.4540913175995529 0.5077169390695163 0.7211232431971316
14 88 -420 140 -50 0.2247857329457455 -0.2010975942833702 -0.052614333625474574 0.005513801715686384 0.7977886701288354 0.109645116420105 0.64949943269557
13 123 300 160 50 -0.2186002508930841 -0.245404891809071 0.11504379335432785 0.2720862031273955 0.16346203805536919 0.5833538849413042 0.7524479755906847
18 216 -440 100 -75 0.07864781031480511 0.08679331320243644 -0.023791177245672812 0.5369269003517844 0.22000987635192604 0.7492614965346233 0.7179908782185429
12 48 60 -80 -25 0.22661811335647786 -0.23867843052907928 -0.06240891943008098 0.2171655008132396 0.6401115067364692 0.6772440893101977 0.7765800827516386
19 48 280 80 -25 -0.14321836442556407 0.050234607816008525 0.06415872701643288 0.9581231517622516 0.22006963543274538 0.5068456957566102 0.30103519419159885
10 47 -460 200 25 -0.07016381679137651 -0.20721613669639943 -0.054729584071373294 0.33761617031675273 0.2507082360138587 0.6261322614096503 0.7743520619554162
17 4 0 -120 -50 0.17975989669309494 -0.2403759281758353 -0.10389626087802228 0.7625194578567719 0.6940952508942719 0.9163511372957172 0.2545595886463061
10 453 -300 100 -100 -0.009782227170801183 -0.08049562446343228 -0.21329449524199828 0.7715757172390671 0.7224886464857573 0.44346975645059694 0.2305047141067902
11 413 540 160 125 -0.16775873973463817 -0.17666700810800906 -0.14855176696759287 0.346369102649424 0.6500363180124649 0.7417894186128052 0.27707157325734266
13 271 580 80 75 -0.09165990375242689 -0.006149436706012312 -0.139308805132612 0.6418943164434112 0.30610020861155174 0.08697050155580455 0.4071377756240767
19 375 280 -120 -50 0.09743127259558781 -0.2151767803578073 0.0922189583244657 0.47754544047539904 0.9395645942134362 0.03164204268271831 0.37069896446440265
15 367 -380 -80 75 0.19989945143188498 0.09517351356961085 -0.2434553724888926 0.5129487419964888 0.8799344106838068 0.5136978343549129 0.956842226628975
20 355 360 60 -25 -0.23053210678391223 0.2174361268179944 -0.08831467682795419 0.7043110003667009 0.4253586926002656 0.11207587457715129 0.3086454019783492
17 229 -160 40 25 0.019766705932591055 0.03150951123899681 -0.008762542806865503 0.03662640404189521 0.7364013737366478 0.6010046411337063 0.38366713385977247
14 264 380 -140 -125 0.01760083915331201 0.12426541162140892 0.0507324810828822 0.3246897047175942 0.7479447630844377 0.0780580203248582 0.5835265523373466
11 388 240 80 -75 -0.0630417151889891 -0.012234082843592287 0.1890041594620827 0.49707089159247764 0.8675785985586514 0.1954042216071128 0.11292652906622414
11 464 280 -180 -75 -0.10655884517964331 -0.20519847609149244 0.20895828853568132 0.8511017331540243 0.10961321166947202 0.5642297869442303 0.5668740531884832
18 171 180 -40 50 -0.24489244154006828 0.11213460833967209 -0.21337833224395492 0.0829255090673916 0.6360054698884458 0.0881370328034673 0.7992482042706505
12 491 -180 80 -50 0.141250709882979 -0.00622259562214339 0.07846688435839944 0.24013023619524942 0.48176576033561325 0.193428375045393 0.989979585002088
17 197 -320 -60 125 -0.1292662806379451 -0.005589979571403447 -0.07254775675467856 0.8297883580785572 0.42427677241953377 0.8817169383302611 0.10279751986101349
12 126 -500 140 100 0.0827666655104059 -0.04706235423760141 -0.18308796842078212 0.9159468097944368 0.09416397655168451 0.595162575146706 0.08728142423470009
19 295 -360 200 125 0.08260672378749928 -0.11626013362236065 -0.09455283777492196 0.3961230860186188 0.33532685424887343 0.7817123382269533 0.08978187436756124
20 75 140 80 125 -0.01823601427480226 -0.03736502611056025 -0.11961448982109912 0.4390068056601367 0.10460983472402063 0.5696383430006933 0.4127001961760035
19 321 -480 200 -125 -0.24221930402067615 0.15806298669168423 0.2286607403919284 0.382603688711753 0.006128779532657225 0.7957291546606203 0.9580509970925248
10 344 400 200 0 -0.13665525052272404 0.15562352126172357 -0.0030081962541442797 0.4105267215424532 0.19814528562331635 0.7269866668893051 0.7187913634683397
15 166 -140 160 -25 -0.13111739226668778 0.15662618246297938 -0.10532865828239518 0.7284651149019075 0.5963385147714072 0.42265185937638705 0.7986911543553683
13 186 240 -180 75 0.1194405146597568 0.066164235511736 -0.13563918276069925 0.37922435302439017 0.5565248404812682 0.8488145008101814 0.6529273625984926
17 490 -280 -120 -50 0.08984417382771537 -0.02420668485531946 0.22371632771891276 0.02757970936117604 0.10042204076361583 0.7274117971610559 0.30952823602936497
16 175 -240 140 75 0.0691019713488108 0.19959089852805512 -0.07414353511819244 0.9616230531364057 0.3813873659443483 0.21872227898588315 0.19691914348763728
19 371 200 80 0 -0.008969287558722117 0.17967679502166473 0.11707479160416923 0.6310830929951622 0.4167439863215818 0.36896475215822966 0.34326724353744253
10 206 -140 -40 -75 -0.04628212551356298 -0.05366910991376794 0.032372310916446045 0.5555237650282661 0.8821424905780203 0.40487280042958373 0.11838495872070764
12 340 200 -20 0 -0.028567237709352433 -0.10103374733266351 -0.09897223695736224 0.4960687680223992 0.02839129613625191 0.3452423473855376 0.02682966032666667
16 397 120 -100 -125 0.09793535623788241 -0.046814139327092386 0.17288838914636012 0.3415787875322117 0.28199018807396736 0.312924764231278 0.8657832589308201
16 12 -220 -200 25 0.15544307631690557 0.16696973290272288 -0.012643862614662327 0.3390338072687239 0.046744988474633264 0.06244822140255413 0.4498780839170232
12 266 -240 -20 -50 -0.09417831307401131 0.09162602948645948 0.12331883706513058 0.6978649322760457 0.2932105955915688 0.3041714301652009 0.7237441102482779
11 345 340 -160 -50 0.16995377567674474 -0.24860394125561586 0.025744775613786575 0.050587280025776615 0.3296957774403766 0.06482587328463651 0.0354042866561286
14 294 -520 20 -125 -0.0984168837564856 -0.06629107359042469 0.15777818120237896 0.6339096055051849 0.8692454268591066 0.17574641831717353 0.34007518556504146
20 34 -260 180 -50 0.12077686697110385 0.07083848190308223 -0.14694198239336714 0.15317486134503056 0.08950749930800639 0.9234431949435322 0.7344921735654198
19 373 240 60 100 0.029033896827110717 -0.19052118115617 -0.09430024954937316 0.22457515748232804 0.36382572608527153 0.6905687381677384 0.5111681234423958
16 60 100 20 50 0.20699988466318292 -0.13541167536159426 0.1947731830205679 0.9379766087375953 0.9450271454031004 0.5038664639533633 0.6534495176538652
11 14 -40 -200 0 -0.02615944643361845 -0.19585847756082603 -0.09542607680597986 0.8371377764045324 0.6898259341975633 0.8539609416898573 0.33615161921206904
18 172 380 160 -75 0.041697971214734675 -0.10392331799719501 -0.04599851389875376 0.5658480353999941 0.7169076103391296 0.579573141785745 0.081538321208523
20 69 200 -60 25 -0.0006340862935801383 -0.17788702447688987 -0.24029850737089054 0.46318868084449083 0.32377058252568713 0.3216341289878608 0.40120562586190545
14 87 360 40 0 -0.14566720895694518 -0.09882838395315424 0.22242874496218923 0.04173362028617533 0.9555170624343594 0.38162643194605594 0.4234974868799255
18 397 -20 -20 -100 0.022992417779751195 0.05927566873240442 0.08993653725560741 0.17273906006355955 0.112685711270048 0.5643351154513249 0.3115981054000291
14 484 140 100 -25 0.18136036642207132 -0.14069885160189383 0.24858471802549115 0.6780625628105285 0.8629268441008845 0.1388085298761672 0.29082375344890554
10 79 -300 -180 -50 0.1897898783524007 -0.21554792825332486 0.0753415170038178 0.1346497922481863 0.8288366928592739 0.2150264906390814 0.23182939475348496
11 357 340 -200 -75 0.05338513913932352 -0.1693513020015422 0.1379145655134174 0.173537496411723 0.29036190952240626 0.5670376811068348 0.1396256972059009
12 470 -600 0 0 0.10863125240994359 0.0952715401499864 -0.2121943833630351 0.01531385533603491 0.3279042672555682 0.5913118228780854 0.8372094237551139
11 409 -320 -160 75 0.03982287610239171 -0.16817594633686384 0.0053691007680994884 0.7084921015688735 0.996555062608643 0.09081988896757964 0.5310666796583906
15 392 -420 -160 125 0.02332548172019211 0.1029379845021785 0.10445161621014393 0.20207674118752272 0.5127582338234137 0.45288601072575685 0.5097999099601765
19 127 380 -160 50 -0.15514169458848864 0.17197911965130697 -0.005886084195408314 0.010749189878603072 0.3371834516398944 0.28707852498784603 0.40889046666627615
17 89 200 -80 50 -0.005356143396900492 0.08247610737257871 0.2110048665304824 0.9575218586089638 0.08171715772316024 0.052411769929873286 0.7274555533861466
17 366 -140 -200 50 -0.07174501377138415 -0.007967287975569615 0.1760906808393169 0.06423073255757628 0.40975122815370557 0.9446269973959066 0.9947881756266262
19 236 -580 180 25 0.23086476720747956 0.1601275300949414 0.21542497301787028 0.3787327313952127 0.6185084478315588 0.8345956728149996 0.09161218992214104
19 25 -60 120 25 0.1205535696169302 0.013455307628545132 -0.1910351650616703 0.8804047228225635 0.035296335856490946 0.8813052996192233 0.22114476460412835
19 382 220 -200 50 -0.13912748416766457 -0.0611053886471683 0.1750854080648821 0.5229792745842249 0.7175203200320442 0.4501951016250664 0.9427785869424136
20 267 480 -120 100 0.17542435134617324 0.16243441157248922 0.05626713410096634 0.06737027121962558 0.4572360927822059 0.4934043561174164 0.8104835398719388
14 460 -320 -120 25 -0.1325305096951198 -0.21965328244239152 -0.010160559101042854 0.8079963714713814 0.3397314603418412 0.3892679804716149 0.9461514127356652
16 6 -20 60 -75 -0.1973599750079384 -0.024489319831710377 0.008678055781388305 0.32164436021886567 0.5475404143576836 0.7733800020163094 0.07776876017433454
13 30 560 80 -75 0.16369512498687094 0.24642825993633816 0.05312474215180352 0.4230219227581098 0.2673684522696872 0.2054368205049344 0.821851134460891
18 80 -600 200 -75 -0.2070167525486486 0.22474888544546945 0.13113615523184796 0.5753720232219743 0.2500670333047772 0.3957022120444097 0.3752055439500991
17 303 500 100 25 -0.011913378141920006 -0.09384294366929496 -0.20177931032151336 0.44739752568592583 0.5363655472513671 0.5265284115930708 0.391248257966761
16 280 580 60 125 -0.036508039617922095 0.06233270963530857 0.1269442040408959 0.8774560696873751 0.3784550315155534 0.3430995112893973 0.24218385007117205
20 101 -100 140 100 0.20702155612755968 0.1089977391520301 0.07544498667225807 0.6213468717969383 0.98474880378554 0.4734696529953958 0.9206949627794865
11 42 180 0 -75 -0.17164837597286964 0.005289087817811233 -0.16554197581113644 0.04065515357568217 0.9225386760502439 0.8776236713948107 0.9132147906885917
15 480 -440 80 -100 -0.11037305213489235 0.09549782862992456 0.11868527225847375 0.814838538254679 0.19722393131662774 0.9249460975028179 0.8968581931016297
15 180 -400 160 0 0.20032931182801683 -0.09477835554098518 -0.14110544284285015 0.8346135878487309 0.7899399366441466 0.8570212460718418 0.5769178149357472
16 256 520 140 50 0.24597520610837603 0.12025768622813271 -0.19698677854554386 0.6803033512041707 0.4311291104177821 0.5612456788963386 0.7663791253760179
16 158 180 20 -100 0.07281010990137093 0.0572119783342816 0.11108422233107634 0.3092306203140086 0.3583501303211104 0.4188405930313762 0.343633557673947
17 201 20 100 50 -0.06917456266106314 0.22535140697912442 0.06872846988283443 0.9093918265440536 0.11533401817074551 0.9730711117977632 0.9200169157004726
17 24 -600 40 100 -0.06049530458092561 0.053155403628669495 0.21928466786873813 0.1340284321161287 0.7257193081775594 0.3125506192900178 0.3163031096002278
15 37 60 -120 -25 0.049889216199388076 0.11940493793574236 -0.21765913146042504 0.8615059644922435 0.504660382896295 0.5380515817421913 0.9620647758897735
17 437 -260 -100 125 0.18581471212582734 -0.016256104380913794 -0.17643712911905607 0.7935060466539138 0.7687797794623166 0.6203196475944585 0.3368786071555795
11 308 460 -60 -125 0.12010435050854229 -0.034320970021812225 0.17451489180492902 0.6347644940334747 0.9146818932636273 0.9283202457899493 0.8637032814738563
13 450 -560 60 0 -0.23035992357068036 0.05148912310252479 -0.12508715708775792 0.9329890384494587 0.5984329167470372 0.4140388381985136 0.8577664559135392
12 4 420 0 0 -0.19139350530833354 0.025470062749035183 0.14577671651556623 0.916895229029151 0.8608268722698174 0.6427455409169306 0.21462083064695736
12 311 -460 80 0 -0.15401049398733208 -0.08783357622669496 -0.06889470851157375 0.5981695020074875 0.02039103160545852 0.9577504677932905 0.05300274616129519
15 273 520 200 125 -0.1034155762466396 0.03293922440043723 0.10591409075470598 0.2598894020390581 0.2785852085933377 0.5033276314028076 0.18964141534250845
10 12 -100 120 75 -0.14309556106793114 -0.06656126622641673 -0.04832993641542671 0.07304647429366662 0.9392321512068337 0.13704558238589193 0.38968320774349685
