0.5 600
18 245 -20 -120 -75 0.07372699039189134 -0.11342771007975944 -0.24457956201615955 0.08693913835581679 0.273923844688048 0.6935064100679164 0.7254855034565937
20 46 20 40 125 -0.24838276105233975 0.1774256834725917 0.0008453938865808919 0.5136164116918756 0.5074236760004841 0.9085880618066252 0.602228094705779
20 186 120 -180 25 -0.008562758923961467 0.16194681179163994 0.04556174461261331 0.7164318506118339 0.7099875460415433 0.757062216663751 0.16543549518081957
14 386 -260 -200 -100 0.10454179813007913 -0.16894881841896248 -0.19028676344247458 0.9088556069413968 0.870618454515476 0.13801283243774376 0.33307119685530806
20 289 200 -60 100 0.17852775242093893 -0.04336157278108971 -0.10483577966710295 0.9039826171392735 0.29992546824322297 0.23181797357552159 0.7482191707933435
12 65 20 40 -25 -0.19826197848028326 0.07923285103850208 0.10252788157233345 0.8365025732685251 0.17099916278124516 0.05951912816067728 0.4444733360571449
15 195 120 -60 -25 0.015093607826379696 -0.15758412469477062 0.060864061337619235 0.12387220092157458 0.9971932590361912 0.4887150649927461 0.5152838784107594
20 54 20 80 125 0.21531899700739632 -0.17700982236216106 0.06816183536629711 0.7181349413302879 0.7624781570255489 0.04299304074399535 0.8530018834077387
20 44 -420 60 75 -0.00770162505788724 0.23907891377903484 0.1693991457228211 0.016756931297432387 0.21172539572433602 0.03238768103222611 0.40578822821163174
15 400 280 -40 50 -0.09842837726544018 0.17250754792468875 -0.2413029802255237 0.46872863605545223 0.1477465382324431 0.6055856603320904 0.4348668952887804
19 483 -320 -180 -125 0.10898325101525691 -0.22274816926831975 0.23631278650955478 0.02013063548399241 0.21907335087308166 0.8786853561347533 0.8136357057418161
13 251 -80 40 -50 0.1828971478577618 0.09090562707764965 -0.18703047493526026 0.4439202080054647 0.8265958072368232 0.979415602705207 0.3686345591622132
16 172 160 60 -50 0.21505356371953643 -0.05748778698088802 0.1224935790174832 0.9823905628896896 0.979042569622832 0.7296721335652397 0.017278983508198897
18 242 -240 0 -75 0.24692206268237094 -0.0770096130066183 -0.20566300119603503 0.9090023778012382 0.8985487743543461 0.780105625587974 0.5715231166818804
12 470 -220 -100 50 0.11974152619791101 0.20577008648480533 0.2089681518422658 0.8816983687068096 0.42251152792622937 0.4387760392705252 0.9491655325685295
19 381 -60 180 -125 -0.16477721731107836 0.1315885260982308 0.1914889420554 0.6393067565269134 0.08843283856989215 0.6814042472718227 0.9582161302801764
10 407 -240 -80 125 0.06046795422523721 0.1835621639503799 0.041428866155581945 0.6059156815037663 0.6314679050422458 0.33862608872772837 0.29332438314398845
13 316 -80 80 -50 -0.02551161302252375 -0.005293652021058914 -0.11936295614210535 0.13247510630029902 0.055000474357338236 0.5275295566140442 0.2536632050486486
10 249 40 -40 50 -0.1794889727282002 -0.07470540176084395 0.06477824204962734 0.2746962127814314 0.863873900288863 0.09714505224950976 0.136808713206805
20 245 -380 -80 -100 -0.17866369404493032 0.15151241716751135 -0.053547594139001786 0.700008059663096 0.21068653352450617 0.10317611446980046 0.5706299468805116
14 66 300 -40 -125 0.12517430577341393 -0.1633330323557487 -0.12087864854552255 0.03668781847121161 0.41084700052793455 0.4491210587004376 0.7538635400161049
14 93 220 140 25 -0.22342212173902531 -0.01246894947695626 0.2046967079570607 0.841450247107486 0.8284841726308628 0.7810459982870979 0.6969050937930964
13 320 140 120 125 -0.093321999741245 0.033654053375115844 -0.0035998390530838087 0.9808212047824708 0.4987511427022404 0.13640899854327893 0.5878916106563757
18 331 -340 -120 125 0.21894930833970055 -0.17707670384168023 0.11136540263870381 0.587701053571991 0.8020021358263565 0.34828057592720574 0.7561245264952751
19 221 400 -60 -125 -0.19869497501977496 -0.21109454417564194 0.23219067723275877 0.08422265509358362 0.7797845849548274 0.7312424642923006 0.2418987540214772
20 22 -220 60 -75 0.19211379695106773 0.06888759171694725 0.20413920715400785 0.5486933456894268 0.9413721854027709 0.7806051521560072 0.6021478356815808
19 24 -200 -40 -25 0.15575954728022712 0.003590535487701607 0.19039968540420804 0.5661321072690693 0.5906610942982973 0.4940155458910812 0.945019222318102
16 359 -200 80 -25 -0.24338218388078497 0.10251318155610695 0.19771914889517606 0.5299676556543207 0.31150581039964553 0.29271393296616743 0.5112672380465717
18 289 540 -60 75 -0.01139305819045272 -0.1019243882926506 -0.0898773545924243 0.25708517786600416 0.16722717452140812 0.3937701386095315 0.825668487459366
12 207 180 200 -25 0.007085435229784276 0.03491382697653789 0.10642466282918839 0.6398039833925955 0.35626695373006856 0.2638932281110885 0.17119064778705928
18 3 -20 80 -125 0.001954558924967653 0.028810623032231197 0.06543806787323331 0.3390301487746118 0.5557833398427757 0.21801631895244689 0.3838544824410244
18 397 -600 -180 -75 -0.1358717057284673 -0.12815540314008084 -0.007570404633516659 0.7698606773718318 0.5068971638497929 0.6362294809609604 0.46934474736447407
11 132 -360 -120 0 -0.09509670366289047 -0.023818660722980722 0.09607731330478797 0.9545010320734787 0.06572186330809748 0.18796014409113837 0.797792268701539
13 142 -500 140 100 -0.01792280685097747 0.05273688585304914 -0.03810150513201144 0.34826254995377526 0.31432124242194326 0.016954294769048306 0.6452272277628007
13 295 -460 -20 50 -0.05981973543163954 0.18807248617654887 -0.09567787895235053 0.6262687678481681 0.7714412910496162 0.027022481205240867 0.3844196413189539
10 106 80 -160 -50 -0.06468290548520184 -0.23997876707117727 -0.156458181681906 0.9878280891007369 0.5521313983293288 0.8497676543845886 0.6572895078931655
10 221 80 -20 -125 0.14622830066093284 -0.19020871370188358 0.05442196488494955 0.45498330523942065 0.3126425566505442 0.8949351151991516 0.12605319627599143
13 61 420 120 100 0.14333569609559677 -0.030493501071050422 0.21624886596754644 0.5649760720132961 0.18139003070684168 0.8728534272203866 0.9335010769440643
19 236 460 40 100 0.24720627679276402 -0.12736246350206515 0.02170141914982837 0.3119577576287944 0.4546486955697988 0.9645323701560923 0.6195187977582721
19 301 -280 200 -75 0.11528713650261702 0.043917541424916495 0.09416287429306958 0.5023643371851655 0.7865674638298265 0.357706197370524 0.12128846061302379
12 404 260 80 25 0.22418245353278848 -0.16685270418272857 0.11820308135364505 0.25538586249661444 0.5126755730196368 0.9141186041390607 0.3528742578215637
13 153 -160 20 -25 0.18159706853616214 0.03204766807916687 0.13007300141651035 0.9713109531421791 0.9709283820848648 0.837590120132373 0.7108700429551934
20 204 400 180 -75 0.18367083999696704 0.08111367936214836 0.2282617145353254 0.20421264535730577 0.6571051839923021 0.14717588456832031 0.43409725871716676
20 413 200 100 -50 -0.03365481943442744 0.1067547359532704 0.051214208090101576 0.8614047485734722 0.2763889644236923 0.3951714037675953 0.07606916737637603
13 352 -220 80 -125 0.24995915960803877 0.23527409272849648 0.14583031399314728 0.15860910674137363 0.6327010657490132 0.5718944792806248 0.6414421778083045
11 494 -560 120 -50 -0.17410850221432483 -0.06968744446360298 0.1792852819093816 0.7069487186367012 0.2542417839976183 0.49420480527811084 0.8528878735636097
13 28 -560 200 50 -0.11103622220015247 -0.23476744528306137 -0.1548714426109572 0.5586495182421354 0.8650750839739773 0.5963684825654523 0.9196434036924949
16 418 100 80 75 0.16029363244261402 0.09927630968715884 -0.18761812959050517 0.6943226922839063 0.6915377472058487 0.3960567404490868 0.9194265953850181
16 27 -280 120 -100 -0.11314844006416025 -0.08275532636086297 0.1313349657400006 0.7598608224041191 0.2735620761873536 0.7934778577120427 0.09916152572775383
10 131 -600 -20 -100 -0.011558138868076884 0.06556397564396094 0.09956860147096702 0.0955247974275788 0.7998826291416082 0.9947401196351958 0.20418292514222758
19 280 40 -100 -125 -0.009981773959805207 0.10026327341829144 0.012234097246940356 0.5049198659698051 0.696970872021648 0.2776805864003624 0.5151292384165547
19 82 420 -60 -75 0.22195599651531867 0.10355762006263053 -0.08925506635828928 0.27362108050108336 0.6616649378569291 0.7963189895946814 0.7449197208782901
17 465 -580 -160 75 0.10533420541193234 -0.12100520128956005 -0.09958088077527283 0.05076423495480986 0.5189626141358435 0.1748151580371039 0.43214710245639454
12 364 -600 -80 -125 -0.18402229266922532 -0.06983298310362085 -0.1900803763313636 0.17680550725942745 0.5301757929572601 0.7008406100467282 0.1228568553935222
11 3 200 -180 -25 -0.2225887581069333 0.12847597352753776 0.07836310267624963 0.7922541545719074 0.7073419419713742 0.8199192504920325 0.006005431322349097
19 55 40 160 -25 0.1806491207372245 -0.124480373114075 -0.19575386029711428 0.17922187095186326 0.7804801223972194 0.5670805438044395 0.7545315664732809
10 3 600 -140 -25 0.18582875958156791 0.04020815913561637 -0.09776740401555595 0.8187664738512384 0.20124726434263318 0.4564683133360584 0.9566846878833106
18 128 140 120 50 -0.2219311759065541 -0.13402818645389725 -0.16562241211177176 0.6137350362186785 0.478985049978358 0.6140841056638902 0.6871520602754967
20 349 -300 -120 75 -0.18886666071741826 -0.08879799085601497 0.2062201098710117 0.1678154916397535 0.6752851594970173 0.9897852903923563 0.39585935917520165
17 479 500 -60 25 -0.09557783516968277 -0.06932424954507621 -0.19088232967334906 0.214491470705648 0.4188213483248783 0.5872611499058854 0.5355994660866498
10 350 600 60 75 -0.18530720192769684 -0.015249021482990455 -0.0672681409951495 0.7491590347727035 0.03360110043539588 0.4559354683026374 0.046384012402047925
18 121 160 -180 0 -0.12173324264888574 0.03134162495961618 -0.21145717597199176 0.8839044548049096 0.06189924358055121 0.8075309516626089 0.3204794386059092
14 245 -180 -120 -25 -0.159313979784374 0.007682400764646435 0.16990863213482393 0.9869435990992248 0.8497559539212397 0.8693593578690542 0.7270909142878978
17 211 -300 180 125 0.1380621341285313 -0.20783049683500865 -0.10676394671758793 0.841069375888713 0.3720071966337284 0.33980927041190934 0.8284384071800218
13 12 40 -200 100 0.08469816474316066 0.22342558722793077 0.01223312081135769 0.881641852222195 0.850653874979422 0.288578545045698 0.9320203944512437
12 388 40 -60 125 -0.031166516222986385 0.11691764068698646 -0.16677225490499398 0.6893252686791514 0.30576785075269364 0.6526118301870644 0.3123103763617475
15 43 200 -200 -75 -0.12016458800226887 0.05405747062441585 0.038120812305795726 0.5499599263186854 0.9449496371207556 0.3205066332494366 0.23393700307792564
14 171 420 200 -50 -0.025303643485284466 -0.21798001148099044 -0.004968879847485119 0.881369816563684 0.2480730029668562 0.5626819637786549 0.8512049642169972
11 222 -500 -40 0 0.014789581564261522 0.07493795927410868 0.0293697488284268 0.004364040808396585 0.9514229328512194 0.8367568845699405 0.3174829881047261
19 282 -340 -140 50 -0.04357375780710587 -0.21400530111341415 -0.00462686625244324 0.05397725000788245 0.5257801711466503 0.3307295491234089 0.9752603274064858
11 135 460 180 -125 -0.23890275407013106 -0.1356506455404538 -0.19549941128651632 0.5336455197728712 0.9714433663144201 0.8470238235535554 0.13941827510190385
16 7 -100 160 75 0.05545351353462302 -0.013981360339549831 -0.1041556165468302 0.506933864550333 0.705264273966249 0.027201999655986797 0.4375539045000276
14 168 580 -20 0 0.19994031829404668 0.042821929863386565 0.22287573237838687 0.42137618524951703 0.8577170453944649 0.8168709286735796 0.6722216439970798
11 325 280 -140 -100 0.18437434094766536 0.016125872832416344 0.011814012337546087 0.004118351915604834 0.16390172684165039 0.3129047776321656 0.9690430388092942
13 431 220 -40 -75 0.004331160974616444 0.10691951036182828 -0.18674381102162768 0.05354245491514242 0.43306885457285615 0.5712305602573852 0.3537817689881998
18 60 -180 -20 -75 0.03540875693743922 -0.06741409646576763 0.15775498944823985 0.4958148321835971 0.31093081544305345 0.8185250047689332 0.5940741208428386
15 172 520 120 50 0.18755300185634605 -0.057744129021666646 0.08631867717701985 0.5697973391678176 0.6837175967925619 0.9504491249254853 0.9517082443116707
10 62 -20 -140 0 -0.05350633869935417 -0.10482236325157906 0.14056725572726592 0.1899929813663478 0.901788624672932 0.3903954029273925 0.6623874854642396
13 496 580 -160 -100 -0.008996015120232959 -0.007475513973567327 0.16475259414969323 0.4902571036930742 0.806126477356463 0.9656496376386344 0.9098683118109053
13 12 -60 -180 -75 -0.20314679646681766 -0.06774311392272647 0.14690918763222766 0.3386221116074206 0.7232095127779544 0.6033840309630779 0.12255322042269912
19 199 -560 20 25 0.1708395868402327 -0.22626608276616267 0.07857358359673783 0.5447733481729505 0.00922406785093477 0.5583671451190582 0.11189365717370015
16 319 -600 -160 75 0.22826980447951034 -0.1663303298510309 -0.23948468543017626 0.5105592936909268 0.7903696437593318 0.9244729883715973 0.5786764265686376
12 64 -100 -40 100 -0.11918234879475681 0.19750265596172023 0.19039470752981202 0.9941040583204949 0.950625080992884 0.752522299988984 0.14193898793677673
18 79 -140 20 100 -0.18141175857624703 -0.054360991731185804 0.07056096534417378 0.9276901154260491 0.15689771367662098 0.5205618783759217 0.691606258996837
11 392 260 160 -50 0.18346641894341065 0.21345004603419704 0.1759290918295982 0.7226218125133513 0.7121288979207443 0.40994793451273626 0.32537813056785103
13 254 -60 100 -75 0.1373788601133012 0.20898227346851772 -0.08283240996483432 0.013041391532603086 0.22262966271078688 0.96264170170686 0.8011420713287959
19 151 340 80 0 -0.11931076254732104 -0.12400307241591163 -0.08697523450313499 0.7699171691389838 0.9739972980464697 0.18052800853673556 0.10517611559841067
12 93 -500 40 -50 0.13626746765526132 0.11139256288435573 -0.12795628284897442 0.7665395312120863 0.09734518898103783 0.8974246200636319 0.32362861391326325
13 411 180 -100 -50 0.2352092116717756 -0.16281900516657533 0.10955448266885998 0.4020294682725476 0.9600185512150308 0.3102223606212827 0.6284224218602764
12 113 200 -20 0 0.0824458058671082 0.05458063635271104 0.0614701945267645 0.7087243465529215 0.8574426460757953 0.20823443337851366 0.5092331727173296
14 437 -540 160 125 -0.13255693062834317 0.15699191001977486 0.22806852354427654 0.6338518801541636 0.3070733480114074 0.6314954441471078 0.8569091603610296
15 15 600 -160 0 -0.22717984298140315 0.24596760113330784 0.2190230560438287 0.12872823004852185 0.2727139814231052 0.7958911409825966 0.6817737616983343
18 451 340 -40 -100 0.07351291401839805 0.0014765398201163626 0.22388713131730098 0.4593891408679436 0.9248057234976499 0.6180246403909236 0.5218963304375593
17 33 280 80 -75 -0.10058542661857844 -0.024275163090608287 -0.025041743942358807 0.002382273932411416 0.4641931184497594 0.5042863356381818 0.19969483205975724
10 14 600 160 100 -0.025951167090978777 0.1514449233846008 0.16858547233847615 0.980450259081143 0.35091577973318966 0.7421827367142823 0.11043848573161374
19 416 340 20 100 -0.12139344813714759 -0.06871037136059277 -0.22710852059823344 0.49580833071802877 0.6203259546476831 0.1861292631472694 0.8030443796222158
17 463 -540 -20 -100 -0.24029423130148936 -0.13642923182487016 0.06053359573265277 0.17814227257986948 0.32146781631393206 0.43906191956228713 0.7377754035099876
10 41 -60 -20 100 -0.23407039098107452 -0.2206958177958317 0.007855674056123696 0.6345127797294633 0.20327709721475884 0.17083288113233375 0.8781250073815571
12 57 -220 120 100 -0.20894454485824387 0.23205662846792663 -0.019617578128375668 0.27051233737465796 0.6875679518290112 0.5505823779136931 0.25852964733383754
12 87 380 100 25 -0.07090526153764032 -0.10268642605194617 -0.07657445999581486 0.7434571052096275 0.27951409006526173 0.8687275466771884 0.3176983383365549
18 7 -500 60 75 -0.21455545889297856 0.004928256340330395 0.006663901237757841 0.21046167034437557 0.7583237318988987 0.2023141153009358 0.4384538252621575
12 321 580 20 -100 -0.04462583648745694 -0.04714032619446207 0.13499028550462527 0.5433257819811314 0.443518124442843 0.9171286259556751 0.8734175075429477
17 314 240 -180 -125 0.24179805008187594 0.23251149656515524 0.11806660120976964 0.8931804274683197 0.13580081566668645 0.9012260949611866 0.40532745412983084
12 1 -180 -140 0 0.054678867043740254 -0.10965346914648433 0.21136609261948192 0.866839743951285 0.8599253205142133 0.19769802238850465 0.07400484157521225
10 218 -400 -80 50 -0.21792676019451923 0.04237323673165411 0.10880928217769215 0.20788233892843722 0.8756347313360318 0.9059897178797451 0.5884948237793624
12 140 420 -120 -25 0.22155942932608308 0.16578857842527273 -0.1402292047864509 0.7861766081949056 0.008674327753607436 0.7607394318640559 0.3692337203406315
10 462 -20 20 -125 -0.2179573669906718 0.23735463641607502 0.05075656652626165 0.6759143176120004 0.07843680325331825 0.2489528139274344 0.0769391862596116
16 276 -140 -100 75 -0.18469484966000815 -0.027053729970590412 -0.13762854922028112 0.529163345974744 0.22060796481338363 0.17268048128200142 0.4248847880824783
15 248 560 -160 25 -0.014102343586332167 -0.24830008427922756 -0.1380427429136049 0.9172213615416438 0.1408183619499589 0.48434890152708 0.44362447185516873
20 214 440 120 75 0.14633929391684275 0.05664607025441554 -0.21051005389507055 0.12067271209291697 0.43072754207737596 0.2871869295944617 0.9582250468454775
18 382 180 -20 50 -0.2340369098481923 0.08825470984987649 -0.07769638732660011 0.6372245481320805 0.1123237286834714 0.7727796680312552 0.09730093249559157
18 267 -560 -100 25 -0.12612401396822664 0.09302937197436695 -0.039967446324441935 0.7583642064302003 0.7474581129777047 0.8884311831404896 0.6280332204797839
12 268 600 -160 -100 0.06242153989819277 0.09869127030286001 0.22398628260796577 0.2969925769147582 0.859623172046834 0.38021317546760514 0.839299660132474
10 210 -500 100 125 0.021208387916971383 0.037029850696372935 -0.0721241937116594 0.5161720363291835 0.7250614756893059 0.3472928140895746 0.038161082219559495
11 304 -520 140 50 0.19813255576925648 -0.04108763925864606 0.032472848337900206 0.5793130995987466 0.22274072641501874 0.40812909924984686 0.7182144208934226
12 50 -420 -80 50 -0.06367388671964525 -0.07603280074895336 -0.033251781580966366 0.7949991015514426 0.93248662737016 0.9067814731549774 0.32133702459117786
19 366 -280 160 -50 -0.19844580632403064 -0.21597117345962497 0.05825573214834773 0.20475920793675717 0.08850715318206481 0.6312607146894706 0.07999324168069677
16 441 -560 -40 75 0.10299569807713382 0.11191271719189533 -0.10773928865932114 0.464528742904337 0.5810268146596865 0.19529917497576021 0.9434466383843426
20 90 400 60 125 -0.10843234872942625 0.20850851111591912 0.014040213829142223 0.48645508999090503 0.8258221272317525 0.40826636134871197 0.2275804161608609
14 363 100 -60 -75 0.10637693789249797 -0.06773095583069044 -0.21852678210036425 0.6632332010147032 0.057837249591155104 0.7169166473259718 0.336510664927163
10 468 260 140 -75 0.09292387009571307 0.052521375064854325 0.11862844780123322 0.9198562932023537 0.8793761924853708 0.409768475256849 0.5202561482875078
19 421 -560 -40 50 -0.11364383856766364 -0.18891799448270974 -0.008073250137432542 0.13494131780598273 0.9193942759002568 0.9928073424679781 0.3117358401728213
20 407 580 200 -50 0.19543134736773143 -0.14563146931105464 0.15880421118426902 0.5109069556532067 0.9310162110812202 0.3568440218578207 0.6200052522183377
20 22 520 0 -25 0.20481235150239252 0.12105820921006377 0.1246741028803266 0.6586412011583718 0.5191877416851599 0.7788338067330627 0.6124404832695995
17 92 -120 -120 -50 -0.09514762660592568 0.062214267797679745 -0.11100255015632615 0.9114075412147931 0.26364386518648164 0.24485188542657876 0.6914902851484971
12 238 -300 0 -50 0.0701284000700294 0.025046208463828323 -0.15769344716598555 0.399853291597689 0.3392044826685553 0.057088101279697545 0.8190154473356567
10 403 100 -160 25 -0.24403615439180215 -0.19129406360449525 0.08801138774676348 0.09560516630714155 0.12333523243131861 0.045889279671713634 0.38810689237444884
20 55 260 0 50 -0.13318498469770407 -0.2309121204127959 0.24133845821784244 0.46860713471892534 0.020676031393735084 0.9298045233038407 0.2313689324179493
14 139 -580 20 125 -0.18131823712619127 -0.0493463560557984 -0.11251983113354741 0.36626319945942365 0.880813153812348 0.24462883438007388 0.2985425915196189
17 332 120 160 -100 0.007460880101649858 -0.12002877797489397 0.017429769050770705 0.7900002958270775 0.8786783099210341 0.27312687401685165 0.36204321708560194
18 85 -300 140 -25 0.22780204327678893 0.24862603270794098 0.23218153414276532 0.38915475518074527 0.3794153002646754 0.42919110635362034 0.3628454398561889
20 62 -360 60 100 -0.07511663958458548 0.1536108322344743 -0.09771590640952915 0.9071707112603022 0.7115331306001774 0.12539519047005054 0.2635134111458254
13 248 240 200 -25 0.18675483253323544 -0.17396037165605227 -0.1916043439511977 0.5716897490075332 0.5098739347333863 0.6143865291146201 0.24924304352489868
16 297 -80 -100 -25 -0.13827444212149043 -0.19261197471157165 0.208747012320119 0.5202535949728597 0.6187041132845842 0.7215720008953302 0.0976724881272194
18 73 -180 160 50 0.07685355167834235 -0.030209697072941744 0.240670333314137 0.502814613158161 0.32369768506826124 0.8042344510275659 0.07878673390007307
16 154 -180 -140 -25 0.16123745042955728 0.24049985938740148 -0.03310784423489116 0.10377808403293032 0.08106323321054953 0.5057597095426453 0.114848028154236
13 340 -240 20 -100 0.1152836333367343 0.16589763023608284 0.09543649705099233 0.48060081344856376 0.6837753645478891 0.31753905632381596 0.6861504215038274
18 393 220 160 25 0.1993793368497761 0.229291111048966 0.12596984313692106 0.5463158547150293 0.35419223546742873 0.2994593401928397 0.14205142330191756
14 137 -600 -20 75 -0.06370822672296184 0.2282225543455194 0.23646701670353865 0.933133181929789 0.7096530289182893 0.33675741877766585 0.21344949733182184
13 114 -520 0 75 -0.10841239042188239 -0.2095226346373727 0.05659028279682171 0.6840195437793037 0.5662270912467975 0.24368465588720256 0.31216798142902213
10 43 -340 80 100 0.11839656600300624 0.18998433751434673 -0.11557339351338014 0.7671564579439304 0.9431174080085296 0.9113943283609806 0.14748906213069735
19 343 520 -80 25 0.24569512859407805 0.041918748987959054 -0.12292675037615258 0.3605954396030002 0.7087063063274361 0.7083833192106737 0.6185973829519157
11 122 -500 160 -125 -0.07641047439962773 0.12545597333567182 -0.15166018545252247 0.6928282808331986 0.6319422312189628 0.9388102494869626 0.3375553913488494
13 196 400 -140 100 0.1612912769642541 0.14411855167859244 -0.24307483060705903 0.9659701475990451 0.7920497455962261 0.12315117086899097 0.20873904306523994
14 411 420 140 50 -0.15100226456506755 0.08172330892960256 -0.06545179239416127 0.42090897256307325 0.6819576057460507 0.9407100220391522 0.6120163499009341
19 489 480 160 -75 -0.03342445432994784 0.08333673078015336 -0.10102112877315539 0.06782983274093479 0.6617615952887489 0.7338405889665655 0.05956952913423408
15 203 -260 0 -25 0.03279369552275202 -0.17367240212106205 -0.17977622043755603 0.0213062101089746 0.4686304066342435 0.8416993441712685 0.49005500425069437
14 166 480 20 -25 0.004035023523558279 0.07574496445598744 -0.06081208327337384 0.009082285165723736 0.513195502100035 0.7482908300434846 0.4771769894006678
16 228 0 -140 -75 -0.19477282308360422 -0.03695457830436771 0.12505281268131158 0.1004613136921233 0.09692323730004881 0.30455535339839335 0.10097772596983723
16 392 280 180 25 -0.16797732542530264 0.09502238937066321 -0.18377174994108536 0.8911927860648723 0.06913159012696257 0.876522115948584 0.9873893279558822
20 42 -40 -100 50 0.155482655181493 -0.004742531726555588 -0.1772357210443768 0.7364990503271821 0.870031426141933 0.9345582173812126 0.247660884787669
16 387 20 -120 125 -0.03354906035009492 -0.10304777158321982 -0.22019136053419347 0.26149184281786875 0.8343750051597463 0.3071451368221523 0.25730723649801857
20 37 -80 140 75 -0.010234500443863814 -0.20932945667666553 0.13196548567774402 0.7931439699816303 0.37670489546889485 0.9034727567273408 0.9456248758720575
19 282 -420 180 -125 -0.20879893785432535 0.02681319661961168 -0.09123876843185696 0.6035312535189412 0.6091496848717612 0.7965363085280222 0.4087353481602768
10 68 540 -140 100 -0.12278766404916558 0.02551538461274855 0.18847327658156504 0.2998109621871612 0.44501733900526197 0.9368812951137707 0.38282438165990784
15 115 -180 180 0 -0.0050345018634286864 0.06790898153825814 -0.18137439752311685 0.7916305047891696 0.41515827802823135 0.7705334567566299 0.5872332599822259
17 201 -460 -160 -75 0.2439709033198868 -0.23559416027139757 0.04984623199866023 0.9764083849763489 0.779161119524902 0.05683847441377621 0.670462636169292
17 372 -460 -200 50 -0.14893141998583542 0.16873617613219144 0.23751718986487314 0.5097808848886369 0.9438750439041734 0.35204379410538467 0.24853699816543962
19 448 580 -160 100 -0.14099225812518512 0.03349835554241931 0.1681328483627682 0.038246032235754845 0.021028706588728463 0.27737203464853855 0.6135980523470258
10 290 -260 -160 -25 -0.11724707747304702 0.06559156668100485 -0.1765473673972836 0.5785332978575223 0.3963518820928855 0.8667845096688863 0.10853266608597578
12 293 460 -20 -125 -0.21733065946160457 0.17512227297827082 -0.03056135396720816 0.968305494536674 0.590498403535912 0.37560330129470854 0.9745424815676553
15 478 -220 -40 25 0.08760040474453495 -0.03916749689011256 -0.05802111839757795 0.7949285190460702 0.1591113112840501 0.6829677605638362 0.8106379246918651
12 171 -540 -200 100 0.16452304114166755 -0.20215879728595176 0.038990205878803086 0.5756793105907335 0.23982934488324625 0.524956411748679 0.04052003773546031
19 64 -600 200 -75 -0.09230317507719932 0.17909598398887766 -0.15235303515252635 0.43085514625491406 0.31028968806321644 0.3833375034872575 0.713813196716819
16 222 -320 100 75 -0.012994889220028727 0.06170108356110948 -0.21646499866956592 0.031328345196468765 0.25958034796626683 0.5012161102907109 0.12759837946186936
19 130 -140 -120 100 -0.05048153590996518 0.11761516910987413 0.15041236580161432 0.5247757322188055 0.6855059719131256 0.5606890081741682 0.28949912794638477
19 90 280 60 -75 0.22911445684305676 0.05531660246447123 0.02126089102771994 0.9250583091702603 0.11787526788070912 0.45819382974110834 0.5541774213961136
12 349 300 -180 -25 -0.04058198653625933 0.15947374825449773 0.12892140801943486 0.14578723090224877 0.2846549041727997 0.2915524877115422 0.39727224533899674
19 399 -300 -140 25 -0.06362872534212383 -0.07685106885814769 0.22883704929328375 0.4614626753421499 0.49978061629967874 0.2031786896564095 0.7697173371011248
10 73 -180 -80 125 0.19908563515685856 0.2209369350396676 0.1150359734868015 0.35764385607879856 0.2799788421502536 0.986739994992319 0.25894567627548315
12 145 -200 -40 -125 0.1736016705491667 -0.19672378008359975 0.04969696292373166 0.24614158922994878 0.31866749782333803 0.2921349302960623 0.7585342627422862
18 20 -540 60 -75 -0.10110957507257706 0.022692366051395574 -0.022968857857600333 0.044302434007281066 0.8714344550548856 0.5066011387475579 0.8018488930062007
16 468 600 140 50 0.05856237870244496 -0.16581127297097098 0.1969728288097395 0.12603394393322498 0.6725986358611101 0.18881042011929405 0.2016055965740352
10 229 360 -100 25 -0.19075252211714738 -0.07137598749569685 0.09094668200346145 0.2538176559377783 0.6428862113314987 0.41531769720312306 0.5543320953100795
17 68 480 80 -100 -0.23339255950929616 0.19903052908269542 -0.06752870345423223 0.40085404029125016 0.15565408051859853 0.7965363211880923 0.9045537147469799
17 455 -480 -80 50 -0.001037203529086539 -0.18344280855661976 -0.06255215103856954 0.05605758906509051 0.9194100893020565 0.10233249906236064 0.7445427928155931
18 399 580 -40 125 -0.09609841331812818 -0.15515779049634554 0.06418608358923988 0.37516909744722404 0.6951423244050317 0.6716578226469772 0.11581470812369721
17 207 560 -60 -100 0.09505789656761682 0.03461098702332582 -0.11742309470161155 0.8992941427915621 0.7681273120292019 0.09205731926908634 0.5358041722606555
10 460 260 80 75 0.03413128098688578 -0.2165639366566015 -0.10587475276223968 0.9898855386869717 0.7014665249708412 0.9650731106522863 0.9634060517211064
12 62 500 20 -125 -0.09091736494504171 -0.06786245164020965 -0.13754647875856546 0.9699984889375338 0.4317503950558227 0.9072048696727948 0.4958656844302137
16 438 200 60 -125 0.07679974918591681 -0.05767446964742351 0.22145845558490374 0.7997412015664185 0.8854793491666898 0.4115732089857522 0.9165017691509815
10 99 -580 -80 50 -0.046048326782616 0.19053978896989476 0.237736141056892 0.882038910688294 0.6489639932352077 0.687972176543194 0.6743593626224351
18 80 -320 180 75 0.09809879933511134 -0.20350910310376152 -0.02301988919775394 0.6939552475812921 0.7349313007859803 0.923750002849302 0.6404395459083164
12 4 -180 60 0 -0.09624794828650407 0.2434374746454518 0.2287649323715203 0.4607264947031863 0.9876387369673333 0.11447422127743723 0.2512573186066881
10 329 -20 -60 -100 0.09833427227994218 -0.18620685923054497 0.10241068734266617 0.38708437267526064 0.008240506268757275 0.24140934397632474 0.4304383835359512
11 251 -120 -20 25 -0.06471090900913751 0.13151636262979527 0.07709733194164964 0.3406343499002231 0.4802521095131409 0.1345966635008149 0.12948537745065136
10 99 -180 200 125 0.2046628612550907 -0.10121564632991836 -0.11793232763093664 0.026443949966725055 0.3742037044214669 0.5412956527620731 0.0928360822397597
19 462 -300 80 75 -0.18504432301119006 -0.0953002457261119 -0.07578532202489235 0.4659994797914341 0.2982615039656368 0.4485005888388355 0.1545185578195768
19 33 580 60 125 -0.13667664576102084 -0.04487636060441219 0.19758674493088518 0.9551925994633863 0.44574366774298535 0.8699693738847775 0.6743031234570085
11 97 440 100 -125 0.09820943664267728 -0.12965782147780563 -0.22478343574619752 0.3725165243734647 0.8054224642296314 0.7344958161951064 0.2575617220567189
17 159 40 -120 -25 0.0023424331889305705 0.00378639187886487 0.11752209342054415 0.8367915755536903 0.5898085499592475 0.6769468251543125 0.07628627583592551
18 427 180 180 50 -0.19990799993473257 -0.007635744118174914 0.14655993506451703 0.13826815184205676 0.914120899158156 0.07471924842131417 0.5768840531694042
16 133 -320 -80 -50 -0.04941779622422793 0.011313903353820487 0.10513303490453024 0.8980350143224693 0.4508917609328731 0.7779508238200528 0.7405794923647162
12 323 420 -180 100 0.06868983696361963 -0.22648580123812578 0.030785517896850245 0.4732633648492184 0.1545136498834896 0.5535398786432871 0.433929901044141
16 153 580 -100 25 0.17651344071114972 0.16311924909996856 -0.23939242939007427 0.9690237948896234 0.7982080960807374 0.06957880242273706 0.9243456282550792
16 100 60 0 100 -0.08525137655252124 -0.16703167497797483 0.1091044782771895 0.44156974918141256 0.3194956980265674 0.3227416178701378 0.45312397611894006
17 179 400 80 -25 0.16578369806763749 -0.16184339674334192 -0.17626088828082392 0.8950075504106495 0.3609723614348449 0.8203935881296022 0.40237046846592517
12 313 -600 180 100 -0.1889269088590716 0.11304817552564211 -0.05569976795836401 0.40004790875529195 0.8433280718111604 0.8097411907346231 0.8835166704534921
16 442 200 140 -25 -0.23236013993956178 9.508689283072025e-05 0.24107633236076015 0.3164826802225157 0.5205336828376824 0.27677522253329523 0.5399204042059603
14 72 500 120 50 0.14067478159774888 -0.24111743604040387 0.11088025629021786 0.7240932431727316 0.16634367957575924 0.9748370524697183 0.21887403775222436
12 86 20 200 50 0.13015395601562063 -0.13131321320578576 0.1848353330318187 0.1285500648802469 0.6522271216103747 0.7515431900170181 0.35904201436591976
19 102 440 140 -125 0.24949140899769873 0.2344146653138926 -0.0009897586902430922 0.8262270510377262 0.36110211909932766 0.3858467809176892 0.3605611160638925
12 61 -120 -100 -125 -0.034854509658489574 -0.12990029262382324 0.17213613883652118 0.8783567893376087 0.006190727386970352 0.295102977802595 0.5154952475060723
18 227 -80 -200 75 0.14455960429593534 -0.01214005488207992 0.14372762011971713 0.48875999303722306 0.00871140393986991 0.48778515468119243 0.4119405013921814
16 105 -600 40 25 0.21378910862312728 -0.1198553961172178 0.20496020163695877 0.2335058246235756 0.5011947094634367 0.015336548735083388 0.9756941976301562
18 307 420 20 125 0.034439995287386505 -0.18434660296097494 -0.24243846529169905 0.8999259548490532 0.7577895467043771 0.05944502958887887 0.06494466206312866
12 413 -540 60 75 0.10566458550331992 -0.23080976884266413 0.01713064724993485 0.09980990587043981 0.02243826822524364 0.18789958018435216 0.47940120577781076
20 208 480 40 -50 0.022209571403485118 -0.17493781147879783 -0.13478289683569444 0.9835105434082136 0.794875845858185 0.08381906268549166 0.5038820803656981
16 437 200 180 -50 0.15825732856020425 0.06321944788201606 0.2196900918494734 0.060399762254062184 0.5085263883207809 0.5445146918596889 0.4818161197320445
10 432 -560 20 75 0.08134526951028037 -0.13143453266455352 -0.04490410541223333 0.5550596946295148 0.7766309428848406 0.10811333167917458 0.21509955566321837
18 371 -120 60 -50 0.05276475145628906 -0.17341075606200324 0.05189551477358478 0.32369074281817 0.18111933970590421 0.09704343279960614 0.3182891607776245
14 493 -440 -180 -25 0.026397328032977285 -0.24208964533762561 0.07143309528128827 0.36857571016042734 0.8299818779722432 0.391636683938861 0.6154615943262647
13 121 140 200 -75 -0.022784631926854593 -0.1536558154669559 0.0947527162795288 0.6865572493286373 0.2504186133228242 0.7079263895397326 0.5970157094940489
16 356 600 60 50 0.0364089744140661 -0.15164702320229795 0.08731673293980263 0.19399250634378495 0.17529477266679883 0.29916827175428584 0.8191804286071789
17 1 60 -100 125 0.20680774655957113 0.12974413174823513 -0.12991703204273108 0.15259816963495454 0.1785470620297468 0.3728059885982037 0.19557103486646554
15 185 400 60 -75 0.14945634008311737 0.09516070753337164 -0.23358661948647536 0.022503320079402034 0.6506504265571726 0.7058059180303086 0.5040131938292938
12 56 -480 60 75 0.01949111092573652 0.18583706643648967 -0.06413371608561913 0.3269272281169405 0.9362720037461071 0.3546884917567247 0.08514641965092318
20 387 380 180 125 -0.1975927709338166 0.06746308279339175 -0.014790936793229514 0.8789079082041843 0.7877534140291892 0.8551672990905929 0.8613665303519296
11 226 -360 -60 100 0.013958171584023071 0.15530922922685636 0.21480175891771958 0.099164870558056 0.06688155688815833 0.90925932179456 0.5249907293364962
10 217 360 -20 100 -0.24980742913261106 -0.03185696672115851 0.08498330488721856 0.13273619921003155 0.21542506563237862 0.8323573723635056 0.019191731824347857
12 146 -500 100 25 -0.20321774531050568 0.042270133614438155 0.15268720630158056 0.17897482300600887 0.32340057945739564 0.9989253559304326 0.8603760483131705
15 392 -340 -160 75 0.11651633167274866 0.20801541863827072 0.023033082479572586 0.7221239498999914 0.19249608562549692 0.9688414067474087 0.009127604656943511
20 7 -320 -160 125 -0.1231550674361378 0.08852074509978813 -0.025714866212581955 0.6907996113172565 0.7242159412628639 0.03987692053459391 0.4672550524117052
11 101 60 0 25 0.167128779434841 -0.04996599981223243 -0.11781151500713638 0.7983330782790917 0.8212595829049044 0.2440827750001634 0.20797260757529668
11 141 160 -60 125 0.09288384966476831 -0.04084790888833045 -0.2121086840294949 0.08485674898522721 0.8930759508748468 0.7240958395031832 0.14298232455616933
15 232 -120 140 50 -0.05900171528249848 -0.13379135517882734 0.10176633353448672 0.8304180224974158 0.12572103008986346 0.19234695586895934 0.9784919028621999
19 363 -160 180 125 0.039094541520778237 -0.12300576796489626 0.03842022245661758 0.30031877393335427 0.8796834905627071 0.9972499452705471 0.8713909736820997
12 438 560 120 125 0.10706382319023094 -0.04626081415788419 0.21137233366164376 0.7872295333290578 0.2493771910841065 0.2586532432996762 0.42331581197514456
14 204 100 100 50 -0.01962740971913496 0.06476224442069423 -0.09248637100163976 0.1518343698938608 0.36920600484551946 0.9592792587781253 0.3833654209429842
12 357 260 -120 -100 -0.08509272637846155 -0.007582939567789715 0.07546275066928793 0.8973448748573862 0.39175521730435736 0.5114252696572187 0.006606239114609114
18 154 340 -200 -50 -0.18174158574001337 -0.15872976594825455 0.013092025839587906 0.4447831232253261 0.18491463449921863 0.7624550419568631 0.6884330240490036
10 289 -200 -140 50 0.18062271242831934 -0.08017187591963282 0.05369269298111767 0.38625381360847844 0.4840523018098999 0.8826796241393466 0.07756769516315332
17 188 -240 -140 100 0.17971967675532013 -0.009904621213899789 0.249177442682243 0.4899329875224838 0.6787676220156471 0.35007398390572664 0.15549306067672763
12 29 160 200 75 0.014239119205336825 -0.058606294100298884 0.03622569259736569 0.06030962036890419 0.21450508071109387 0.16713206288520877 0.23384548939374572
16 221 240 200 25 0.20444652824985132 -0.23936043120983996 0.19245199097804339 0.9995273199620202 0.41884273957220786 0.6951188268163598 0.8215917869187197
12 231 -500 0 75 -0.16132636610264173 -0.011331012227192294 0.24764861270636152 0.5607378248208772 0.08296235734733026 0.7263160550180032 0.27660501886329225
13 258 200 40 -25 0.025436445080712966 -0.2392330540663447 -0.19127322298211036 0.4418717811246826 0.3213058039433865 0.026127858907188495 0.7860067561731218
18 451 -300 -20 -125 0.002551537554689731 -0.114870463508492 -0.059876508467019474 0.5929429801053763 0.46135192531233227 0.31190932529133886 0.3199691707541572
16 491 600 140 75 -0.23815274947848442 -0.12611824028787727 -0.11785015788683412 0.5136894621281732 0.17940857291050172 0.17967275340759647 0.34075175631492804
14 227 380 40 -125 -0.033400930823156594 -0.1556492123560831 -0.12194060702224935 0.7881960289023078 0.0953066014635866 0.6427952850791859 0.9813837247044425
11 231 20 20 25 0.1761009222264851 -0.19115602711231855 -0.05123568542347734 0.2586799530576399 0.7343458282713671 0.46509544231068256 0.8627706636586904
19 468 240 -100 -25 0.21499720687442725 -0.17471613688097604 -0.028564828352109828 0.3272779918116344 0.034365924898742795 0.16025945674321906 0.5181248382110609
19 378 -480 180 50 0.02187916298761966 -0.1850285515431188 0.12802662953255634 0.4101306738713171 0.9329910830942431 0.3344680551972842 0.5747661933198119
15 294 -300 160 -50 0.06578427746921994 0.15040732651708488 0.1897218447793798 0.7852110955030219 0.3700914194139657 0.5930887498403422 0.66352064111499
19 375 -280 160 75 0.17129511618425308 0.22631889301214236 -0.2089796034035355 0.6963285771079748 0.08856115621533922 0.8881939314585072 0.9890216545190121
20 309 -360 -100 -25 0.15025401283634243 0.056590717610424834 -0.054647190046941296 0.06655988519902156 0.9551785085844627 0.6129441769853218 0.8777989920846215
19 109 540 0 -125 0.1588673781687192 0.04247894791821527 -0.09797074500748798 0.09962387855763022 0.3070518075285812 0.18336331639471126 0.6071217787548576
11 314 100 -60 125 0.06795216551370581 -0.24853978291227746 -0.002617346482531202 0.4976169214812485 0.33194125517086714 0.8947235153188199 0.047668826904208816
17 83 -20 -120 100 -0.09930326891330982 0.1390156267822079 0.12180211171185173 0.2811951148844992 0.5435900077651613 0.18714218528205862 0.8942040999395265
10 89 -80 -180 75 0.2025138185293509 0.20502984709514716 0.0678781865721052 0.6774196735256349 0.6494736051958218 0.4056706392730768 0.5251352924929931
19 152 160 60 -75 0.14908142951902614 -0.16723898780645752 0.07250423988606614 0.8381956010192929 0.43193857078135334 0.8353291492907047 0.5552281742813476
13 340 560 -160 75 0.1207326041823163 0.15390130408958375 -0.1598376981156635 0.6825335627138817 0.4050777051254436 0.6606329350555222 0.22571518578581606
18 278 380 -140 -25 0.22162570103886137 0.0666933000462035 -0.05515529124553592 0.013256952485365847 0.5684450982159593 0.005297358317352008 0.3642884082582868
18 101 420 -160 -125 0.23543514228877943 -0.1522385257060423 0.019909765703854387 0.6192349675081007 0.26252025951392266 0.8690446575901842 0.666969874803356
19 293 320 120 100 -0.10202382975924618 -0.22866198597200776 -0.1887786990399028 0.7814767197128543 0.7944751351459217 0.8558817437595043 0.3879020435392707
19 386 460 60 75 -0.12438522140097263 -0.13209446063570734 -0.06435537244374151 0.4271152137755805 0.053349768577249934 0.7363853853353227 0.6176574433379675
14 454 -420 100 -25 0.16038913453448644 0.10665482816394423 -0.2328076292820549 0.4983198539573248 0.22595837280479092 0.6894847872866269 0.42676021729620484
16 422 -20 -100 75 -0.09030805066905367 -0.0010466505717287578 -0.02717453657599328 0.9816759028769635 0.8501617824670675 0.5850670396257156 0.09002620166430153
11 263 500 -20 50 -0.1838652814067706 -0.11537726166205131 0.21084080126914523 0.14873925430433066 0.37011185903600463 0.2571463739068358 0.11051712367553712
16 76 300 200 100 -0.03483775562799096 -0.20503176961498853 0.2022973504111239 0.8946542208382219 0.6019204865683389 0.32122521798152226 0.6214379645899414
11 348 160 -40 -25 0.0728434387142769 0.23339684073343037 0.06760614118031644 0.6069834196598443 0.9326306118588417 0.9143885836712379 0.9477158979587658
16 156 260 20 -125 -0.031904648746791775 0.10604357979049772 -0.15722922977059794 0.6863326293328822 0.7557539201259488 0.5367821712626168 0.28786928281702906
16 166 220 -20 100 0.17812910883171762 -0.09743330758207219 0.21640339819441834 0.9421303626274807 0.9825949262088063 0.9731737123141218 0.1422598471496609
11 500 -300 100 100 -0.10555372503171506 -0.16255009574670554 0.17593869865538292 0.4301776240303786 0.6878737657575702 0.4910371131318112 0.6517973228589448
13 178 340 200 50 -0.15306326577913792 0.011893677894623922 0.17552605697720375 0.4904675322828813 0.230949429030452 0.6791734625761792 0.6227549745358959
15 500 540 40 -75 0.24234631250028987 0.17754234438136757 0.12627347218295804 0.6163366512296606 0.9093928513215878 0.2444662570732936 0.3008062789852256
12 250 20 140 -100 -0.12476357662096527 -0.07672327572755494 -0.16687410203817415 0.6707763742135491 0.9572931335609521 0.7666695807148636 0.8149488545192987
16 140 -360 180 -125 0.15419904399595413 0.241188658587491 0.12730532887421747 0.3056693757142829 0.8457374695975467 0.20450203121115917 0.0007816913576906837
13 375 140 40 100 -0.13017072539139135 -0.008367336955831806 0.22510111316659198 0.23384829454357592 0.7821741357912951 0.7991595141742036 0.8440213438740519
14 229 460 20 -125 0.11015742240075982 -0.2054863852530988 0.22595863213634954 0.9871297000069025 0.8216583931364511 0.4494327290654969 0.9934570707669625
13 425 -440 -20 -100 0.057114719935192015 0.11442977591784154 -0.02555285683465547 0.2563468248375297 0.27773519816901615 0.9223490176593854 0.5797492042797796
15 407 -380 160 -75 -0.09424777385190758 0.1072951636370193 -0.14674419947936856 0.40812246327819635 0.6633347965635962 0.33114204853163154 0.7511036244664199
10 367 -300 -140 -50 0.06057194421959822 -0.04003187621208243 0.03040441381028275 0.8403644440293736 0.10710320329892009 0.390437152243891 0.44502954181972365
19 309 -360 160 0 0.0991686462514767 -0.1558866382731255 -0.08958789506837739 0.9191784375391462 0.36653749438493877 0.4182788161437253 0.16597779540933644
11 189 220 -200 -75 0.23964374257755516 -0.01689575015625372 0.08329222524483204 0.2157425620563801 0.01471210302777226 0.39436349342722377 0.39204609133044355
13 113 -320 -60 0 0.09191200425157431 -0.12673183697527207 0.052665619734405256 0.5089108347194642 0.6644594115803872 0.230131295772674 0.988391168919932
15 341 440 140 125 -0.12521100465869828 0.2462342344296044 -0.19132896507156433 0.25363295182408496 0.9234406082454126 0.6610816362622092 0.5712611991773795
18 3 -180 180 50 0.06815214508132011 -0.04024575863100188 0.1457021807391397 0.5415847414745238 0.766421175500826 0.7889556443354852 0.8048810540913345
16 335 -280 40 0 0.2273204661414555 0.08884228733147648 0.09093661510716833 0.8856501509774186 0.5990436583654289 0.46081319327602666 0.3864853521936894
13 232 -300 120 -100 0.21280788367399284 -0.196000964413659 -0.21191560997941533 0.5948919797226035 0.14503247145641085 0.2371137337674818 0.9256956930989874
14 160 -260 40 125 0.12673969795510864 0.02479624989154433 -0.15508279700998923 0.6705576745031167 0.39616812931184786 0.8224111486117985 0.7675484689426341
16 469 560 100 125 -0.239916985990544 -0.07499660560067917 0.17276723811630496 0.6997868206416352 0.36924682525734986 0.5256381435789254 0.017187321186346582
20 230 -20 20 -50 -0.08827752213609619 -0.023424009331278528 0.11922617505285704 0.5410454663897462 0.6768857854914413 0.24524348790668615 0.5608767021497857
18 192 -360 160 100 -0.14912850904600566 -0.10908091304493961 0.21325136623746244 0.3910663228126776 0.8980429833935929 0.1500824392309813 0.8385933864889852
12 400 -20 140 50 -0.03492486679023471 0.2239699550133894 0.225110599857955 0.8265002496960855 0.7320103807083359 0.9568404796127932 0.8190678278783518
15 410 120 -20 25 -0.015418850003730222 0.17468852425670073 -0.08389153012023343 0.311149645065971 0.3369349542062463 0.8190060053208651 0.7817971737058194
15 333 560 200 -75 0.10284120198135688 -0.14209724788161537 0.20899776665546038 0.04622598582832471 0.008543570640858644 0.46537739907112663 0.560568901846618
17 76 -80 -180 100 -0.1473801569644953 -0.20285614961745901 0.21403474285449497 0.7188050706241734 0.9965573455498242 0.5063172312987113 0.13066354253342705
12 460 -200 -60 100 0.2027279750345925 0.17212123926450995 0.01786497766290812 0.7433754679277415 0.09346648047405925 0.48734941011754196 0.023600775356178327
13 120 -400 -60 125 0.14346190153462213 0.22247720598800735 -0.16044776507105118 0.30085588540189045 0.8513931815841439 0.4845300960661355 0.9375922385169825
15 90 -80 0 -100 -0.12217694630723808 0.16784636519583473 -0.0838686933353075 0.11358733600456106 0.8651027824992897 0.027262765952202228 0.886637224291783
15 374 -580 -160 -100 0.003388980578957812 0.09753422805544765 -0.08709520494857009 0.14838024399789906 0.5123388007611552 0.21253552388795216 0.7432240090095487
16 453 -180 60 -25 -0.03911356009320949 -0.14055520523788956 -0.10618408091641562 0.5862666642817037 0.751795105128144 0.19018097533882794 0.22880811376094856
19 472 580 160 -75 0.2282194270377904 -0.17657664963106962 -0.16239583772197091 0.6902194733935012 0.8985397277327174 0.01615904650339528 0.360216889157597
14 81 -320 20 -25 0.2422346839418142 -0.2206000626358109 -0.09978500995315304 0.4072171955165441 0.7466878461267631 0.6889165709078422 0.02438586670262144
11 52 -480 160 25 0.07028580871367268 -0.18602276094664633 0.11020878834479808 0.3480473874373169 0.3874100470783378 0.5240601701893164 0.8858262006239319
19 494 -520 100 -75 0.08392675591404075 -0.12353370062198682 -0.17399018333562677 0.03971498375839444 0.9361838597448378 0.127308111412894 0.341613924715491
14 168 80 -200 -50 0.054749005393414485 0.24340503306161565 0.13156331550984585 0.7545656984003835 0.20341655600917918 0.5761046754627979 0.05789952269309351
10 441 -580 200 -100 -0.1407803718523729 0.06598926799881821 -0.04641025684011996 0.7339595637789355 0.5348457570008025 0.48748022232537636 0.0056246313014616245
17 226 -280 20 100 -0.15207938851013764 0.0955683184952531 0.08781377203697777 0.03624426992533347 0.5241575465027648 0.21089452863468372 0.8875823496215945
10 120 20 100 -125 -0.18761295905519226 -0.23728693380021487 -0.14750446825193653 0.19748174729123424 0.36967817006506876 0.9591231402492678 0.17492412391293366
11 455 -380 -100 -25 0.21482503449858842 -0.12249572932379282 -0.23523975701624766 0.903449723709853 0.3740385168444649 0.8682742183784443 0.46204183422990097
10 1 340 20 25 -0.1841388988544766 0.034444032570435934 0.08884764525963584 0.5696979637578053 0.2980342379392905 0.5369720949879795 0.656653260618055
17 14 120 -200 -25 -0.167844898565701 0.1440419993519096 0.1863594628510042 0.6727218553617316 0.508196927845986 0.6941377028757165 0.2384564725736339
16 80 420 0 -75 0.017247431602994856 0.007133582922350223 -0.0669115903503989 0.6232016478703767 0.99134473978047 0.5513201211271265 0.15500559912930267
11 71 80 -140 100 0.11560284931350995 0.08528077704953824 0.14452473455176335 0.8734882334486483 0.6723287025373358 0.5602333258978981 0.38040908040584853
14 64 580 120 -125 -0.1795321491841798 0.053977024713621535 -0.030237552303314097 0.7046334435739999 0.9801378299301355 0.22707557090666197 0.4078631208718071
13 144 260 -160 -25 -0.013139511527853587 -0.15577370226508108 0.09844743098619779 0.30040392434788354 0.5447233594190363 0.16893761837817145 0.24189856984011526
17 324 500 140 100 0.0883039633686884 -0.12157881329680476 -0.205266609699578 0.4678756675233481 0.8417281997517204 0.1135491167950119 0.31825702995852734
10 88 -520 -160 -125 -0.16700687713233314 0.05233902241177224 -0.18722049654614603 0.611437393895383 0.8519795566395156 0.12029902707559914 0.0015847245126314746
19 372 60 200 125 0.22197488122751635 0.12878355564068655 -0.2169527859516429 0.5935588846055624 0.5973816755616931 0.3815834678081649 0.12847816814721624
13 205 -120 -200 50 0.08913156247707965 -0.14888826716771375 -0.019222702064895347 0.11424058253437286 0.990405715269119 0.19669070071634331 0.9969370049223876
16 392 -340 -180 125 0.12569260074067318 0.2397948311476426 0.11191260425792121 0.01228429345945603 0.06657007450289476 0.38977438787136476 0.8612611955208956
15 116 300 160 -50 -0.10069063682933327 -0.042630689366904506 0.10638333251309989 0.0031653049980112646 0.9935903770155066 0.9785583400097312 0.43145836827953665
20 83 -220 -200 25 0.09134518151002274 -0.0872160849077821 -0.08269820988163196 0.4549315671406825 0.894251585591516 0.5457786660985203 0.24181732143681112
19 349 -580 120 -75 -0.1811965191602124 -0.08054399289424558 -0.20719994664749852 0.7705326906854812 0.7488760004999204 0.28247459338819314 0.8019595481296751
15 40 340 100 125 0.0817551614534558 -0.1114147909460832 -0.18187780569478745 0.6733571628615896 0.39919657623234184 0.378578566838603 0.061412984583027574
11 236 -560 -20 -125 -0.042420806256027455 0.06150492061277674 -0.22409478733048216 0.6569393513215923 0.185888350709019 0.85887027234857 0.9621935241813896
20 206 -160 -20 75 -0.21661603372860605 0.23554955142130113 0.010098882311344703 0.9955158402249522 0.7335555368265376 0.9612028216971826 0.16810058967440122
19 198 0 100 50 0.0499448487328063 0.11273967266235746 0.10325104474357821 0.7266217236830582 0.8996995203236964 0.3822536389880563 0.7528107445698488
18 34 100 -60 -125 -0.15598303957477871 0.24145904807458735 -0.18734741634004742 0.16141017501827615 0.7893670361213905 0.909326350835748 0.33259195723916524
16 417 -220 -60 125 -0.15069706308033287 0.1459224949776058 0.015553392822749701 0.8540629749697407 0.9840945999606348 0.9450475252094579 0.5246343957983866
19 500 -280 -200 0 -0.200064166730336 0.09071886255371964 0.0238614061786383 0.9830157769213078 0.7279808956456097 0.024640488355806567 0.287094962181198
19 200 400 -40 -75 -0.22986771700836195 0.2258528713404756 -0.2384884785843328 0.028292728056866334 0.8911834094178139 0.632176530551608 0.11948179961317507
18 286 480 0 75 -0.23480602620352647 0.19062325751811315 -0.03186602484851064 0.3325465942157273 0.5424010864816532 0.10893872712096186 0.5458862888027248
19 263 100 -100 -100 -0.19464874058196735 -0.24858371494446124 0.20812021383971918 0.8428629150266017 0.22545985590659612 0.5923414014737731 0.9635748436075415
14 461 220 -80 -125 -0.23195549148962286 0.03778723246017951 -0.06457374003588667 0.6204335861560352 0.7050475578461719 0.37818439592374786 0.4999642934753675
13 197 -440 80 100 -0.21868715407801165 0.0914001410824773 0.12020389956052135 0.8955301906338105 0.1874791081160826 0.20407562802841295 0.8329979428142633
18 458 600 -20 25 -0.15948704710984207 -0.065302242869408 -0.18636806767241743 0.8713868665432146 0.7487074264785771 0.7027671580036224 0.778118873300717
18 351 -500 -140 -25 -0.14944368306642491 -0.17049045916612238 -0.05299021797660253 0.4717698952486732 0.0786378430047523 0.7490524413059428 0.8967979704969579
18 93 100 -80 -25 0.17233109341327763 0.21445668677591417 -0.025147043169654992 0.04588335103273189 0.8406588168639967 0.6324315748986588 0.16774673074072455
12 20 340 -140 -25 0.015031609275179048 -0.02575715068846196 0.13350235828155144 0.6156274227124705 0.3799069715940082 0.45395875237026806 0.3723920642863754
20 101 -240 -200 -25 -0.24984285608482193 -0.0592410792614137 0.026406873368000627 0.5426520255690008 0.4632885608721524 0.8892611438732688 0.7341660381134435
18 273 600 -160 -75 -0.2051422783043062 -0.02837657955043721 -0.13907530566273696 0.5113180031054178 0.013105794390915415 0.5369074203041034 0.3182310211716689
10 466 -440 -80 125 0.1465180994155888 -0.042998190994940344 -0.14673276241147676 0.9906100421024311 0.4997227814796349 0.8929648940047856 0.29199736192359405
14 352 600 140 25 0.16182422662141455 -0.20450480617665284 0.11344909180984386 0.9920615394003364 0.6733115667409146 0.76487565394253 0.1491228935486929
20 258 -240 0 -100 -0.03315976949861765 0.18849437311603895 -0.11803427672636674 0.21673097269324892 0.6063217688480363 0.120584278071583 0.8505528425524004
20 233 40 140 25 -0.17876514974515856 -0.22844988571968666 0.2030656099511713 0.44560317113820824 0.5085510885747532 0.41849561588054407 0.34472244678752073
11 461 -80 20 25 -0.12368863631619453 0.12225441196041792 -0.2092829131004026 0.49330348871096785 0.14781393435482315 0.13415658547117348 0.03808066588107428
10 274 100 -60 75 -0.09742419724124063 -0.026092891017607367 0.11467559345161066 0.18753078389092936 0.30938826864744806 0.20092358887921324 0.6949281370424424
13 83 -160 40 -75 -0.18839802907769604 0.13355183746434257 0.0711818757237691 0.39154783467682697 0.28191519321175684 0.511710361644093 0.2683472980856483
19 129 160 -200 100 -0.10399833480581361 -0.17994422110169483 0.10259242930055157 0.8883375866956945 0.2365347925073601 0.15347645582936198 0.4861457863660863
18 317 -400 60 -25 -0.08822301669700683 0.23564753648113412 0.14144753684401107 0.37948345537504824 0.6147382357260096 0.11438159988296259 0.44918474530747343
17 118 -520 -40 -25 0.19722466144315376 -0.12425822152138793 -0.08305244769630221 0.4814287258868518 0.028458352098940987 0.552802629601697 0.717314757317663
10 75 -300 -20 -25 0.10669034586915671 -0.1470147031727589 -0.10219535104690286 0.8190913377511234 0.3266051483441411 0.516691004128603 0.8018155170253924
13 437 60 -140 75 0.17584856354302408 -0.12513103227390526 -0.13520980683893896 0.3499352104017982 0.7232355861876422 0.7665999278157409 0.5485963370085112
13 393 400 180 -100 0.019096996009498268 0.02916825470937523 -0.04726842981899709 0.24088956054606714 0.703087053669974 0.5835661614418695 0.6355453299478008
12 224 -140 -80 50 -0.08838859828402973 0.1938743051202192 0.19280904396642107 0.2801681695750934 0.49672920164284684 0.5597314760527468 0.8016071047801309
15 161 -200 140 25 0.12222099692584809 -0.2160940020810182 -0.07535954808112844 0.5718621850459319 0.3106120230055772 0.410047098198 0.38584874518891676
13 268 -60 40 -75 -0.09685853362766889 0.2142914013175813 -0.11901510398525228 0.07691553461979184 0.9529123821502536 0.4229811751591144 0.8735850676130574
13 221 60 80 25 0.031824765990687065 0.17567750898593348 -0.029107508718901998 0.8521974903640017 0.4453988858594027 0.9553427676870501 0.5831806173792946
11 498 500 -120 -25 -0.005807951762723196 -0.24161955489793502 -0.008575002998265469 0.4876402906214884 0.09375709526660225 0.3436220573021924 0.18422263359002278
10 226 -240 -120 0 0.07362047179180281 0.19180751474613966 0.13107101268928845 0.7603046678959793 0.8041547361904575 0.991847206694744 0.9539861963512434
10 218 -220 40 125 -0.14388511712828206 -0.10535410656402028 -0.09632977673351684 0.7303366923545032 0.607788599483933 0.12728948108669047 0.03707182887039151
11 169 -180 -120 -125 -0.08642400268053335 -0.21578153481522072 0.24123202042604208 0.052023628296211766 0.4477077123188793 0.18151647806928706 0.18002701596494064
10 451 540 200 -50 -0.01841479299392823 0.07267019340187314 -0.19630131206661444 0.8780728262232018 0.7125383531772247 0.6484316835105585 0.09172183036848858
13 53 -220 -140 75 -0.07361367491878257 -0.12380718074960229 0.19033278928436198 0.09102450117618077 0.08843494467399327 0.13732628286952986 0.3411977525136404
17 226 -280 -140 -75 0.09823862834667202 0.1931208080132314 -0.1415653930164381 0.25972615225138795 0.5700378940285308 0.475107548888123 0.8948235285727246
14 275 -260 -40 125 -0.1167986413430877 -0.21967457026519122 0.2189860689219047 0.6429790200567784 0.06825420492790968 0.3729813876451702 0.353765039271286
15 281 140 -180 75 0.22782557902908374 -0.13804838021091448 0.08952232358860618 0.18432172134083447 0.427515190033396 0.8387871906468043 0.9072606247601227
16 437 360 -60 -25 0.21660895892297694 -0.0026075662700125735 -0.04871614117190243 0.7726416885029325 0.8988937126590554 0.6618645457881269 0.07467580602854373
14 148 260 -140 -50 -0.18091031508128552 -0.047717614388106455 0.20122456300196995 0.08192004802911557 0.8540365479306582 0.18312553429156508 0.8170258370337008
10 496 320 160 -75 -0.13068025822170493 -0.1372519575831862 -0.04357368610517143 0.1285576974866427 0.3363445494735924 0.5182753108011502 0.8927358037012518
10 275 100 100 -50 -0.005241143040040197 -0.05036976385642289 -0.06767725375654554 0.41507238666578705 0.5171374801305874 0.01967732249690346 0.4091017658427314
15 414 180 -200 -25 0.13279690159129626 0.1056510307951593 -0.07120197721385835 0.6690655993619192 0.21491048406098745 0.9245506171576291 0.8437847484241098
19 126 -520 180 -75 0.14723893511565417 0.08594984370123565 -0.11328520441295126 0.18365266023249704 0.25404776238375093 0.0672547255894752 0.4443698419442036
19 215 -580 -80 -125 -0.09957201126350224 0.08448100389778446 -0.2420070130237737 0.7780801249724482 0.2678363928203822 0.5074596039458094 0.31897504261142773
12 102 -300 -120 50 -0.2111596821621205 0.022806266395411723 0.11204731295513215 0.5774729217985829 0.9099841008160725 0.1840343962017652 0.8206964848134742
13 93 20 180 -75 0.21453536289078473 0.04133166554713019 -0.20700670386047432 0.5442907908080017 0.5407679924879899 0.09207482176198978 0.8800065066368292
10 253 -120 -60 -100 0.23908502626031247 -0.09738528362675253 -0.23941255769124842 0.7686907405880852 0.030931673006482696 0.4918326069970771 0.2997846422380539
16 321 -160 20 25 -0.16732387736106802 -0.22442169573280785 -0.051974576368468695 0.12293868283119547 0.2866632659094248 0.10159799670768366 0.2590484341236281
12 273 40 140 125 -0.23282555797757165 -0.08409207450637407 -0.005698847519164274 0.49221794027825205 0.5646155519907639 0.5589318360778114 0.8613528814429862
13 480 520 180 -125 -0.010228605417430092 -0.070934725175955 -0.09011252243985729 0.916860186001337 0.671875452256295 0.3873228946401771 0.7926806123954329
16 156 -320 80 -75 -0.11707408504833933 0.009277590941864977 0.24948979741637012 0.8580846071923147 0.8135702925699508 0.8987119802302665 0.018050833529355104
15 452 -560 -140 -25 0.13495330747049 -0.11735121899264989 -0.19550732116029945 0.2727834093864391 0.3554838365055275 0.19021257182661944 0.4868771487184612
11 69 -320 180 100 0.15983084099958866 -0.07823504345932103 0.08176606791070579 0.8262276132166042 0.8841282671441423 0.6268406749582325 0.2662275958940684
12 47 -100 -200 75 0.028452261254097166 -0.20907806315566085 -0.23009530445146192 0.18071399727711712 0.6074324307557616 0.09726006719528657 0.18319285206857883
20 112 160 -80 -75 0.1683495308795161 0.20135743583249882 0.05529756909070249 0.992277621893188 0.8705371676641925 0.9556781884291302 0.5305935258390765
16 352 460 160 -100 0.08658641309650011 -0.10382698740716062 -0.06758358715518242 0.47756832039439023 0.8240525295091183 0.2628129696044239 0.0869082974933949
19 215 20 40 -125 0.24607556135593478 0.1538057055184286 -0.18332890034693755 0.7778503164591903 0.2375343490678965 0.6556122000295768 0.4912106332156728
16 486 60 -140 -50 -0.043516731689151544 -0.04277469643887011 -0.06831729651612545 0.3884795488013002 0.5529632964266814 0.3001865202405988 0.9733445895180963
10 452 -300 -160 -100 0.21351093526282094 -0.17138904650611708 -0.07375689976427285 0.9987699153306074 0.7496742804991806 0.7387851205782763 0.9112129888311149
10 164 -60 60 125 0.21329822345896715 0.06378508517321485 0.17388051189658693 0.6127099215896722 0.808072988149034 0.19956848137586614 0.7955984676749456
18 150 120 180 -75 0.05597462502217282 -0.019184067671262017 -0.23840143523104212 0.714024350060214 0.4233991149947889 0.6678106481761434 0.3713463487527413
11 165 -180 160 125 -0.08652995581869843 0.008055691242602303 -0.16296015753133286 0.9291382955736619 0.0594133506789849 0.9955656361831908 0.955751912021517
13 483 -40 200 -75 -0.15342946020041337 -0.058232266294639234 0.18450917638561626 0.1647320409404145 0.1671181383822311 0.4546747084421836 0.49078430843527976
18 72 240 -120 -100 -0.16578620232367752 -0.06739076223847734 -0.0601641239140388 0.35222059125994165 0.1588052153293047 0.3549269315363478 0.6643743844301255
16 75 380 160 25 0.2217261659461321 0.05087287970646431 -0.01658673281781481 0.879154570618191 0.7911171617675914 0.3894824079176892 0.3148593825240542
18 395 420 -120 -100 0.08674083315364883 0.00024975546421301953 0.012358923861506499 0.7071790736254505 0.9142945767703079 0.6306351714707623 0.37278435281442135
19 352 20 -200 50 -0.21861922498703057 -0.012176609248312542 -0.18996965656128534 0.9285001389864604 0.03363667191148989 0.6225973202686083 0.5885171429222998
11 351 -180 120 125 0.020033030134148755 0.10932783770407817 -0.00825784333933699 0.11891239166553258 0.9107729715606188 0.19852512451939763 0.23410326310008955
20 255 100 200 -50 0.15083422184675266 -0.12369373820918633 0.18251367504348542 0.47583789817450306 0.2488852926614763 0.4626114613737803 0.43279805777555613
19 117 -80 -200 -75 0.19600884972695443 0.008101063748307269 0.055688934714317295 0.8289975324317508 0.7410213862883114 0.9683834117654827 0.4713997075409153
19 159 180 -120 25 0.19932265529693505 0.2347563856776715 -0.12596314483059512 0.15147829339681018 0.6486315886511616 0.11499374727673706 0.30517601639766423
16 466 -340 -160 125 0.1098657811915218 0.11690777340466157 0.17866620939396438 0.31354342335602925 0.5144556048012664 0.03803059531097952 0.8758422970264691
15 129 -460 -180 -125 0.04095512476507984 -0.18616125732904076 0.08945344351209478 0.456186192852566 0.9435173855001303 0.16338398009378619 0.43256973910802154
15 103 -440 200 -125 -0.2111751171284641 -0.11159877160082537 -0.15162805856119788 0.36022266634277544 0.2761086635516743 0.1988341375466801 0.20017689607131395
18 178 100 -200 100 0.046261502281644384 -0.23156581101802043 0.23687995226210035 0.9781873641280424 0.5266227863007431 0.8183472284428311 0.8797091751110826
10 419 20 -80 50 -0.007102534569686347 -0.20109046190333152 0.2260895298362809 0.5567231983894805 0.9362879736201352 0.24099146636787805 0.7528643592449231
17 480 -180 -40 -100 -0.08074435388313067 -0.16898817969191066 0.007597788504116132 0.6694100855782221 0.4395146778886113 0.7037058913921018 0.5216415533173765
11 11 -540 -180 25 -0.12808295123543129 -0.10078613268432673 0.1694322023351677 0.16991254055725324 0.9888253765722279 0.19708393148312786 0.276808553781837
16 381 -480 100 75 -0.043918836272768935 0.023784636519233182 -0.13935633082117088 0.7816051493091691 0.5117524221835211 0.791719335401579 0.9590286841799159
14 82 -120 -200 75 0.12927605071265952 -0.24607377374224887 0.2125901716988921 0.006113392500407766 0.6307312324189039 0.8845422261092535 0.8903333677342921
19 22 -420 200 75 0.03081635450419279 -0.10658072391505219 0.19474081047450897 0.627821384402055 0.4383571898317554 0.30216195810629587 0.18603552065558326
10 108 80 -40 -25 -0.1638033510945362 0.21252372335173397 -0.17744040634425334 0.28414479597296016 0.4130939554903905 0.6606370160746242 0.4666960575907044
20 182 -380 -80 -25 -0.15630400696550756 0.23492582312238713 0.07835996303043313 0.7584079883243195 0.49669349835974497 0.5734843844380538 0.8902757062034441
16 53 -160 180 50 0.14865511464443099 0.04206316298674895 0.08091375358647801 0.4055106549111708 0.6507008369021386 0.8249707184830019 0.11441006053030112
10 394 -240 -120 -25 0.21437326479601532 0.1665451988435327 0.14135127091813027 0.883993665136696 0.6567127089447304 0.5812119887298289 0.9622730037646752
11 451 400 140 75 -0.07211771947192802 0.19778582087503377 0.23856269536199232 0.2701126408624773 0.5195594104351015 0.005839127843587089 0.9120257817529938
14 295 -100 200 125 0.19636863532132715 0.18773977490437083 0.013660940409947253 0.017488662550766754 0.31999987771262295 0.9029367275069851 0.8368317054693797
14 408 540 40 125 0.09034513327998533 -0.24233585506370725 0.046280018493158714 0.7302721607315046 0.7702156558306552 0.938706882799183 0.9448174317711265
14 432 180 20 100 -0.24077623342737714 -0.21273225147616076 0.18642374864625377 0.4792701201315517 0.6825682092568099 0.6111338445731073 0.1497383128606603
11 56 -220 80 -25 -0.22727673156711603 0.12743748096210172 -0.24190799529529233 0.5750685719663904 0.2528846030368179 0.34796030073807416 0.5181647091424509
10 446 440 160 -75 0.036532854717027274 0.05934588052763462 -0.06277522984197964 0.7176503913112418 0.6078706158649806 0.19154377978036674 0.7198774377888463
15 428 220 -20 -75 -0.13228524780927026 -0.024758407681154615 -0.0893932880775713 0.015622473585495289 0.483753132499677 0.5887836091429288 0.9985345741640408
18 205 280 -80 25 0.036027636180944345 0.00864204328631274 -0.12211428241374755 0.37503076992076156 0.5340107131182796 0.18122122746429759 0.6173845631029353
14 430 280 180 0 0.17994251795212013 -0.2239266066511993 0.1449639041542195 0.7594441995481952 0.5491201074382285 0.6634426237564002 0.8679896155765934
16 369 580 -60 75 0.20647256587417723 0.049443990494199674 0.0060533591203322246 0.5049005837466958 0.27633372989110716 0.5863171176909516 0.6297563603793602
20 24 -460 20 -75 -0.06765471566282572 -0.21080786273838825 0.16640923934032864 0.3744192424654964 0.52239491763849 0.12792120536147156 0.8637502782392191
16 371 -40 -40 125 0.22527906477446563 0.18611838069297398 0.014959688037083085 0.9392594408614383 0.6330180916360996 0.6764160866831929 0.4137305137092715
18 18 -280 -180 -125 0.025242574928621753 0.12225019841687734 0.1554934955344679 0.10942529028699877 0.8265725313468937 0.16860277818829128 0.9750320833683465
15 231 180 0 -25 -0.04358385637663026 0.02877752300059494 0.05741163360395679 0.7178611552967492 0.6459079899996516 0.7262321216322278 0.2674125201042187
11 315 -360 80 100 0.19602449170940234 -0.031235064254554412 -0.09443728568173854 0.37612058223638833 0.2616123567137466 0.6607679121175366 0.9288202336635442
17 210 -220 -20 100 -0.10777327391520758 0.1388597413608207 0.13572364337613857 0.1721146299068499 0.5809727806934843 0.6558032495211723 0.8429917544893683
11 149 -260 80 -75 0.12409224353036363 0.0440378307758843 0.08954150804100142 0.5845503159229865 0.35029477558114674 0.9216970327449577 0.26991396561015657
18 159 -100 -160 25 -0.08742861878406444 -0.04493030184252689 -0.1070976521306804 0.9539756051467522 0.6339723522117867 0.5900018683464688 0.41135180597811694
14 471 -340 -40 75 0.06991789542782795 -0.24808672880785337 0.23724215077485067 0.7595251508059572 0.65116659112723 0.34608174110156054 0.562540088803178
11 346 140 140 75 0.15157573757911202 0.14210989134265878 0.18756423951058632 0.664610187973608 0.09962259906149074 0.0647162755011943 0.8201298599118896
14 214 -80 -80 -125 0.201065376027959 -0.16073744505724213 -0.1893208860727767 0.5102429658238671 0.7794805623531047 0.9128561672029679 0.975948835910138
18 188 -100 -60 25 0.10550887329114145 -0.23655978086090024 0.011918965438911744 0.4507983233863787 0.4887300810595254 0.6309024955890006 0.4192763289348237
11 178 -200 160 -100 -0.23255318616483756 0.2431780842006468 0.21869651076845897 0.8972131337001139 0.5830436752234862 0.12340190270356355 0.34578651774606073
11 235 -320 100 125 -0.1849605180210459 -0.0827072406891271 0.15136389614392737 0.7109487294323712 0.707069992196225 0.17611113466095984 0.017021637783060206
16 361 -180 0 -25 -0.10054571582910832 -0.16455240957715567 0.15480778712304505 0.6864916062256771 0.08813367716202447 0.19583963210278932 0.6638388123719576
19 2 -600 -60 -125 -0.16378560267279757 -0.22374163090277838 0.16558141184875996 0.17564052987291268 0.31287784775576843 0.9550898162869864 0.15258320005267545
14 361 -420 100 25 0.17398495898840566 0.05126636176722854 0.24362072661477802 0.3236896290616197 0.09724431558475055 0.7519309961303685 0.13658573585245937
18 293 200 160 0 -0.05691668175445158 -0.23372668749604014 -0.2095954913809197 0.502519973757043 0.9814584458787066 0.22847696434919462 0.641463555432762
20 309 -380 -40 -75 -0.2468585461881359 0.07182692355498144 0.18068813697522568 0.11493486511663054 0.999036827948695 0.7627465290017134 0.2119309288135881
17 65 20 -100 -50 -0.08960843384432271 0.11283794452102108 -0.16727891524227512 0.63045588596852 0.00576715408509032 0.5146865115754833 0.6276298737861684
15 355 200 140 100 -0.1000838898669763 -0.23692889268135564 0.021630664566097912 0.24225015817911322 0.20647841232692965 0.009237475076463553 0.14070659948669983
17 444 200 40 75 -0.24723713464596025 -0.2072315393605016 -0.03820759349716485 0.0915665058437225 0.5511178932383585 0.22349150651648397 0.7582152903856342
16 220 0 100 125 -0.018545919469620753 0.007363969747156307 -0.0008699781387357941 0.00024355535448905563 0.7620859896943365 0.7131185560096858 0.7392412339324079
10 89 460 180 100 -0.05769827132282268 -0.08043037335787384 -0.04738393241943151 0.8442373794294256 0.5570534094258996 0.2243797845049944 0.5114350343499648
12 213 260 180 50 0.12942336509616914 -0.07357602928537593 -0.0748492973761875 0.9004393150712722 0.15861738548861826 0.7264607875674005 0.564288964827372
15 249 400 -200 -25 0.1093148689129243 -0.10076919361475106 0.1298250322498944 0.2530976008162178 0.3731991768488957 0.5688162940377118 0.8267579601179564
16 214 480 -160 50 0.08175752931832087 0.1535932118597541 -0.06217050511158162 0.6912949036754705 0.5958914305358005 0.9759300191699295 0.15771172187106608
19 417 580 -60 50 0.029738431718490943 -0.24755424691210537 -0.03275307239355357 0.40885693115944355 0.5188233714295768 0.6317968805769936 0.8187355212380559
16 248 380 -60 -125 0.09190335812173922 -0.07520541326700758 -0.1798277338054276 0.5375708383798977 0.14771063706005294 0.6444996158345828 0.2338922990475606
18 239 520 20 -125 -0.1553108834510495 -0.1274827777223007 0.19707687125246126 0.18127926635041947 0.6629748960712335 0.8934539291578232 0.20176108454222963
12 360 -140 180 75 -0.07680932394247603 0.24468030356613307 -0.06868076022798847 0.9900123470508125 0.8348396955598394 0.8648691669756716 0.6350719762190535
10 129 -240 -180 -100 -0.07897582558068406 -0.1983367210338231 0.2475533699406472 0.31734144213780546 0.07055930277316735 0.953707814786724 0.058211814142872464
11 385 400 200 0 -0.16273740070590376 0.06304789585345161 0.22665008476658138 0.10446280620609738 0.9600261013201506 0.12455805419858001 0.45279294231256095
12 202 -480 -160 -25 -0.17523487438793806 0.24850147240695247 0.20942744623057524 0.36047085260609457 0.9259954418275234 0.16374753089136462 0.508609551989657
10 486 -260 120 -25 0.19622301824830019 0.02055732483085132 0.09274683064792932 0.7080990874025985 0.8384346515454895 0.688920094589617 0.17226332853647097
12 355 -540 -40 -75 0.11126920106851512 -0.0578585450988236 -0.1590214232283832 0.21560976042706215 0.26485260631275187 0.21985480986163553 0.13415826987352797
15 238 -200 20 -25 -0.049708293509542534 0.022348865846324895 0.23274460583479745 0.6781181389406373 0.5337069361468787 0.2049192311235677 0.23116079529989697
18 305 -600 200 50 -0.011036861830952482 -0.1561746497693975 0.012618234386652716 0.6771327451177398 0.4648278534106055 0.8178513634165139 0.5702447105164479
18 71 560 0 -100 -0.2445486010553775 -0.10898327340162878 -0.11243285958436455 0.6677140306615427 0.8054757248913171 0.4491584398110561 0.7554266818521584
11 27 -100 40 -125 -0.23046892781449324 -0.22841031307864684 -0.20756207523405734 0.7150810932083105 0.4460959093860891 0.404855015315831 0.4213520906200715
19 90 -440 -120 100 -0.024968556023245103 -0.21632979646369638 -0.2115324617168074 0.17513396408474757 0.06571296599597609 0.6366728120093323 0.9375900302876763
11 120 80 -80 -50 -0.22073143549517044 -0.19301850579614366 -0.15003192326818138 0.1640925325538808 0.38180843048277613 0.46086359430794543 0.12909227885752717
16 480 -420 140 -25 0.24911350161394413 -0.24002592966773945 0.21062263514877966 0.6865387300547889 0.7469677239517126 0.87791918146578 0.12023800092146764
17 297 -240 120 75 -0.08503359741065614 0.01153003746574488 -0.1801849355308343 0.7198643418266724 0.44683812238053755 0.09002667579689538 0.3582260905213478
11 109 60 140 -25 -0.24025059679863353 0.10947080049218155 0.06849801958705443 0.594901587318703 0.759923169079916 0.7357995058845916 0.18429324923270418
17 287 -220 -100 -100 -0.10235540038749569 0.2304241584635479 -0.18260631595916554 0.7701041963209544 0.7627034305928438 0.36306985379825263 0.5610493354230489
20 111 -160 -180 -50 -0.059585676634620666 -0.04788301002191214 0.14408464778449664 0.3569785019848455 0.5932827048709048 0.8783012510379686 0.6960709287672685
18 38 -80 -60 50 0.028731689216958012 0.18265012038558825 -0.12720460379439646 0.44058484476579185 0.3089817884783339 0.5092872937911916 0.8453590904857772
13 115 200 -20 -50 -0.15602468485484167 0.04979165854375389 0.017664883894052963 0.4000961996445408 0.41055945510260916 0.39584584453601723 0.8003916606968096
12 212 100 20 0 -0.14373727038757067 0.08807199207659949 0.07559991340388944 0.1435510730167474 0.09706120221711345 0.3744409932345062 0.6204279790762736
15 478 540 0 75 0.1746353674177969 -0.1693015666345663 0.11434795459747477 0.8929002206140627 0.8645381174111992 0.3348951384142169 0.5686878084841951
16 314 600 -80 75 0.16133940964286425 -0.04999341590600059 -0.16054391362970966 0.6943136511584506 0.6287540044047214 0.5030582509744214 0.326091098740384
18 124 60 180 100 0.22640481418202713 -0.15199165416024069 -0.15349796105390973 0.9321659343553039 0.6076712824544258 0.8009457739409787 0.329666267564655
13 2 -100 -200 -100 -0.1021217971727914 0.22067736031163698 -0.04778446537488412 0.33974871194807776 0.7830539284921416 0.1993692190437728 0.18358564019287782
12 313 -180 -120 0 0.0810392348555265 -0.05921435479014431 0.07622388485863385 0.1541681068372175 0.16393218121581155 0.08413171815589715 0.344682814291391
12 441 -500 60 -125 0.16032586919452868 0.16654143986206188 -0.21212925193464077 0.6772345272545314 0.9799197937965473 0.9037096545249992 0.17681849343483014
17 137 -60 -120 -50 -0.06483565714878081 0.060074341935734576 -0.04941835516729459 0.9508277567999383 0.3602757864614651 0.9268250895238695 0.5951023435834271
10 220 440 80 75 0.09957815354840754 -0.03323998871772882 0.1099162715108315 0.1355515734854411 0.7485076269883008 0.9568094553116369 0.6916204250120092
15 195 160 -40 50 -0.17176866025540294 0.2235892697221888 -0.14780063168011226 0.33151834539953906 0.9132873263488974 0.0013160227846691352 0.5104461812296639
14 172 -540 0 125 0.012222613289881779 -0.20419941208878595 -0.05996843506207433 0.9460248825685605 0.8807743638318393 0.997886401222954 0.665496434200522
20 243 -340 -60 75 0.04292539523679001 -0.18781776849562076 -0.23016436404256496 0.33650197839088325 0.4554834034276034 0.1010710101456943 0.028133752734922357
19 100 -180 -160 0 -0.08967665273054559 -0.24370297706291077 0.19032479746835723 0.2711939956432211 0.6542301728174963 0.7787513803624064 0.8142207821327736
17 89 160 180 -25 -0.050869291443093434 -0.22576430130776076 0.06739376587253837 0.8479214453155447 0.23244981755537952 0.0405585796841631 0.3254250146557034
17 93 560 100 -75 0.018635672046918905 0.08817073508288131 0.22316428232747498 0.6944665454112376 0.5874462391911814 0.35338507467704317 0.431633187514596
13 384 -240 -20 0 0.16857683390606426 0.09214972501326607 -0.18120672249243008 0.012230186628938267 0.6851514251553239 0.7191134703087577 0.12079082352697768
18 303 -140 -140 -25 -0.009442345835313393 -0.007310509484842576 -0.12893425618204046 0.04170258714576458 0.49219196126300924 0.4686739253325809 0.1227536499957419
19 295 560 100 50 -0.10026995660159749 0.1636394801486245 0.05488456782968659 0.39604089906957385 0.5664905447233172 0.013815653880199896 0.8110423899531101
13 465 140 40 -75 0.2221635395641809 -0.06291818240084174 -0.23132692248868286 0.12694706095794595 0.9402938846045905 0.7354963612894776 0.09248272008024494
11 134 -180 200 -125 -0.1795670590060519 0.23397203048762116 -0.013745073475788572 0.7865927151471473 0.8851062693455005 0.3224793567340294 0.9070680313718021
19 186 540 -100 -25 -0.11830750469716622 -0.19981103760756846 -0.13882970479953716 0.6534592746816966 0.8198339464046686 0.9007586105952722 0.3124241865328983
12 167 320 200 -25 -0.22209040825274862 0.14855509404882633 -0.1335525978836853 0.2101402279347968 0.10578288868084562 0.13147751928552764 0.6836484441649391
17 481 -500 200 -25 -0.061567066915554136 0.22258873455891703 -0.10767675678158706 0.005117399392588484 0.9833522843330363 0.8964705055139822 0.8222721734172668
13 224 -460 -200 -125 0.16308246815043886 -0.11877226395939261 0.0380835130207397 0.33378035671903483 0.08916572198761263 0.7326850436482939 0.7375918589865644
17 290 580 -80 -125 -0.09219540536465876 0.20858357042616288 -0.10610155410439237 0.9839344383424344 0.6051310496825982 0.9393008693247262 0.6347713040851578
15 420 -80 140 -75 -0.2452843457324716 -0.07356471324146924 0.2117300381944413 0.8969080256364156 0.3209192232375563 0.06277567710071985 0.22564081148645598
16 205 -140 -200 -50 -0.14393213160176477 -0.1285084947769926 -0.15267486149545934 0.45630646385902385 0.6134661778851347 0.1341392591459638 0.3097425694457696
13 42 220 200 -25 -0.08760057634954088 -0.15379667759527876 0.16716899640902005 0.7572757629554929 0.761983277781263 0.8372293437101092 0.5280485655043851
20 49 -560 -180 0 0.03172251453960989 0.0750878038896266 -0.01484228450177505 0.25767176521960566 0.36448035150545277 0.2984878967823006 0.040011510165877895
17 1 380 -200 -125 0.08486690451739948 -0.23037221124827356 -0.028055152212368317 0.5653212330269226 0.6371612120366014 0.6597696139239124 0.32619498708203976
17 444 300 160 0 0.02278189632495231 -0.012028057700616657 -0.029059737607877556 0.9677013459774564 0.298547051511876 0.6569686286052663 0.5416209035226139
14 129 -460 120 25 -0.017855493641200426 0.2191831235598572 0.047274884248164395 0.9862044671840331 0.15247627861933433 0.0484502360880269 0.3121063229035005
12 322 -380 200 25 0.21874245328843306 -0.026515892631513605 -0.013719397630925168 0.5186233270824545 0.3080703999431553 0.44271491059120527 0.10940080078802927
10 191 380 -200 125 -0.15149324095001426 0.2162219841443026 -0.21578809765710488 0.4080550588754136 0.48329133117546297 0.2808742620595821 0.5064360472575252
10 206 360 60 100 0.2403366138078596 0.0381635028510785 -0.058603478776441065 0.6615662071555252 0.5138150860981875 0.8427715748396368 0.050250195115781215
17 197 -420 20 -125 0.2483480666100974 -0.050336356327872034 -0.12382660082372943 0.7967066119996188 0.5692034599185228 0.7501389546230731 0.5435574696410469
14 231 460 -180 25 -0.07930550590235408 -0.02222168838248817 -0.1753944612574918 0.25753918378567475 0.7934735651082292 0.09620558678678048 0.8962777144273993
12 80 -540 60 -50 -0.12696081910385898 0.1171378398176755 -0.21868723358984532 0.38357805988857774 0.8923276680629693 0.6592500545657605 0.33890254448472945
12 356 240 -40 0 0.028963298759968947 -0.14788315925024936 -0.21984945768133218 0.8024965641021877 0.17186770775160787 0.06865917903103702 0.3864279700274076
19 366 160 -100 -125 -0.013638921718266195 -0.10154273015061477 0.16975899843474707 0.09336543664466135 0.9936457191179315 0.9846119298395656 0.8129429211122269
12 447 460 -200 50 0.22665037818886768 -0.007540431220248667 0.12707956044262964 0.245048488416874 0.6041806934408505 0.3976604471909577 0.6892866384678514
17 187 600 -100 -100 -0.20732337191731792 -0.20044450947781833 -0.0018658333968887275 0.9757026957859304 0.3479562846776433 0.7756718921280937 0.46139650819666944
16 18 100 80 0 0.06301259414370142 -0.09818892503863125 0.01901752737782364 0.055651135577404975 0.014285238163725733 0.32598056982549983 0.7567045174211178
14 116 460 -60 75 -0.05545059429325366 0.20240118604286417 -0.0012556940384348403 0.13752759784403457 0.6612212433680605 0.9905591057032981 0.7822724616464081
13 353 340 -160 -125 0.1514333751541156 0.09483161516434252 -0.007785888263303065 0.5147505877547197 0.9262952294166715 0.057249295520984234 0.2410152094461726
16 66 280 40 100 -0.14889933732418964 0.23593439640038982 0.06830410823144689 0.6739042517351536 0.17272606783450362 0.18664916843405055 0.06149150197154796
18 140 360 -120 100 0.15924702017765552 -0.04284551560295319 0.11999276566797801 0.9406742295772542 0.9198536965422324 0.5418316000143188 0.6964659129578598
15 18 200 40 0 -0.11314161342848861 0.15703698960025958 -0.12036984960278846 0.6636710865670521 0.35307225931762765 0.04311311691826403 0.47801298984593654
12 487 20 -180 -100 -0.056512892557811834 0.046557224265476094 -0.13002619241103963 0.8695013014931816 0.19296415573954084 0.5944878101732808 0.35068991907439384
12 334 80 -40 -75 0.03785211880522232 0.10641645177341769 -0.06062569511760779 0.4055934171024078 0.7546177656374775 0.951056312048548 0.22725657426379786
18 418 -540 60 -125 -0.16923650039808397 0.11989006950406783 0.1460458930885732 0.17264770935055518 0.4127445066523133 0.2672380532789411 0.5215714885932
12 240 -340 -140 25 -0.08091476372272566 -0.0442832816576193 -0.17635515638356208 0.6098125248104799 0.6382183876279761 0.8517516609785794 0.02857909100649869
10 117 -440 80 125 0.20644011187274885 0.008278799649260371 0.23373335232071052 0.840923115267684 0.9562897762956099 0.8597310918484423 0.4593644320732606
11 427 -60 140 125 -0.08287342535661557 -0.1143932405680112 0.08531859918981982 0.45706462372993806 0.720735800241715 0.9609664676551234 0.9133789584218606
15 394 300 -60 -100 0.11128316843520553 0.23252252628231446 -0.2321362868062809 0.4375798762555212 0.5507602051660198 0.9055476704525915 0.7201077021846974
11 31 80 200 125 0.14160393062156007 0.039033361536851774 -0.18275256408869145 0.8297002248384842 0.14299787359488503 0.6116812652667145 0.7822726310811987
13 471 20 -40 125 0.11838872582911625 0.06791483537517878 0.1498738688282935 0.4317787821570168 0.843637570060494 0.4631499494493576 0.11017468128203345
10 238 280 20 -75 0.0460046788898924 -0.06088572279570614 0.14610109937931115 0.18676623072922505 0.8507042601221096 0.8851686138766002 0.510541197788737
15 363 -340 80 -75 0.06548245942762076 0.12606975438792517 0.05694575837584881 0.7257153861059924 0.6841194085673696 0.17238773315395217 0.17776658329549955
20 111 140 20 -100 -0.20123143537299049 -0.04594692030397485 -0.10741354424632144 0.10180232237289744 0.9578062974961866 0.7667036152634583 0.758150797356215
11 51 120 60 50 0.027842173573988604 -0.24603238161712032 0.23902127243359123 0.20210975465012926 0.18158586034734525 0.628494891478154 0.8980363063954078
16 307 -580 -160 25 0.13308902743971512 0.24224902364247036 -0.09968414501221717 0.5772878128755555 0.355511795675275 0.11234322628773685 0.9089968519077604
19 34 -260 -120 -25 0.06857706853811452 0.0902232544739387 -0.068064130943707 0.27509088015015404 0.9131133491323816 0.13968966960446128 0.40178978441160496
14 223 580 -80 100 -0.03715557834086869 -0.1660772186871145 -0.06951834291728365 0.3684737889857601 0.9925105176358777 0.8568931885807559 0.9535640745182483
18 171 380 -60 -50 0.217330963351274 0.10364825176746373 -7.335694177679208e-05 0.33624248369550447 0.5612841152061918 0.5820005516499372 0.14995683207952482
17 286 -400 -60 -50 -0.1582224724685165 -0.15561054951388814 0.21584740683426784 0.808296905653902 0.1665542867691131 0.9130729380631801 0.08126068656409435
14 405 -40 -160 -100 -0.1035190541535882 0.1561304492800662 -0.05344095814885136 0.6643786508864274 0.503778019699039 0.3638546805468186 0.8164323303737495
11 191 300 -120 -100 -0.06465836571049088 -0.1901883620014489 -0.009534028416664564 0.5729571515755313 0.10569849030655964 0.3419629123616319 0.36307813911802056
17 165 -380 60 25 -0.11852963488259999 -0.13312448119602893 0.14503528850784603 0.585607982810224 0.9290265381678178 0.9273597619229512 0.6349070436844048
16 296 -120 -100 -25 0.20674595282974007 0.07397852838683455 0.03812592962724781 0.7511319902839995 0.14531893769328708 0.6881924342358983 0.5128032630142952
11 364 20 40 -100 0.02195926196458592 0.025754433453064607 -0.19752186356580093 0.3411274704953192 0.859186184729063 0.2511002844223287 0.08511642267541741
10 492 -320 20 -75 0.08277285490583008 0.15290554168983583 -0.04018355623533465 0.021533388869999004 0.5999965056476295 0.9334059225043034 0.9797773885239268
16 471 340 140 25 0.0650124554672909 0.08917594230539144 0.1509836892550359 0.571604647091241 0.3032813431942767 0.6946935035074684 0.19063889660879618
11 189 -520 200 -25 0.1365487888445921 0.2402095324398083 -0.09157158078252664 0.1364415904815185 0.8852061636241021 0.5405236072057117 0.8367424008082908
15 88 -320 100 -100 0.06718227917685643 0.23688919047960988 -0.04811540858859836 0.15144223147142954 0.789842727313201 0.4248092557537987 0.3228694193975885
18 367 -100 80 -25 -0.17454857039219446 0.07989580283776904 0.22706688864515684 0.6224560003552335 0.5622684200037454 0.7581149848459221 0.2899630179882172
12 372 -60 40 0 -0.1691213975017185 -0.10494141914614846 0.148287092837305 0.953798055148102 0.7790253455170633 0.8118502025920954 0.2224167724556797
15 276 340 -160 25 -0.15404176119698937 0.10921231479933613 -0.08215154302637967 0.8900854054668971 0.3633848290851246 0.04323985226364824 0.4625635623837625
19 470 240 -80 100 0.19815162236603068 0.2134670739792608 0.04842991210376951 0.8454597252622171 0.14165960771772945 0.7368444536500146 0.49631309439828974
17 441 -140 -120 50 0.14730145570667652 -0.23389715463431687 -0.08280853319883846 0.5150416786665113 0.3960425229313268 0.28009374503777806 0.7252792059959138
13 470 -260 -20 25 -0.0312576105502016 -0.11136674197236779 -0.1081139147384717 0.9879161479239432 0.4465871579437456 0.9496226803630524 0.49265901409173407
14 84 140 80 25 0.1490372451844229 -0.01062328119644218 -0.2015995117995386 0.04265732303184899 0.7443278499611589 0.7093498369829901 0.03869450943841757
15 475 -80 40 25 -0.2085674578507728 -0.1474503564104463 -0.17447693061658415 0.5556650953958017 0.5630197960576527 0.4633948676222117 0.4614413493822257
11 51 -180 40 -75 -0.13624666857860812 0.24565630160530322 0.057942574522898416 0.6274741997689969 0.17691468114256304 0.8636781331955851 0.2175859422180223
16 480 260 -20 -125 -0.24094950079879413 0.1471538793117353 0.030389397261991746 0.5415539734737218 0.03321230892720095 0.4664355398776585 0.7556980733700676
19 201 -440 -80 75 -0.16176976161890722 -0.003185239637404025 0.05219901479067901 0.43459634772260525 0.8283697551661926 0.9238645498037867 0.28045124752894424
14 104 -280 200 0 -0.1663480817830788 0.2210189365557934 0.23946072567991739 0.6537724696517055 0.9676360128041541 0.9794212874283005 0.18126649187080146
14 116 -60 180 125 0.048420945849007024 0.13664823066203652 0.07221606667186198 0.46094978244270046 0.6037977931302336 0.21229025976256555 0.7274777666000295
12 444 180 -180 25 -0.0377800748266669 -0.08496914109042591 -0.028038268199075456 0.6068847549438369 0.20645282940869192 0.11376585800518257 0.4588195960134891
16 426 440 0 25 -0.13679760104850164 0.16469916290578013 0.015566791683730152 0.08326816463695941 0.6979484563805908 0.5810729610365597 0.4685123084803705
12 322 -500 -180 -75 -0.19343139558563371 -0.23241665774671277 0.17934908474310035 0.8217558261083843 0.042076846705352056 0.5457645346715444 0.25349806931696284
18 324 280 -140 -25 0.23144006606372686 0.154659228324257 -0.19966984199900134 0.5999376351309383 0.9932304404338552 0.4157716108558679 0.14186922467947183
15 80 160 -160 25 0.24737153766206893 0.15527977116735037 0.0015704100824481815 0.8854767444867482 0.14411169402969926 0.47218363379357886 0.24184847704337675
13 294 -300 -60 -125 -0.15781552601651494 -0.16854082367931955 -0.2478658333358152 0.9923796758566176 0.9920846770809482 0.147701056036882 0.5159920437714526
16 368 20 0 50 0.1024216222639901 -0.1526700617198143 0.10145949208566102 0.9900101130262782 0.6050970224921077 0.5347673205942408 0.5932514549664106
19 203 -520 -60 25 -0.23080730351675932 0.12642593828821663 0.09270807715041779 0.5118001420179277 0.2653703803924653 0.5504350554035811 0.5804177304681889
15 98 -60 80 25 0.23959872924993592 0.05375664876685188 -0.015422156216261695 0.9956071252463408 0.2502534857208393 0.33386722666245794 0.41824365240112427
12 204 -120 -40 0 0.033601043646164286 0.0592786007054113 -0.1710951002047198 0.2622521199682748 0.29398754056321696 0.2892374024592862 0.543276409770356
10 352 -500 -20 50 0.084140239517563 -0.03989788116726861 0.2469440791548717 0.9475833956247544 0.050728460328624325 0.7511166405539574 0.902259711721917
18 396 -380 60 50 0.1984674858328926 0.09579273643709596 -0.1970155943690881 0.947357970808655 0.8059404512990054 0.2242310128888032 0.8318206655815633
16 58 -560 200 25 0.1494915281454095 -0.12690531279524314 -0.00017147399955191878 0.5422193594870207 0.8498600324528852 0.4241772281175802 0.9323295650185072
19 30 580 180 75 0.24671893766716518 -0.06494224638890461 0.0930994611295396 0.532840778764911 0.9489983222314127 0.41525087277396544 0.76644861376425
13 295 -480 -200 125 -0.027253755395123647 0.09451581981493629 0.17162750951800337 0.6792732922498793 0.34219865066594524 0.9233082784870428 0.7446625912174119
10 86 -200 -20 25 -0.18763703775295376 0.07130019848568842 0.17509052932840863 0.6519397733898156 0.8158224331234677 0.04794550262561137 0.9787476917088065
19 442 160 -80 -100 -0.17508628981036894 0.0937797009948812 0.22746100957480148 0.8182921959762973 0.4630468369764653 0.17695414967590584 0.9756050869114734
16 445 560 200 -125 0.19892616812451003 -0.06656826937852361 0.16100471802052718 0.4670561689758841 0.10658750723788835 0.10863726580199051 0.25785069555194073
18 441 -120 60 125 -0.21603047420180255 -0.18144773039700468 -0.12195171593942716 0.4964166242062513 0.08255635318447763 0.92595687074581 0.47515742398790817
17 219 560 -100 125 0.1802509032721653 0.02938404791188781 0.2495333902645086 0.1872905977643322 0.6460326311361094 0.7132806675647825 0.7950170224165743
14 57 360 200 -50 0.001137848198096425 -0.17201369509513115 -0.1116834537179831 0.6485740251449797 0.5906111319101531 0.6949940443224782 0.6003826668852774
12 365 -300 120 50 -0.1373917269663455 0.21640821761622903 -0.2372160390416408 0.7118612772534834 0.4819648438835131 0.43034405148389665 0.4110007596251086
11 191 300 0 0 0.11670854723125829 -0.20727001021912816 -0.0260971205282175 0.8546552556800043 0.12500234750060846 0.7364230397708328 0.10089846030254723
13 450 200 0 125 0.15400823999531044 0.1062601930497844 -0.08495429007888988 0.11694672477098622 0.6221133053755096 0.09632877769433268 0.7291594794367737
16 250 -440 -180 -125 -0.18811513436674837 -0.15698608902098643 0.11173449216968656 0.3445624388830578 0.18254257435051635 0.13659681376800714 0.06298146989208908
14 316 -560 -200 -100 -0.13356213600132422 -0.0736160750854159 0.12676959104574836 0.36591079204705157 0.6180395064234016 0.09762361479827375 0.3353071889754665
20 412 -580 -140 25 0.1619088714455892 -0.06868142268019772 0.18253613038576055 0.30876862989077913 0.2786263256936249 0.3154478455031119 0.961497244508405
14 35 120 100 25 -0.0885709867291421 0.030943739025419192 0.2470379759973067 0.5663965597871093 0.7672856598252522 0.6791934904238546 0.5020752093954886
20 210 -60 -140 -100 -0.10649597091438501 0.24635373711517466 -0.14704863373393967 0.8888410040726242 0.6300358819686463 0.22198435005179662 0.3732419648711045
13 486 240 -120 25 0.048053079296116186 -0.2054719610653158 -0.1695740867274501 0.9521805858842145 0.7284502138228776 0.26022185145854637 0.09559393720066356
20 279 -180 100 -100 0.10574848777965024 0.19602966512630765 0.05135247236706547 0.9329074537284509 0.8484508842314898 0.906978982827232 0.6592683246370663
13 225 -180 180 -125 0.20871585398496062 -0.14786709360148942 -0.08160794324536397 0.9735392646276402 0.7808558503991312 0.20600319334694206 0.5541451623116734
20 480 -580 -80 100 -0.2380440223316695 0.17286614478776097 0.0570230605779149 0.5440816420721383 0.616090233441338 0.1248326029880179 0.15789909895559595
18 303 -80 -20 0 0.08593893730515928 -0.13794561304914238 -0.22169206926240087 0.21555211579399158 0.09962729614829591 0.7706081763703733 0.6885349793409468
14 24 -240 -40 100 -0.09137267130524729 0.04978169628716089 0.05864133184604914 0.14469963443111056 0.7478559141112974 0.7205419267458063 0.0028294023957385894
15 284 -320 -120 -100 -0.1384695019737438 -0.030024611217834285 -0.09110679656098403 0.7024080134805362 0.37026821952871447 0.2176569302606598 0.176510344519613
16 493 -140 -40 25 0.12222956329670215 -0.17055778157896706 0.18639095489985313 0.8594821029045904 0.35215361626159025 0.08449741199794425 0.002208918354993039
11 436 -580 160 125 0.18836090166232106 0.011969733655944725 0.10895387485012248 0.24974019889034682 0.9956006029466582 0.881180462851508 0.07441704554007289
16 221 340 40 -75 0.24278439076948155 0.15935439482707048 0.17011439437901898 0.7565952681420385 0.40740080291267977 0.269679923776314 0.4865665318121535
18 90 440 160 -50 -0.020209434508373758 0.001704918275746703 -0.20106972545168988 0.1323188483414378 0.161658124524105 0.02278351876504814 0.1174834754457339
12 79 20 100 -100 0.018010318195668784 0.14751473557006783 -0.18583059042235417 0.2835476971381913 0.664527681915772 0.5084911207655081 0.3512975538456936
12 104 -260 -200 25 0.19490285781275618 0.14366957132791586 -0.006703822268821769 0.8031675411701927 0.1542232362639233 0.5893746514652407 0.6643314452702962
19 123 -20 120 50 -0.1286538548427687 -0.032625367118998216 -0.1648184460705176 0.48127468398644335 0.28962449444218996 0.4801602718571979 0.9020786210688643
18 36 180 -160 -75 0.07193604537971765 0.08391785453804512 0.21956611987599012 0.18149343818298125 0.9627168933678545 0.07447618574121506 0.3329142862933262
11 201 260 -180 -100 -0.20515748114550653 0.09115570673774942 -0.1546770850488151 0.03207155526411454 0.36431213469284285 0.9398086080686866 0.35332092008871663
