0.5 625
13 54 220 -20 -125 0.006441223186235745 -0.1881819824785424 0.09981258437427726 0.4292032143835175 0.4526022117277142 0.2958340961126046 0.04261887027304245
12 484 20 100 0 0.04104469936024935 -0.19771942687382726 -0.14728342264088007 0.03470323877737069 0.4961949337113746 0.853804517568427 0.8967921175596675
13 201 560 120 50 0.1823770662386211 0.07813088522577188 0.08103805191395835 0.11454925490805046 0.7639661180942147 0.29353546136316766 0.48702539712498794
19 327 160 40 -75 0.17120511378321662 -0.17230088437218766 0.019497576240446624 0.38483807428681005 0.19786974387461165 0.35365294641512557 0.40608376415855385
19 147 -80 -60 100 -0.20465958433777304 0.08570221814630535 -0.11098205681443346 0.5444541807138605 0.047805503644009595 0.523409513541194 0.12651126219317976
12 486 60 -140 -100 -0.11841191210827562 -0.032108377462600646 -0.1560615958848291 0.7393101819061951 0.35814956416010524 0.6523374778701226 0.35587124520020186
12 98 -380 60 -75 0.1023551356723516 0.16149745189804476 -0.01931308205593746 0.2829279981086781 0.23019175731383446 0.5027791883414189 0.2151480513559133
19 44 -500 120 25 0.24314085740939267 0.14539381421204073 -0.008149873622151305 0.36589211946425104 0.43842395254687694 0.6913796228243344 0.5111620944501756
20 88 80 120 -25 -0.029986132197578397 0.2271937205767045 0.17232687601622626 0.46578789308847557 0.5665833317296265 0.6986962650308105 0.640789228728123
11 391 220 -180 125 0.1876857351483069 -0.12595974883775674 -0.2120059025607438 0.1967022514558856 0.6363999107078351 0.9731251179685099 0.09716022011335379
14 425 -420 -100 50 -0.17838645771795952 0.03971164258415272 -0.13274318166139792 0.32032549749515404 0.6389619910317642 0.06341640537085347 0.13820761654028224
20 346 160 -60 -75 0.08865245422750062 -0.14127747635449334 -0.15392568649657778 0.11807506928118094 0.3565092652688848 0.5288429534647894 0.35408644097986797
10 489 -20 -20 -25 0.08711748169017042 -0.16887946410748816 -0.09429209660827031 0.5685647948478988 0.5592379921654721 0.6231453439891638 0.4553571488199194
12 284 420 -80 -50 -0.02637313897710236 0.19056200181435656 -0.16296834704928242 0.9189810474036997 0.26633335002150005 0.9330954761645499 0.04531849803059307
20 272 180 160 -100 -0.14843263820517577 -0.186773355652483 -0.2285419825205774 0.7078931131320924 0.7475638881491624 0.6640473142874361 0.5007637509486534
18 277 300 -180 125 0.2157529454601223 0.16008594760015377 0.03607452841366521 0.6691171277362824 0.9711003356019149 0.0461026836157421 0.6071247623265773
13 358 -220 60 -50 -0.026946808577657078 -0.17331185230409235 -0.1691847431099502 0.5360878496170163 0.01114504950876194 0.5267385682616679 0.06774598809621724
12 342 -580 -120 -100 0.09518704004395218 0.08144653535173085 0.08272344033706003 0.7636061407983611 0.1278868381677356 0.34229221660077946 0.23941761401597927
15 17 -120 120 -25 0.2465436546111447 -0.09858889384061431 0.04025126580076144 0.9582384423354937 0.10634574496001503 0.8284140584625908 0.9647104581657363
10 271 -500 20 -125 0.15633972758917608 -0.0503773501183678 -0.14443330179486452 0.019499004591033375 0.5024567179854915 0.2914789348793617 0.5879175490975369
20 34 140 60 -75 -0.16514240382522954 -0.07024031077780352 0.11351999957869519 0.02498256113107422 0.7275804645452211 0.9387681552570984 0.674480673362011
15 430 200 180 -100 -0.23091540666732857 0.17591338453453242 0.23043359501735472 0.45612109038534643 0.3007015586217946 0.9268362879019532 0.7189197575805121
11 201 -220 -60 -75 0.2156348952902613 0.036234192621101724 0.02490418896987262 0.4919174267645232 0.4656789673252151 0.463522682889142 0.9095814612602963
11 282 80 -200 -50 0.2008758707267147 0.1872215339946749 0.14162802930065 0.6394882260205559 0.4515320559693644 0.6200246190776453 0.7779195087498817
12 393 520 100 75 0.028817703891652613 0.0010492882399223968 -0.03979793773815471 0.6245216232425852 0.10610110025458319 0.9939309484263217 0.9533296292198502
14 1 -320 -200 0 0.21108729530208303 0.053295306235820517 -0.05766595029136867 0.21838447957156015 0.37101810053944917 0.23948722164796465 0.7989720294351441
10 121 300 120 -50 0.055260102120025745 0.06050962922693809 -0.2467448029571157 0.10747084390071338 0.777344352693352 0.6454618417195107 0.6170333128716714
15 106 400 -120 25 -0.23908652218212995 -0.12909497032835487 -0.11420166970632084 0.9666419766433163 0.1724837796476113 0.5609722530188787 0.6469794391073665
16 93 -380 -160 50 -0.19773321737868294 -0.20505266987565968 0.1457746315364779 0.9082612242845931 0.8127828438252104 0.6824785873457041 0.25230999440175716
14 280 -440 20 75 -0.18693188953584372 0.029089967241022197 -0.17883385398680812 0.32961242996851836 0.5869345140828767 0.9109097559639725 0.14073146380901813
17 190 500 -60 0 0.1615885627300006 0.23218754612163855 -0.21063886089105088 0.916268338809052 0.12047981780600603 0.3160943583486323 0.48035942458291125
17 208 600 -120 25 0.1954911609357518 -0.24212955832212774 0.22446216414111042 0.1524244291965211 0.11788328159553663 0.08730485069406191 0.6939759199509059
10 167 480 -20 -25 -0.19296518480944058 -0.2040438907834229 -0.13282954364425414 0.0814175992069448 0.454746902074051 0.7374033134700355 0.2465728989944841
14 108 -400 140 -100 -0.032738578541835706 -0.09751999641371778 -0.11918131465363169 0.8075832016149549 0.12044589461803212 0.11330453376422323 0.07516551613952205
11 38 -260 -120 -125 0.15396280361648562 -0.08141631640693142 0.20668425464992962 0.5356960353447533 0.655482148943869 0.40509314214230974 0.43290298811981187
13 354 60 0 -125 -0.1714440860118691 0.04369997487829036 -0.22838215386272148 0.42502285944990303 0.88893509924882 0.6459790073011746 0.7187416529878279
15 105 320 180 25 -0.17295096470687465 0.21424856250987567 0.11317735956206709 0.4156216363671261 0.49616426800865565 0.3443847139465779 0.5011157121823953
13 141 440 -80 100 -0.018643673098289237 0.15436919724124165 -0.1617441947890801 0.6546397082099139 0.10745084656045967 0.4595255796622557 0.8894142053583199
16 362 -220 100 -125 -0.21394136895356786 -0.19556493803412855 0.0629645318784291 0.11538136858524195 0.5659379887292438 0.520675812546913 0.33245396806728356
18 229 60 -200 -75 0.15253625381749752 0.2111150930317945 -0.11488650167891523 0.25775913298216924 0.8446656435296165 0.8465043185597665 0.9080173786265148
14 108 520 -120 0 0.0396165844726345 0.048434943128572217 0.1733696699798679 0.5086201039813789 0.8648699066146 0.28516216159141705 0.12576283068956706
10 488 -380 -80 -125 0.1815597929975104 0.06314967347805367 -0.027754655992421606 0.6396386943202517 0.2043016789372304 0.946153350501541 0.873425873533242
17 377 280 -40 0 -0.1937843070292491 0.24770390224364225 0.0963555349695952 0.10741924414527704 0.6439222597356203 0.5638712821579086 0.18288290120461614
12 288 -240 60 75 0.1605107286547775 0.07759366134666978 0.09734446207170855 0.9173951947375356 0.27678133961253215 0.5003002819696709 0.6196288316854097
12 138 300 180 -50 0.19432757184569543 -0.08085854249914237 -0.24886449863711435 0.310739779902073 0.24610363356121467 0.057156040568984934 0.09952272301323084
14 286 -540 120 50 0.025786751021675436 0.13901665878969421 0.04148925311156587 0.5825512529454877 0.9178887180925942 0.9172404640281668 0.9103148836993985
10 321 40 40 100 -0.09079750483128313 -0.15762398107275855 -0.24178822746622697 0.6831233942551052 0.43908352974850307 0.12620366723790044 0.1853388589251822
14 364 600 -80 100 -0.0247095825311488 -0.056370375650554416 -0.1997536063269656 0.3360969395577579 0.4534397302506131 0.6620731676747377 0.9674878597159559
18 375 280 -160 -25 -0.018329797909113432 0.21486844509485487 0.0031182398845353565 0.27775641247782656 0.5806508630287851 0.7686501767066746 0.1449714464777594
13 115 460 140 -100 -0.0817568000972626 0.014521926728462864 0.06911005106644313 0.9747421831862411 0.8880972846861636 0.23909014535527062 0.8101402837799875
20 359 -520 60 -25 0.0042130205922519814 0.0009638171494107395 0.09512737452543074 0.17686338006562263 0.3958064013089372 0.30373111487088356 0.835683964488747
12 40 280 160 -25 -0.0913371641052268 0.182072005890013 -0.04601909603370813 0.16222268916143934 0.871196465147167 0.5417829572784815 0.018657282911474726
18 370 540 -80 0 0.23254595018305413 -0.03485635224652933 0.15511127466951063 0.8269466169803389 0.34315547766823784 0.6213772896733157 0.47870637089756196
17 140 -220 20 -50 -0.11012098651635893 0.21651209205850064 0.18524735395306247 0.6791826786638588 0.8774359965557821 0.19381468616532793 0.8055853027355574
15 399 340 60 25 -0.12065746707129749 0.06914156339965322 -0.07262654070378044 0.41463679063870906 0.8167298902127995 0.8316393180801717 0.667894271548246
13 1 -520 -60 -75 -0.0956206544921025 -0.17500597697312759 -0.09550215703762777 0.41522882561502483 0.30568148991532595 0.0162629615957659 0.1748429535418654
13 290 -280 -160 50 0.018881130931162116 -0.16986423631089576 -0.005616651209990553 0.200012754213321 0.4908362463089927 0.252493818560959 0.24674671528096348
15 171 520 100 50 0.08547433280311306 -0.04764874660493157 0.2036024035696064 0.8085721059221362 0.8301282869727298 0.6663563922376828 0.9811766818233846
14 420 -200 -180 0 -0.0834645270808646 -0.13223778849365952 0.16994512017300428 0.22591080018234921 0.9664928264176799 0.776525672559003 0.04722408956103763
14 82 20 80 -125 0.028707515623744517 -0.09767756376534686 0.2078482636004631 0.5440905097184165 0.9867633994502693 0.6113774625858776 0.4841859845636678
19 398 -420 180 75 -0.13397400917722163 -0.05802337647425937 -0.13705498862671867 0.320320645159178 0.6443886204365292 0.791509137891077 0.5042047477858937
14 494 460 40 -75 -0.15592740011620476 -0.2156094573815588 0.2016933991201741 0.7411243178417427 0.1861312928252682 0.6282408395578782 0.4280091089069177
15 333 -40 -140 100 -0.008707804104358952 0.050609538170096224 -0.23208818164701694 0.49912620168188004 0.9808953003173374 0.26278515959573057 0.9357896425217573
20 168 220 140 -25 0.12325517357708615 -0.1454407523430783 0.15141183338766456 0.5321597553428675 0.09422664894134114 0.9485360206523344 0.2850093547864464
17 371 280 120 25 0.16687825321123617 0.1787881681753527 0.11528560637982066 0.8045220639739533 0.24220356962330292 0.1851981375715479 0.4869306862096259
10 295 -280 80 -25 0.08691841864910926 -0.10243917536808683 0.12126122205536505 0.39297239184045796 0.9053749016809252 0.11288722819850694 0.07294967834982402
17 137 500 140 25 0.00850787811717657 -0.036963625318989446 -0.039993607972748646 0.7222467911091642 0.3113728285979521 0.9845293977753965 0.42165566422357115
18 341 100 140 25 0.19307376613460558 0.24640616118798053 0.19058479132347977 0.5583375593599044 0.1352703823351965 0.18040867352692902 0.6555760228565649
20 386 -240 160 100 -0.07482128675120225 -0.09577897898692583 0.18255416234110655 0.5731570482815223 0.6535484153464257 0.276161339788492 0.7925096732504818
11 449 -440 200 -100 -0.2043388453677757 0.049942483808556426 0.08004689498717865 0.11056301980606897 0.6421489683188459 0.664317113252956 0.9565145792525606
12 93 -480 -100 50 -0.09206177539917604 -0.20415356256868228 -0.1403241709775161 0.17624417882479626 0.8229973343499369 0.37524741359721003 0.7288286101859621
20 332 300 80 100 0.2187668377428887 -0.23900370058858605 0.24432776771922804 0.22142114755862707 0.062371226179331885 0.5433345205329355 0.7176319203844854
18 385 380 40 -125 -0.0902111412585016 0.09238841666134961 -0.10094650321634985 0.8117863365266103 0.2113161200598196 0.6982027343288648 0.0953680383397697
15 146 -260 -20 25 0.12325360291882409 0.005572708001713 -0.07585513267122329 0.573001122636868 0.4948508244558997 0.1124489798434759 0.7655033285999856
15 87 -220 60 -75 -0.12315317856920865 -0.11149365847955028 -0.08494241548174519 0.410252128482704 0.1437085854899861 0.500489334810992 0.47488104850433677
14 47 -40 -80 0 -0.01930779154137041 0.11157868625883838 0.22089436718876387 0.25615472928104743 0.5038892307282639 0.7076993054525458 0.6629004162519271
11 375 -360 -160 125 -0.07626515241081178 0.17265750543240616 0.0286509894995014 0.35327990410825416 0.1710902243731084 0.9732407611503596 0.0914893610125953
19 220 440 -80 -125 0.03695214464547952 0.13971053738530115 0.1322035111546237 0.05895430383259581 0.05056738140632766 0.44540801336456937 0.4495627427294927
12 334 -540 60 125 0.1328473171818383 0.23078545294669212 -0.12199189334458249 0.19782577580588256 0.044755869729210196 0.07277392463263 0.7024211780096277
13 78 -180 200 -50 -0.03475428337277581 -0.013756929836476917 -0.045229680620425594 0.4956256844999529 0.6601708976117816 0.44592257268040203 0.9348570405260215
15 274 280 -140 75 -0.0470618968605368 0.09152727172192654 -0.06309599845106523 0.4393548204834392 0.6373751696602837 0.8986797877481217 0.47212694098411145
15 224 340 -200 25 -0.09211901756451085 -0.10262093213414519 -0.21197517972503194 0.6442542649225564 0.7530519549065885 0.9484741085701476 0.9640083396801229
11 318 340 160 25 0.17444439373799242 0.14055416588612807 -0.1701048117830296 0.20458450900030822 0.29439944900799986 0.025465784245453316 0.6302182659083585
14 66 -500 180 -75 0.012600838491928279 0.1606224166761161 -0.008425927507897835 0.7553744659064586 0.15640929199434206 0.9182405126592399 0.11374083205673591
12 30 580 180 100 -0.16595823902454093 -0.09810625953418473 -0.11897265174666954 0.5339347657048441 0.05208685762565368 0.5119121933672022 0.03644640644740216
15 483 -260 100 75 0.018633561809283494 0.11896077767318264 0.23148909494246672 0.7666357053572611 0.6220340278800436 0.08961475664186769 0.37169759077150055
12 279 60 -140 50 -0.16594499456849676 -0.10483319190425533 0.12984587737008108 0.058677207393679987 0.8222491950366793 0.565751477812491 0.8345486090008648
14 185 -240 100 -125 -0.04433784940561164 -0.20649463920698002 0.12967656435134028 0.3953031028254912 0.2738108602674978 0.45399425449176867 0.9590052818565237
15 309 420 -80 -100 -0.07662546271326304 0.20041320129601542 -0.037204054650877116 0.22092173748706723 0.6980180829356601 0.6776486663498931 0.818447588618592
19 281 280 0 -75 -0.018897405995186967 -0.07326474720508741 -0.24524567866727454 0.6836891849510837 0.1321048116518122 0.6268903238743512 0.7048374786394357
10 470 280 -140 -50 0.09996446774851303 0.0307382481745615 0.16806977376887705 0.2383904256788344 0.26518904664309595 0.33416011863022343 0.46534061032652885
20 371 20 0 25 -0.19065927429441465 -0.21794973823451147 -0.1083024359659176 0.8709881502588745 0.669142005043246 0.24497114464172054 0.8048679778772704
14 331 580 0 25 -0.13425432468115256 0.10469855187467142 -0.11611274369952435 0.12307127394228534 0.8178938659938603 0.27792011262038674 0.8316679908522924
16 262 -60 80 -125 0.17624685186788452 -0.21279329174750394 0.12636806576063603 0.7199088249284321 0.9221085487491754 0.07001490636415586 0.06573868470176847
12 290 -540 -40 -125 0.18332109785775458 0.06212431451307859 -0.008914060046767591 0.7251719489763515 0.7676580573273921 0.7180074728117293 0.17842306803825958
12 275 -80 80 -100 0.2392236011377155 -0.13564855562652678 0.1997107031550952 0.836111273888215 0.30749645467549036 0.1998825242546982 0.7356731425222902
15 268 -320 60 50 -0.20692166039544507 0.21168267427215798 -0.2166685952740089 0.250086921873766 0.30906549790562876 0.1900202457506387 0.5259589859827901
13 421 60 100 -100 -0.2156356784124775 0.19353958676253757 -0.029789832697630525 0.7820259237252669 0.3049921556041659 0.14309629273802615 0.02678419237364693
16 35 140 -160 75 -0.15079586331102035 0.1739187680690339 -0.10810022824374599 0.17857635238348668 0.906143289166397 0.19979331691398505 0.36388772341997977
10 281 -440 -120 50 -0.1941046316386012 -0.06455489123510472 -0.20162954322542576 0.6800750949491405 0.33980723183274275 0.8593688056246775 0.8956837212506679
15 298 -80 -60 -25 -0.2031611721454965 -0.12790018945177717 0.20187837662465508 0.5814704366262105 0.4164963614620636 0.4555584454822439 0.5565277225729268
16 295 120 140 25 0.005269659486745126 0.13251983595241418 -0.0141611992417503 0.17411687822014088 0.34553123703526756 0.7379735417418475 0.7795287301636886
18 179 340 180 0 0.012419364132962407 -0.14959642382180321 -0.22534196230245107 0.9078033833300304 0.9995763005693402 0.6891091568230354 0.11874908918163929
11 169 -120 180 50 -0.1803564789541427 0.015444155345055777 -0.1434329451393223 0.2593336598410214 0.7255150887112353 0.6271202058322873 0.7950904653182312
13 418 -360 0 -50 -0.1715032747083058 0.18938857586327212 0.1374091587406457 0.8240045309437533 0.2824887307342 0.9549780731526691 0.4492457667890194
11 431 0 -20 -25 0.23194215171023802 0.027336297206109694 -0.0674090414426009 0.37791290330275873 0.10564647708648955 0.3185535168809853 0.6841819488554878
15 164 -480 -80 -125 -0.23047020215154768 -0.0754917302792319 -0.24180654817935887 0.44537508143453497 0.7064960153465051 0.18810246919424078 0.9597088452047446
20 164 -100 180 -25 0.009912777087760616 0.040609695959767045 0.0796714665011845 0.24088727144363964 0.9332582964883968 0.6593143025484526 0.6169870616050417
11 161 240 -120 -75 -0.16648351999625022 0.15267855676201775 -0.07462158675129738 0.01094198941290081 0.2823363701052215 0.08399628449642249 0.4537334267091443
18 71 -460 -20 -25 0.16625732216677125 0.18587965274648127 -0.1760932995681605 0.7989529879695771 0.19069207876040295 0.2626670212519069 0.5893203736500578
15 199 180 -180 50 0.14012971169995586 0.1050540711095635 -0.08516426741632666 0.039358424258277735 0.7429885390834409 0.7892300632316028 0.9128363736291991
19 194 -460 40 -75 0.1491490106488994 0.1285274096021194 0.04974582499853275 0.9570953147118261 0.15911472337092136 0.6844466874082693 0.534980839485866
18 391 -20 120 0 0.18184404750787303 -0.24316958030350982 0.08430781084459543 0.9173335177276148 0.589410576550246 0.2819482972888163 0.5732888743751451
11 288 -60 20 -75 -0.09139327056111612 0.07573923332987959 -0.07410090778760275 0.5517409803047488 0.6729742743548263 0.6125492819232297 0.842949261290747
10 123 120 -140 25 -0.12569194898660319 0.07077990109601201 -0.13695553232388147 0.07310569053883176 0.9267290279387257 0.7831312521931222 0.47356326031479323
13 461 200 20 25 0.12858713793711873 0.12613744742117833 0.176629221069859 0.22414233291272356 0.5181483301012066 0.3555993510483254 0.7554903087945036
16 188 -520 -100 75 0.10097741606751265 0.13237978629962915 -0.20152696423293198 0.2808837576029414 0.9994090429537539 0.2952153502420122 0.030833772463898068
20 146 220 80 125 0.13628149125263234 0.02803471061244328 0.23861189249993509 0.17702051803365948 0.5709593912752744 0.9082054833187416 0.5125719141200583
10 399 -140 20 -100 -0.051561925419845334 -0.15825975046841506 -0.02526266030286256 0.5451312055221066 0.8024358422008644 0.5228156480121335 0.05979411682249991
16 180 -160 20 -50 0.2308484732321548 0.035400520023813775 -0.06862598743204279 0.9335966084529506 0.7217635923014325 0.21017111327765725 0.0680231025021849
10 367 -60 -200 -75 0.06120294752393579 0.03622933366606845 -0.049213169548996794 0.5740449456165791 0.17914237863577487 0.23617037935616725 0.281918472582543
13 41 -400 140 -125 0.03705510629016889 0.08647404897987493 0.0340228554464328 0.2913871705821207 0.4140214982890489 0.899562110085042 0.40190530487550835
20 374 160 -120 -100 0.17514662226870292 0.2074114594708566 0.1682758648935722 0.38290663565920235 0.5484891556956152 0.1619088996210849 0.8282875730773454
17 229 -300 200 0 0.07608577005743555 -0.22739616175615252 0.21189882114006042 0.30621493553136814 0.11652182735353267 0.4688250392154961 0.23745084821749296
11 119 280 0 50 -0.22570548171308524 -0.09776444478504454 0.03086471065637486 0.005164094204250347 0.4370340332612451 0.560690554396491 0.6769169027332728
11 291 80 -20 0 0.04179811682733736 0.10842551620952878 0.1811693716474072 0.6019004249866059 0.039517259164753016 0.8644348860391087 0.12043745476748935
19 382 0 0 -25 -0.11851918693326458 0.23634748295399433 -0.19551569750393438 0.869831554582671 0.15969943166459466 0.2531448120834464 0.6618241199532704
16 215 160 160 -100 0.15990629050320054 0.16376943572466035 -0.08801730982050343 0.8502782872588924 0.25353011332163367 0.8535075408996323 0.3635277544805581
12 430 520 60 -75 0.08576337951146568 0.042567791436229796 0.0013665171131038711 0.4665466513479749 0.6637557964126235 0.30826485896214406 0.7481078197806416
11 38 540 200 -50 -0.14323255426229126 -0.2143920880338372 0.21265213357042467 0.04359888402136036 0.5867675526082957 0.2067298061487718 0.918166231673106
13 12 -520 40 100 -0.10656747067713035 0.12103760559509608 -0.12427008081788954 0.9749117002730316 0.048118714240295235 0.30813415554737 0.19129901770208846
10 88 60 100 75 -0.13902893485133988 0.19191620807479182 -0.005623112606463365 0.8970908150182022 0.3985377605175573 0.22432697853315975 0.22791089411958199
12 268 -340 100 0 -0.23517219517904064 -0.15140892499275227 -0.018126059179809806 0.8454907366958444 0.9963223642096154 0.6423216704019811 0.4208523947593845
19 293 -260 60 -50 0.1627132909821985 0.032653258688724374 0.02287357008981572 0.30414844669377306 0.7400810920924938 0.02791593809923054 0.8347166642381915
10 233 140 120 -100 -0.16372622404560971 -0.014422679311973274 -0.14485537112873537 0.43167473248513233 0.3354215852287942 0.46945997660581795 0.6692413013291939
18 27 540 -120 -100 0.1828301389783834 -0.07665623761461632 0.056224159137520935 0.2632659094039832 0.014670205148306636 0.22778914150230167 0.2701757464100575
20 430 -360 180 125 -0.20227337318311217 0.06007968341925218 -0.24724950295240372 0.3057877395828509 0.8123966561114079 0.8997366220163578 0.27516000346293656
12 497 -380 -100 50 -0.19426724363021064 0.2290895328047478 0.19189503362980648 0.5251742015256593 0.9211457611882208 0.39091369762998796 0.7057893664418227
16 50 -240 100 25 -0.04749123602774197 -0.1527781269198642 0.19715132225552218 0.8358228343755677 0.9262363324280471 0.3524156503308795 0.723566148449946
20 92 560 140 -75 0.18683582540024557 -0.016223286465478992 0.04226730756387925 0.19945788479233173 0.17149650496876467 0.9197565748416885 0.5609635049997111
14 150 -580 -80 0 0.22196398053572297 -0.0029315660755964146 -0.03078071403673016 0.3761134910728884 0.8813519514720382 0.6440887805722099 0.6943925778813803
12 406 400 200 -75 0.22745172039498346 0.20833491214215255 0.14663308574860284 0.23151310228251643 0.38886065378107015 0.9498569031336096 0.24741683667081982
14 333 260 -180 -75 -0.18741277994866873 0.03607924595044515 0.13142326352580347 0.37510202731938835 0.516829049150594 0.9171133506285546 0.0809624402705883
11 386 -560 80 -100 -0.0919326966386741 0.1598645614376082 0.028365347765018423 0.12381046934075801 0.47382018064211784 0.18533719640081403 0.4250700889534206
11 217 -240 -180 -25 0.11489192829284012 -0.06150501438425532 0.2282493428077073 0.0826345893182382 0.36400934274588526 0.26275466225416033 0.7313806219407839
10 240 -520 -20 -50 0.10983848995954443 -0.1953511776607979 -0.17264572738732598 0.5082088148738346 0.7990636292248169 0.08031143800978768 0.8028954342877415
15 396 -160 -60 25 0.1588012099190806 -0.046186804195733844 -0.22296813269924048 0.5189728220809713 0.352519240583414 0.003211317580535389 0.42832316877936527
16 14 540 160 -75 -0.19514810546461575 0.187742402553357 -0.2453750950166127 0.03208780919175769 0.07746081618755418 0.8421770287275742 0.12800608794736168
13 90 -480 180 25 0.1058402842851705 0.13774052081920535 0.15860668763720887 0.5684729906037603 0.6963580071397248 0.9276612549085551 0.5739087989006088
10 67 -480 -20 25 0.19243982767132217 -0.03130200958716056 -0.011524893846256212 0.9867756308587743 0.08027267779910985 0.39357255357152343 0.669398176016133
19 174 -220 -160 50 0.05545461120091488 -0.011980915727496433 0.10896705812525925 0.028997922524214403 0.9696938035439662 0.3858093726443329 0.22289627564608228
19 280 -560 120 50 0.1977730985874223 -0.16402151056773617 0.20081159754783034 0.10920561056879374 0.8495767912972305 0.08971770480854613 0.43446523316568186
15 252 300 120 25 0.015389951474959529 0.011666103675050166 0.16451423986311842 0.668431393915468 0.9178820077712486 0.07101044293932746 0.3367954217065584
15 303 60 80 -25 0.1836447301262043 0.12505834768512947 -0.10294158616599691 0.23610681867613603 0.7173923450299823 0.6654769792476087 0.9120241983680989
18 202 -560 120 125 0.19430725355143214 -0.16578356557490403 -0.16094076905370025 0.8896407482172288 0.8492510114946742 0.21574256113149393 0.7400745349987667
13 92 -40 40 0 -0.224552504107827 0.01935695628708045 0.1498278088616985 0.5038983821876396 0.6803627090857275 0.5911681084457101 0.41484922423217396
10 417 560 -80 125 0.1293655545754112 0.14319954447308697 -0.17482279934772726 0.056959731886264686 0.29337659268737215 0.24167852487624852 0.16086332275258497
20 436 -580 140 0 -0.07992211872293348 0.18475961207907005 0.20620982697695328 0.6054883108555932 0.9891463384436315 0.4617036532482087 0.3463348526637827
19 38 -340 -40 50 -0.16844047289778058 0.050367523329366615 -0.18357769734416568 0.18988940855230219 0.3058341879192099 0.8938224317823202 0.5892518164384688
17 49 -120 60 -25 0.06533181820000866 0.2293941638188956 -0.20825554053874074 0.6992425106046408 0.8725223333420911 0.7323200517821263 0.9350627863979891
16 342 -40 -120 0 0.0553872683546518 -0.23346351331132947 -0.06253087589185613 0.1871674678115426 0.4474531461670941 0.1450851025192541 0.8342274773469033
18 459 -460 -120 -75 -0.01993596160292571 0.06112833970545256 0.24490988549910064 0.3914354779737621 0.6019707024647317 0.3590618686855137 0.08889578625251215
20 308 520 -160 -25 0.19119673096118966 0.06455314248774674 -0.036102282638067085 0.08528062320671514 0.6469422741914869 0.8218856987722383 0.4683519794858574
12 248 400 200 -50 -0.24635235633986685 0.10120956875561804 -0.15763927825087332 0.5426855369456786 0.31248861210035295 0.392427526315417 0.20928531782221216
10 85 180 -40 50 -0.21904725468360375 -0.24039769677033151 0.11926264619772936 0.4065458459402749 0.3498734745888843 0.4252360718863786 0.20326451699487835
18 462 380 -160 100 0.11734133858681994 -0.19151149446467353 -0.1379713256076403 0.0786053645953183 0.7836019700934121 0.37679885658307566 0.2111042822763457
20 309 -400 -200 -75 0.243094573027395 -0.0403416864183499 -0.22717911973966637 0.7818611212346024 0.31952447880853196 0.5884909655733553 0.7671718579617195
19 329 -440 -40 -50 -0.18498897708898093 0.18506449833459954 -0.10019367514652205 0.5512505043962437 0.4974697762499296 0.6479914940755028 0.800452765177391
16 98 180 100 -50 0.005708867956289554 -0.23283883614147977 -0.18148317912395173 0.055190495171699716 0.8907419681466704 0.23184045732914038 0.8840519893643723
19 496 60 -80 100 -0.09399261585403462 -0.09735663007249251 0.03621371490508957 0.6701444830692691 0.8724068596007586 0.4727720989582128 0.37701590907923377
20 43 220 100 -100 -0.104009376432876 -0.1708047800839283 0.15019624398382642 0.10183674349291272 0.14884655950199088 0.7728194072681644 0.09539872188315668
12 313 -600 -60 100 0.06025645022899917 -0.22753998497466438 -0.13061232912870346 0.30049982661875607 0.010653862343398601 0.37722668171229656 0.8974783581891806
10 461 360 -40 -25 0.1081307507838613 0.10030678569015933 -0.12007880638062257 0.3554203152282597 0.12042236733447742 0.17242360154188563 0.15765447084916928
11 170 -300 0 -75 -0.023846680552583932 0.17704884289314665 -0.14343385350068583 0.027071948398131762 0.6362713619520465 0.5640363404812643 0.22367148864200914
15 150 -40 40 -75 -0.14207257037141924 0.10319362930136367 0.20376438359538074 0.6054034779311974 0.6672024400442405 0.28264674549847923 0.1655823354943996
14 58 -280 -60 -25 -0.24885489829367746 0.23377922147162034 -0.17158944773250157 0.4663109771002044 0.38039801113338034 0.9629796044051766 0.4490377511876379
15 474 120 -80 50 0.17072800921441283 0.01701887815057579 -0.15603709133605037 0.13695180791229677 0.7110783960563 0.7543489018138775 0.7348833836238519
15 238 -380 180 50 -0.05236099909817005 0.04486810947074521 0.13278954505965307 0.04356135047153842 0.6340572607098321 0.5838011903147563 0.17377286500022515
12 91 0 100 75 0.15719730236713914 0.15265462678363645 0.207371499604598 0.5268445607073355 0.9528360742202735 0.7334538283845526 0.3775699455459842
16 402 -260 20 50 -0.10749731023731118 0.033949004738086375 -0.002226547856772898 0.5019758200049104 0.5053741789835801 0.030425760280430536 0.17972128294959444
20 227 480 -200 -50 -0.23675808973281876 -0.006990774926450505 -0.026735036341111573 0.3299621612292466 0.8239255156200354 0.5600829997610178 0.5641509870822436
18 425 560 -120 0 0.15650006728576138 0.20934969436719258 -0.00046406169514168205 0.22329393257209973 0.5356180094233187 0.4947890283659241 0.9565387496480496
19 484 -600 20 -100 -0.04099817354714941 0.08284602275773612 0.2249038251260026 0.9045037693179109 0.9387019550456923 0.6064348875232863 0.7824865261493251
20 218 -260 40 -100 0.026022689722566106 0.10173474318239545 0.23934194452715013 0.39576398469482577 0.6331519257455915 0.6637754230047777 0.8664037759814857
11 313 80 40 125 -0.17670656552984115 -0.1294073167821328 -0.1705625386639798 0.1348869143743875 0.6076438470236162 0.6762521325263815 0.24203540925886868
15 482 -320 -160 75 0.11665259702501701 -0.18370803478726777 -0.13680340671772662 0.47538037450972737 0.8231700439586479 0.01865642533701861 0.07468154614222722
18 227 500 140 50 -0.05704058055662942 -0.03694750229429172 -0.10062044684492677 0.26082356156124753 0.789856617497328 0.3496425158808447 0.6405033235927349
17 434 520 -180 -50 0.004233117131961672 0.2319496356706378 -0.22338402688689718 0.16670571352350227 0.18973081944769 0.12293653238372393 0.0527875208674341
12 465 -120 -200 -125 0.11105193534190594 0.10731067332783173 -0.23730144970067607 0.3211970671189701 0.04541703598281255 0.45429742344354973 0.4680278847693422
10 247 100 -120 0 -0.16087584127816507 0.08536826837092704 0.11012403400155818 0.5303897110805195 0.902187342084637 0.3348116980191628 0.881377273238017
18 31 -40 -120 50 -0.05436033428594855 0.2135313485174093 -0.1609669158137636 0.02637939079818974 0.5337324320105877 0.5534962512106365 0.2866386360657045
17 243 0 -40 -100 0.09004213917212978 -0.24990410389885886 0.06283944754929977 0.24683923628640414 0.9632533028102281 0.39200209681678433 0.6330139495115171
14 144 -340 180 -125 0.0786009760683804 0.07261373658819115 0.22987702741536842 0.3231830254610366 0.9936361504849436 0.4090423021159455 0.23540069944365016
18 145 -280 160 -25 0.21576416681926414 0.018789601693585678 -0.1623477813162834 0.29705409473347266 0.2634086367037817 0.7770575254394592 0.8983641102437468
10 389 -600 60 -75 -0.04718734890392651 -0.15721899733099837 0.025433514494323406 0.19351213334838324 0.6723896006841382 0.8839466765189102 0.932281897141528
13 178 360 -160 -50 -0.1921534895521348 -0.1759018832140638 0.10049248069687322 0.908187899377289 0.04606313619321112 0.8743769865851312 0.7161634026926861
19 266 -40 -60 -25 -0.07661651747694082 -0.08197463695349239 -0.15349939421458425 0.37908011178376655 0.33942033154350326 0.13782151273930598 0.5150532549310546
13 23 580 -100 25 -0.0910847283175964 -0.04991399309383637 -0.2106277430620226 0.45282925288540676 0.7301715059586764 0.9016431013810738 0.34447002092729273
16 428 -580 -200 100 -0.1550764817022116 -0.0731892975066924 -0.16532609813729554 0.22639703671882583 0.1718246340414019 0.24217410195002265 0.7081181867150038
14 382 160 20 -50 0.08070193716555463 0.0992483640110493 0.014034871133808913 0.2731843650393755 0.4016898311683099 0.8498990423638432 0.8019368712962985
12 245 500 200 -125 0.11027667309957206 -0.06174393826150709 -0.07397526052417042 0.7752727408579956 0.7905240192851783 0.2432276613191484 0.704021090865398
12 328 100 -20 -75 -0.002855287723655786 -0.023743612391077473 0.14875237401614494 0.7651400455427225 0.02534280585075066 0.6965128641810994 0.6357376328099751
17 447 280 180 50 -0.1931552038767626 -0.05063155772973282 -0.22526103559659993 0.5822150832206897 0.5182565092304281 0.012304531981358502 0.5221805962315649
13 359 220 -160 125 0.12085129802806577 0.16879655076665667 0.19282757710186282 0.9513388758595726 0.19121701563451676 0.8200513399748778 0.271649253100101
15 133 60 -140 -125 0.22990035485980737 -0.013322763956400252 -0.22572221871722709 0.39850373042902354 0.6986583477057197 0.3768675941658981 0.2807377009647031
15 224 -40 40 25 0.24931127520882485 -0.04227198011753158 0.23960823980424528 0.01502530566497906 0.3285289514245775 0.0025593767050604566 0.9625047367901107
17 33 -600 -100 -100 -0.21487545165106642 -0.12934889731493882 -0.11389493400602291 0.5598996726242585 0.22472590668540915 0.45478766742889964 0.34100267768069314
19 110 -40 160 -100 0.0578482359349029 -0.15308636645054208 0.11043865473993042 0.8078393774004076 0.6661998490992471 0.9931612904060955 0.7021236631128291
11 162 -500 -180 -100 -0.22835790024061747 -0.1977703262094896 0.20767908341550206 0.9553355998812749 0.34457938881322225 0.32018669011404965 0.5585885456879768
17 147 -460 -40 -50 -0.14215355053521017 0.02542006394501578 0.19859243750756111 0.35620589847414996 0.4051974186791152 0.2414284633031739 0.9438118873053837
15 2 320 -40 0 -0.2026627741480776 0.24341561132821926 0.23834162487441668 0.29713034401646166 0.86062293166341 0.5549053043522939 0.2602902112146608
10 246 420 200 -125 -0.10968492593731777 -0.21922065641508448 -0.1885715622108063 0.5902351794503234 0.22738121473189576 0.26536812564287704 0.31298607799076206
19 235 120 -20 -125 -0.09549507705664184 0.1497349308215934 -0.14659479216376303 0.6027108612155422 0.35175108338763084 0.3958468051082319 0.2629283617206357
12 123 -440 40 -50 -0.23980265676555768 -0.09271737490836807 -0.10856654924576137 0.7357119330678766 0.5740992187221333 0.5326710015743998 0.9601856835920836
19 469 -280 -120 100 0.07566438410926157 -0.22895536042906234 -0.2052980359435121 0.7622996769065834 0.3132088622553706 0.5606166717400157 0.8502012860936351
13 432 580 -60 125 -0.08932895019169468 0.018991734421958617 0.23166927844579732 0.6338228965001435 0.3584122124492448 0.8748630092502219 0.85655549608089
16 319 -60 -160 125 0.2068193478269832 0.14298209604984835 -0.2333978508111743 0.7601515535082075 0.5326587597347181 0.11499406864955797 0.2455612086844151
20 132 400 200 75 -0.07751384479083029 -0.07482606479315729 -0.18796761751228053 0.3018243351053371 0.1484687311022156 0.4608431286027458 0.39237512230782345
18 197 540 140 100 0.04870018393329928 0.138472097394512 -0.23802077642915898 0.9767532814010087 0.8067680874856403 0.3376109756660266 0.8510860607855908
14 477 -160 60 -25 -0.2221955130649237 -0.07312700905460834 0.13229256553354357 0.11102990043686545 0.21928454313791812 0.9155952172428641 0.4064567353104368
18 254 520 -20 -25 -0.22568215868593944 -0.2426466723456217 0.19942073414494682 0.10167121390145983 0.2261344364974458 0.5826193937343315 0.30106491048168404
10 34 580 40 75 0.12365992534523451 0.07104380131294546 -0.19561265376207054 0.9832708183639499 0.8416054591120767 0.4420429848771682 0.8488375156338891
12 140 240 180 100 0.16193478106049597 -0.13588530587394804 -0.01956849104063091 0.3695032226627555 0.1515272492783789 0.6884899937210756 0.9887311532312137
17 449 360 80 50 -0.09700678676284769 0.007986100973950583 0.13243911970069022 0.1838202151767696 0.5375515311822897 0.5440547694069717 0.3466727996757486
18 153 -560 140 100 0.18170512380216886 0.037219911007827955 0.10247434755544121 0.8968999559230127 0.7091788693209562 0.6998963177957683 0.9445604620636672
14 357 -520 180 -125 0.052044739829874787 0.15360662346257636 0.10675489028016522 0.7574065836015326 0.8576213243739035 0.31222482975788 0.7916481545358326
14 332 -520 -20 -25 -0.17544042854229502 -0.17124495614064283 -0.11927167230184282 0.19326245461772107 0.3023260197309069 0.6426530340265736 0.39466725995479934
14 310 -140 -20 -75 -0.1407295224729464 -0.18084537021673752 0.012040699109520991 0.8771515650807855 0.06635768295637645 0.3245548675393324 0.3127722399134524
18 375 -80 -80 -75 -0.1342439814903968 -0.13578828704745483 0.06018046081130152 0.03855988205752947 0.9866765573168667 0.2518608787865523 0.4502052861245406
16 14 240 100 100 -0.0096466243130931 0.1692933358291729 0.12858107726906265 0.4549601307220693 0.9588478529609785 0.6043958054073265 0.9173264731505216
12 122 600 120 125 -0.1716027838260178 -0.1275948516491765 -0.0678194909352331 0.9878806394035868 0.2182220550796935 0.9229091204981569 0.31773435144095274
10 126 460 -120 125 -0.057735197426626916 -0.24445165264348667 0.2381230168907375 0.622987336848614 0.21350123381908004 0.37836125788379993 0.19409765390336065
13 92 560 60 -50 0.23572923590367406 -0.028369688098327572 0.12728322126612873 0.287495360671876 0.3336657722881725 0.3489840857179973 0.5472562715044789
15 135 -440 -140 -50 -0.16665810267784786 -0.13823280103438956 0.1199423411220304 0.18161635081493177 0.5578327569868688 0.4111028689833942 0.041342682819840104
12 28 340 -200 -75 0.03629617810307417 0.07771481501838501 0.22281029497592214 0.801615827772657 0.36226293129055076 0.2065488366906837 0.1038170705441479
17 35 -480 -60 -75 0.18815012208134557 0.030525365726467135 0.13116247723377938 0.3291783861540285 0.12584690399797238 0.1261114120130673 0.4339853799206699
17 177 120 140 -25 -0.02283500009927597 -0.06068749399462442 0.1288296903366702 0.8149210512582529 0.24845907648431353 0.6580681134957799 0.11541791091151132
10 301 580 -200 -50 -0.23611061620899743 0.1862172710925415 0.14818545048581222 0.5267291384696635 0.37259355570630925 0.2585086191795245 0.9411191010161446
13 271 580 -180 100 0.10598003560414865 -0.009090295301551865 0.1928919128956864 0.10287497399599321 0.05243879806587648 0.030462378779212318 0.0013849264601446531
15 280 40 40 50 0.2067286307764321 -0.06460012395999742 -0.11361057068507474 0.7199334519249321 0.4264532949517501 0.28891010966000463 0.040648897331015066
10 305 240 -20 125 -0.24354556680118228 0.07573976325470161 0.005861851345087932 0.908618823349102 0.890193322008174 0.96723590762901 0.4362319574480865
17 134 580 -80 100 -0.20487778141681218 -0.1628270888843667 0.1790561906472138 0.30846003582680037 0.8374566519833685 0.6399533430619763 0.7038227060693478
17 169 180 20 -75 0.010624327193352212 -0.23119521271339666 -0.20501935877104038 0.3789596207869106 0.1600510212032339 0.9972379174135082 0.6909436269549427
16 192 580 160 75 0.07944930005660628 -0.14371031760264302 -0.12322762917992941 0.4611665810239831 0.3264308264212661 0.8105747867782488 0.5260688754674284
17 270 -540 200 -50 -0.2473293813732062 0.18115428120860377 -0.103586691366581 0.9369434289949723 0.9976505331746643 0.5375745422074446 0.480037285756298
18 192 220 -40 100 0.010001650391465222 0.24867601329333316 -0.20476241284471797 0.9346343440929815 0.9496372534678416 0.04728685182800807 0.9840795678570882
18 17 340 100 25 0.21483859888906776 -0.07711160048477073 0.1763328471552208 0.8738841155828214 0.7120055173706035 0.09781686028411674 0.8979727112340284
15 495 60 200 25 -0.0801527246505433 -0.10775037375728302 -0.19614985438062393 0.40462090098599923 0.00906682565827821 0.8894623380633047 0.001777982963207414
13 218 240 60 25 -0.03499597875942845 -0.1860660911070195 0.08350704078709675 0.4393771814289683 0.9900695145861871 0.04699366208848865 0.5257154473713926
13 50 -320 -40 -125 0.032406360467839124 0.11508571621780866 -0.03244345900216561 0.4809412762270727 0.8093633093536141 0.3190055566846317 0.21924568065611605
19 454 -260 200 -100 0.013638178485986197 -0.050464648186065275 0.09418365625264585 0.7795020748401674 0.13125207257965443 0.10902216226829409 0.004213819344173642
13 432 -140 20 -125 0.13631449283007463 0.08539402226430415 -0.2271458205630164 0.4358422521503412 0.8339154293655918 0.9166226117267463 0.6614776352748478
16 12 -440 180 50 0.11918729893593383 -0.22299667461533929 0.05055699732890068 0.6082089845029551 0.06373055677896922 0.6644546084157763 0.6917457245694181
13 221 -180 -100 100 -0.020725416608201153 0.11507014149956268 0.20053461828025376 0.5472714531658236 0.8425449889033577 0.10884404354405197 0.3953513055889215
20 442 -340 -180 100 0.155240554785532 -0.002094706490304743 0.1574321981587648 0.9588366453483486 0.4884656090856171 0.3791919587863958 0.4424314354076233
16 192 -260 180 -75 0.02656222680444492 0.16419563201841653 0.01063443553224419 0.6459365099066281 0.036108441928088486 0.5526020581564745 0.776774987858854
16 469 -460 40 -100 0.007605758233098392 -0.1391788005984146 -0.08064702585025507 0.6261538060303868 0.9255755043781346 0.8186589552962946 0.03174171435618578
20 283 -360 -120 75 0.146271761243925 -0.21953571249199533 0.02936732225298888 0.531136089579733 0.018027546730029154 0.3990404992880535 0.19899432968546305
12 122 400 40 75 0.13708588584334241 0.11652892811073456 0.020017545529435465 0.21578914738338517 0.7984150733331702 0.07961166390821295 0.3023204812329614
14 30 200 20 125 -0.13092380151703742 -0.10698049476547355 -0.04458329864505095 0.15492590208479706 0.01067439448142804 0.114072541222907 0.8278933216329403
15 381 580 40 100 -0.10760410717300256 0.18738403388954294 0.06076249870857803 0.05580944960123524 0.5789012789430186 0.6431607283091288 0.2786826255381011
12 217 520 -80 -50 0.19872776713939494 0.22838199710983165 0.0938109861934861 0.9577384486070608 0.34562028206480555 0.611353122955358 0.09937788766739841
16 469 -100 160 0 -0.03368062813254047 -0.11460410500301849 0.013901595823223534 0.5100386658429823 0.42817508167492235 0.8388115008800141 0.8647559226353134
20 289 420 0 25 -0.06102463081907772 0.14100974769048402 0.20174898339183445 0.8813954398527256 0.5376804198492241 0.2623526202006975 0.6268551845915832
12 397 -80 -100 -125 0.08724588940388239 -0.008901147625120509 0.22864637947256777 0.8931484676231127 0.3213489082369283 0.8365917143439044 0.8529724258780076
11 435 -200 -120 100 -0.03074669242858058 -0.019077501556178433 0.006463330042220383 0.1917016996717782 0.20843777025519605 0.11937273244740465 0.9682099747272569
13 273 580 -160 -25 0.06404595375031363 0.21342777310585082 0.07690289980167486 0.40185698198589004 0.10387094620076298 0.6761849339559743 0.9867317743490545
13 97 -460 -20 50 0.03373512389163563 -0.09221136264066115 0.03935128793329995 0.22889365040425125 0.4790287729179258 0.6480591931725765 0.6079502898891137
18 186 -360 200 -125 -0.14305079300017975 0.245598919277267 0.2494582637802294 0.2862954187224923 0.30156143323696993 0.4713594256666269 0.19164006153852975
11 54 -200 40 125 -0.1004433369638435 -0.0692831566715007 0.005251429952791931 0.8246787979735434 0.7502720752946349 0.14308454609802435 0.9402085620747347
15 475 220 -140 -125 -0.005105269909750909 0.032624429459226056 0.21720091907983435 0.2805740886496213 0.012821437911609612 0.43048699622045306 0.08493380617093538
13 496 -500 -80 50 0.17645866368215285 0.036718366924447854 -0.006165729122701247 0.21130140874363634 0.26221780086256885 0.36516285768871737 0.7317186954728293
15 475 160 -120 125 -0.187831588298924 -0.007367243725818373 0.17190318768602675 0.5141657802781963 0.5527061738471208 0.22498325202885205 0.8665457262388634
17 150 -460 120 -125 -0.1949115439759324 -0.17112634340928928 -0.018968991232723387 0.8050088686473899 0.5019910013238749 0.6565066057729305 0.05957529120450744
18 328 -180 40 -25 -0.12324396721538206 0.22131732376330532 0.02866744019218248 0.17496815005233357 0.1080004958478421 0.4595902432542145 0.7739756380636801
12 54 -320 180 -100 -0.2080156782196375 -0.03752523307362243 -0.11155872736804617 0.9688397535741147 0.4694532148618208 0.654220773746697 0.07802310470347629
13 344 300 40 -50 -0.17461910952658483 -0.24671250572847175 0.11238122384895144 0.8512145752829683 0.1447826515242675 0.9306723461780585 0.9131940132121965
19 162 -280 -80 50 0.016929357256230737 -0.13778847885599693 -0.21182498504299335 0.3893960591729251 0.5685584027954197 0.32835970385754776 0.8591946685619353
12 421 -200 180 -25 -0.18176795329575574 0.04871342985929389 -0.10420305084006892 0.5154411509652707 0.15032632169962867 0.005861236690010818 0.5096788665713969
14 224 120 60 -50 0.23802706371352456 0.24967376982466033 0.14347104796562427 0.2450794519341608 0.6854725190934716 0.3088973029833001 0.6528856051955115
10 164 60 -140 -75 0.0688655408411416 -0.21917161944177888 -0.044753856753883825 0.960545612024277 0.5730545742348822 0.010602193894027168 0.6398858654118873
11 378 -280 -20 50 0.23886924908371343 0.23743553098560594 0.03294507693852661 0.4711487272295719 0.6280128552954746 0.8999060616152393 0.8572753713155615
12 76 180 -60 0 0.173516477144106 0.22946757804738216 -0.14039408286894978 0.9053582290061187 0.9702105144951328 0.263876667373517 0.7421395896461118
16 443 -260 0 -50 0.02997668979525514 -0.23382065469937474 -0.03345300752777852 0.7056697776238634 0.9249978323773524 0.18083515175260223 0.6669192347177243
20 169 -480 -180 75 -0.2321506647621887 -0.03588608352976702 -0.14533811127529594 0.9566165189497042 0.8643806627725292 0.4164780542832932 0.17149370327455393
15 132 -20 -200 -25 0.16114350354288481 0.23345846537522297 0.08045943300465924 0.4998499395840401 0.6784616444753188 0.911615941800866 0.02801308264809743
11 206 -120 60 -75 -0.16132909661903322 0.24605226222419252 -0.07482893814703884 0.493950075233072 0.7822089152811983 0.7453636459758227 0.3127717828087534
13 428 -220 -160 -25 -0.03821145830629041 -0.12599695333488892 0.22461763353978226 0.967904417001005 0.5301402900795801 0.8098496499828621 0.8848670661840475
16 117 0 100 -75 0.21337182124512888 0.20245442487832355 -0.09547433510231967 0.1787212396493466 0.00032213229414845834 0.39710291515188334 0.05945464218364627
11 368 -20 -100 75 -0.07342293780301767 0.15269603813885707 0.15971773687595675 0.6300203866631706 0.4428572821817377 0.2871268128125901 0.5241878243285009
10 148 560 -60 -125 0.10136288110185027 -0.018147101438655222 0.06908616363139342 0.15730234642722407 0.9882033064884598 0.452858072318731 0.6488967845553953
17 365 -180 0 -100 0.011256725287198677 -0.03768423819162431 0.10584473551462703 0.5193414161668249 0.10891855621876367 0.9624858538377272 0.1452748641319065
19 38 -420 200 -100 -0.20542537607550504 0.14804629620552884 -0.06652063927097024 0.8348962775447184 0.7938793208821727 0.9251915178265319 0.3947778587416656
15 450 160 -100 -100 0.08470801790738824 -0.14408818777418358 -0.06443511763638926 0.545505305973693 0.7603667069234443 0.0026740671411211725 0.9486878196064815
20 222 -120 40 -50 -0.10768588177654359 0.16660854101532602 0.03192852613993502 0.38654368899508584 0.42661448554046877 0.7356994382841571 0.3899722400317879
14 99 360 100 25 0.08352046327056978 0.16182526616834325 -0.2068504742339642 0.40426509533295063 0.9021347078330515 0.28597146404229656 0.08950302990592118
16 149 580 60 0 0.1909076474419299 0.04731404839765063 0.0023367606893008874 0.15495857663605073 0.931787428242482 0.28474985030258104 0.21683898244950517
13 205 -20 120 -75 0.08777362921132215 -0.14430504683772905 0.06604440134897527 0.45330443328910763 0.8827935389157777 0.22350811766797862 0.7969109781773381
12 295 -520 -20 0 0.08562130243087779 0.04091227808161957 0.04549269427536401 0.24617164664122815 0.17838965148470498 0.9364924890101888 0.46048109333136844
11 409 -520 -180 -50 -0.20115386259346568 -0.15015086267067745 -0.1530645014748862 0.7114949445905522 0.14858447592277824 0.535197335836227 0.16977062692165734
12 60 -320 -20 -75 0.026856464090075527 -0.11454838691763897 0.20291703756317087 0.8636310718243749 0.16796078290520333 0.031276208511922476 0.3387385891586252
15 486 60 160 125 0.16531553727836934 -0.11454954098131603 0.08000860029915569 0.5002750943321296 0.240033219043724 0.851050436621444 0.37472019788783784
10 397 -340 -20 -125 -0.10362164301244836 -0.13204600506360503 -0.14150254696418774 0.7060890022530285 0.5111064180941889 0.30894488932396325 0.022273025137158453
11 49 240 -40 100 0.14368249327395832 -0.20986148362211626 -0.16568780178752918 0.5696621171901934 0.44501142903699653 0.2637939377917753 0.5840473887999551
10 359 580 -20 50 0.0654426112362218 0.22593617280392692 -0.12169028124756981 0.13750283170322974 0.7023872104542894 0.2834788771183755 0.5259820260499166
11 331 280 160 -50 0.13924167721512798 0.10710090636501668 -0.037656126716004934 0.6722887982776682 0.336441603962191 0.5407335858311679 0.3607734272589803
12 482 400 140 100 0.06531451833918633 0.01483796533257975 0.025100146610534613 0.9174132417605944 0.1804247609983718 0.6661392659631727 0.7104897262326357
17 475 -460 -20 100 -0.17639076023737554 -0.025548718982659202 -0.1716458224197921 0.6221374766660532 0.24924174711220248 0.998954463523454 0.0011200479112951633
18 320 -240 80 -75 -0.19453499405007796 -0.040670089920256836 0.17122727393321652 0.4572325489558411 0.6850806802704029 0.08942361089385775 0.9895574993850038
10 4 -180 -80 -75 -0.20810013351154566 -0.1769804609342422 0.005063274513559923 0.8565197507993986 0.41336273955093206 0.5480695607969305 0.20024196087470136
19 14 -440 -40 -125 0.11947837578271076 -0.1521871124477241 -0.18693937618781964 0.09810028948999039 0.2606461871593102 0.09605142526153898 0.41089595925069045
18 216 40 40 125 -0.17969860384093062 -0.24614768308016022 0.054756842189413846 0.9096209661801815 0.03989740754452176 0.05182369469532522 0.5408971473294744
14 439 340 0 -25 0.1706888702383364 -0.19722313315280487 -0.02636750960258505 0.2650014344386419 0.9868969702220757 0.9056412657513652 0.7223466147573078
20 402 -540 -40 -100 0.009529077681890707 -0.0012651422088227893 -0.14418344544139 0.9226811510010947 0.6749855499934229 0.20541393128105445 0.25707329211910057
16 279 100 -60 -75 -0.18947071614092398 -0.06508809885200606 0.19359599871864408 0.3025499234332103 0.05753141962885311 0.7638820748846517 0.5615021469081277
15 352 -400 160 -50 -0.04259726790859336 -0.23606471565604026 -0.23893564335522322 0.3222742151119008 0.6009729417552828 0.947127526962524 0.2690386069359607
18 458 -520 -60 -100 0.18579659477950144 0.19480681915955028 0.2325587597692083 0.7350909779617297 0.07493100542349895 0.6826157231003356 0.06927662361562836
18 95 0 120 -100 0.22817527519503877 -0.11263734733646041 0.21783840858107928 0.2606218837978872 0.517491574382626 0.9378698443777825 0.5199130325462444
12 95 -520 200 -25 -0.07309872631050546 -0.05187843342707704 0.14228217391417936 0.4911553462153103 0.38041346461267567 0.24141726078170167 0.21823369188547426
14 214 -580 -60 -100 -0.11166422679915844 0.21463406450161782 0.2416824235458629 0.46520186737112235 0.7796797942935056 0.8260248243414919 0.1128058119145472
12 482 -120 -200 75 -0.06535126998568319 -0.06138670226846149 0.028827269923583254 0.36244084204878446 0.6672742427899804 0.08852925299987269 0.572706567305995
17 360 -480 180 -100 -0.09852925528040879 -0.07394965885106125 -0.08415293593100365 0.49857565433206685 0.001916034981387038 0.49603686206904474 0.4513108548037694
12 270 220 180 -50 0.07593248974693056 -0.14073759637126254 0.040649883019874544 0.550742175739127 0.8132368778250465 0.16342593216837442 0.5084838258598287
16 430 -360 200 -50 0.028328129842831506 0.11605943195989238 -0.21533155766012602 0.8391567961167729 0.35535810018579517 0.14069556556050666 0.04267124359342811
19 210 380 -40 -50 0.24600969031362097 -0.05636431537451714 -0.038111653515093324 0.47298249266272896 0.4633555353295288 0.8054172542294975 0.1725454684546579
17 176 -380 60 0 0.2457439271895967 0.23613616878187293 -0.15451915702513092 0.4033764001998925 0.8098031924154035 0.8387856764533647 0.4760731255831282
18 82 -180 -160 125 -0.028917444130358072 -0.14899628391802794 -0.066804534797749 0.8022458644585049 0.14044325137440683 0.16014925265274238 0.44492483638719493
19 133 -520 60 -50 -0.06937881525044937 -0.17942804307628402 0.21496870216356312 0.37626344326529715 0.23317368051754117 0.8346926414899257 0.31487329315933776
13 1 -80 -100 -100 -0.0348524817195176 0.017035398320035422 -0.24713707950819125 0.026509532686062598 0.025387907554370925 0.03211893176937297 0.5313283813747023
19 402 -300 -40 -50 0.055291342250378406 0.07613695431115447 0.04943935401002658 0.09880387016407322 0.6328732732601293 0.14936081126965006 0.10047687126650717
13 49 -40 60 -125 -0.024763585513140174 0.07278482473450426 -0.04476034811877638 0.6483785758922178 0.08301972756901632 0.4393054994779224 0.2903573158794571
15 482 240 -60 100 -0.21944703715324998 -0.2274711899774361 0.013627124095783427 0.2791337839655612 0.10655697212530735 0.32709144903191245 0.14195999222508893
17 424 560 20 -25 0.12304598420563201 -0.02604788204896108 -0.22230646119473213 0.26165395488835264 0.4818589292804957 0.2613027851467472 0.45164531881376546
20 195 500 -40 -100 0.1573511467400741 -0.11166347103098956 0.15736930110160374 0.2967887751952959 0.0046416754591274145 0.2500892216561562 0.6736033061708419
19 220 -440 40 125 0.06626406891310438 0.07095166074358783 -0.04372891294040404 0.2851310833645049 0.9173448006708073 0.17991894390212237 0.8472550539884328
19 495 500 20 -75 0.09285071036042375 0.12797292600666849 0.018756130850883623 0.772666627654722 0.725743509768275 0.20414109886254617 0.4511536891228415
14 199 -500 -100 125 -0.035745417902982135 -0.09434936068019384 0.01805794260597504 0.6044833554943668 0.8650553108483636 0.4349433297019971 0.9245084402496007
18 287 -540 180 0 0.24914933277236428 -0.16403024142547806 0.06212409190525486 0.20663934218412516 0.24772514080395103 0.026876095277734824 0.618703194685534
17 19 -580 -120 75 0.13220389213607064 0.21506962891077713 -0.020907136275673477 0.5152082797993678 0.4854467831458127 0.3549206548169439 0.0019218171749243451
20 328 -200 180 -100 0.1291281329211525 -0.1513248164930847 -0.06605400775256576 0.6801188263998639 0.3859835885774685 0.050681322786522154 0.9208314023799267
16 9 180 -80 100 0.1013866855251711 0.06867509581484388 0.04162754188284945 0.28055500010208234 0.8036799818557157 0.12988939924868037 0.8951671147788489
18 256 -80 120 25 -0.18679608988708568 -0.17680879738591476 -0.20494799197184593 0.23530332957475175 0.9609885121798891 0.10294279617622115 0.7368123538883058
20 135 -520 -40 -50 -0.1725972143347298 0.1950515405961888 -0.13262525875910952 0.2909978840401699 0.2380969741504495 0.841162937718762 0.620533935257768
10 171 -220 -200 75 -0.23935371828070084 0.23230453245640298 -0.07244862548789965 0.3821078300588324 0.9989826299623012 0.28012839517761035 0.8343026805197215
19 343 -380 120 100 -0.16721734864952897 -0.1385756414431787 -0.027258234293257022 0.13943898072363403 0.6359474387257665 0.035941582957990215 0.7208391035484386
17 424 220 120 -50 0.22878061419052625 -0.14106647352434698 -0.020602733190983324 0.639128158195225 0.8360038713017367 0.889535177023435 0.34107393144856335
19 26 -140 -180 0 0.080798322338407 0.24435925488182458 -0.20327294195504653 0.33554491369396733 0.586328371415511 0.686948065572982 0.9258602230862426
14 387 20 20 100 -0.16474894721577632 0.1070356677295563 0.23213468109328933 0.41145758938844823 0.7384101865262983 0.8744714374651069 0.6286875900496712
12 189 20 160 75 0.1294870725533422 0.04476804457074113 0.06355766900430826 0.15285180217293493 0.10972514995685068 0.9730388698867365 0.4419949823446081
16 57 -460 60 100 0.17751707143293272 -0.1768465090938291 0.15454531846084674 0.17621266774147737 0.43845835037967407 0.003506623189793112 0.5980729381660889
15 436 360 180 -25 -0.06272222916725878 0.05874826435898067 -0.12958486623449605 0.38663451500778867 0.2042757201162646 0.3496295788073229 0.982977039514499
11 217 300 -60 100 -0.18421740440199957 -0.1352777373002712 -0.020655114326198265 0.5027799908205293 0.1327575312110788 0.015510624402921391 0.9096504543157597
15 465 240 180 0 -0.0670441755615741 0.010530423383455612 0.1701980825309578 0.17829803962044288 0.7967437792466707 0.8821043833500266 0.5577800856162636
10 40 -520 -40 50 -0.19331451397513455 -0.062375552085910335 -0.19415262751215495 0.7572703897571905 0.4290872358772858 0.512291947910915 0.8276697167206346
20 419 360 -180 -75 -0.22981907795904355 0.14592001187319464 0.04759746656850922 0.9227963311196151 0.8195917931206651 0.31890596545363503 0.2163188301549318
11 106 420 120 -125 0.21832083917908718 0.15702282828734315 0.04497893473436526 0.7475115572471751 0.5710019625663045 0.09289286891351467 0.6014467179364189
18 315 80 200 -125 0.13926603578905739 0.0014758798556089858 0.1335582734650253 0.00935206175109704 0.7480723234282682 0.6659488983808464 0.32585083468496834
15 432 -220 -40 50 0.09922659783660648 -0.23392790294271687 0.09892843244602578 0.8659368744595707 0.511081746722734 0.6426957711738912 0.3247059094741068
16 182 -420 80 100 -0.12460417085826164 0.2339188854704356 0.04710877329820551 0.7512300254946886 0.5680997569849761 0.6186429645343184 0.7935267059387403
10 317 -520 -60 100 0.05846941141494527 0.08132302772148287 -0.11215110832327535 0.6810306319088137 0.28902506661970095 0.6746450782772674 0.6437843072708374
10 489 -560 160 0 0.2325343764954021 0.012440721217684858 0.06271141424607135 0.605460839624111 0.8827978544270269 0.5995744564532312 0.8985985050412796
10 18 440 -20 25 -0.11671814760335658 -0.030202594740475874 0.21659652472825702 0.01609473785155302 0.2053122253003985 0.9756603499118058 0.0880154488290521
13 250 -160 -140 50 -0.03405371001325885 0.09676322858173902 0.01682450520835599 0.407548054163583 0.31732951939693044 0.32826394110571755 0.024045728090043683
15 230 -420 -120 -75 0.19934812176569688 -0.20645498576309146 -0.1959452244284024 0.025000044170265023 0.4002833248556299 0.10230230558582931 0.40414035094664147
20 210 0 40 -25 -0.12157772125868765 -0.11687424103958144 -0.026644699812551742 0.14283088063758942 0.07672691540919474 0.8774671066889866 0.7324488769389451
20 279 400 -60 -125 -0.10036185793163604 0.16893566690728984 -3.811660136887607e-05 0.4996987892787621 0.07436391164261547 0.9011229260651319 0.7745380699141017
14 279 -380 -100 -100 -0.1297442860279091 0.06856389438596833 -0.23911492071853568 0.99506704457295 0.7988672502212686 0.6238616270240444 0.12185874082505876
12 90 -460 -100 125 0.0975208988035644 0.24966936700345982 0.06891679193964612 0.9732560305964735 0.32764220842358194 0.65700067644132 0.9488767683975904
18 456 -160 -100 25 -0.21578430641345647 -0.19721201596442295 -0.2073455417367684 0.7910411989328884 0.600682958163104 0.44219115986586555 0.5297064397012696
17 443 -60 20 -100 -0.15658669655213642 -0.060407361175128016 0.15045312821073187 0.8924709046655489 0.6904393430223201 0.4871979091698213 0.21535289658365042
16 166 -160 -20 0 -0.19378356751996084 0.20269205493775905 0.09765345678497578 0.40249878857989785 0.7755622070863138 0.8630198890919936 0.5028945510732484
10 217 480 100 125 -0.03379046802309471 0.059215268535817656 0.15011695845007977 0.48626168964422956 0.7777386886698553 0.8742598267698976 0.648866624126392
19 295 -500 140 -25 -0.18663722012900552 0.18511770015348228 0.1506959643156831 0.022145017336472006 0.33557974180115 0.8117966425311861 0.30117494213818863
10 419 -280 100 0 0.21157369031245649 -0.027894869721910298 -0.1912524291167177 0.7643492037532192 0.29829090719112594 0.010798822962454713 0.49526913301758624
11 38 240 0 125 -0.15026104653614453 0.058593353901402745 -0.15540812719405828 0.34144671216014333 0.35387609505673956 0.16980718942187112 0.6798006951431264
12 284 -320 80 -25 0.015038203401505135 0.09327727560642379 0.10991022778816378 0.16968203015236705 0.05923386174773548 0.03578987204479156 0.9181178137929215
12 21 -340 -180 0 -0.0711570646291585 -0.0902502190066577 0.10073955035982551 0.9516026444198387 0.7313352888663005 0.792774200684242 0.265817407319201
20 154 140 120 125 -0.0054976551713750155 -0.029137658334916328 -0.08817328482279979 0.2857212477036246 0.49796223675197704 0.4707814663479689 0.5622450124043396
15 344 -300 -120 -25 -0.15816617157414986 0.1194780427358405 0.13343548864989474 0.8674282141717445 0.2767164079611436 0.45393836309166447 0.6148794563274487
13 463 -460 40 -50 -0.1906617890927984 -0.12859332877035035 -0.0586834547779117 0.026144461696991805 0.22988532951952434 0.6350509014473628 0.10665752120593652
20 91 440 -160 -25 -0.011865398614142264 -0.24021919585957985 0.060220827038053926 0.7252841544818002 0.49103170052024747 0.1991927647643721 0.33757423212294435
12 342 -380 -40 -75 0.07528254283342312 0.12526630598402 0.21869066040948787 0.7932374205379537 0.39436659514306305 0.029503578618011672 0.7536431915667707
20 9 -100 -20 -25 0.14812862647411962 0.03222737772564943 -0.14046522530636535 0.7393625898192436 0.8379389012200243 0.14427420848479966 0.5784475257780533
17 481 160 0 50 0.011672364723031792 -0.12181602704392952 0.22400613009143555 0.1415436031444791 0.22317123474723854 0.7166760928376255 0.23762991655310173
16 498 -120 -160 125 -0.012985855297607929 -0.08264120635838607 -0.0974928356021928 0.7528212528819618 0.656061000318382 0.28310212598805196 0.5720908744714541
12 72 -220 140 -100 0.23058297513449472 -0.1238692562447139 0.10614516449651068 0.429953987828838 0.5563855527382361 0.037670334784097204 0.7201976009119608
18 299 -120 200 -125 0.16432123846033203 -0.12731553703729082 0.15477251130241726 0.21684522425010178 0.5868296601618587 0.833226335830805 0.30427029609190703
20 237 180 -60 125 0.21946028706850712 -0.1776129189748692 -0.2427082810490575 0.9271591620591291 0.3870308633995846 0.2463024397407032 0.3833532900071417
17 281 500 120 25 0.07911796163306128 0.16481615650021514 -0.23978867772140128 0.7293584907263901 0.8094822211818591 0.46060663457554174 0.1229477367993358
16 94 -140 20 50 -0.2108265257946929 -0.23566106653236968 0.13068991136708463 0.9871239873804574 0.3197618058367213 0.08692392716341246 0.6400444999387268
16 315 340 -140 -50 -0.21555899056073774 -0.22433599598247878 -0.0806367258564002 0.025215587615588064 0.9241946954687761 0.6374627246925292 0.3944199390070171
20 206 -160 200 50 0.11887908449314288 -0.16672434257335084 0.002487120569440837 0.8989457275422527 0.24580831674323256 0.4393338900907683 0.05235371756536267
14 14 40 -100 0 0.05224710942031441 -0.15001286997058905 0.23014393952786916 0.34256874720903596 0.7790121062524774 0.07005073497421965 0.9091420977793729
13 447 300 -40 75 -0.21385926088177915 0.2157426897870407 -0.23029885543509582 0.4015517060156545 0.912063263586026 0.5148115067520794 0.24052111945851373
19 92 60 -60 -75 0.1101778515302188 0.17650659622664688 -0.1587161973998542 0.10380137301334746 0.19513751931777756 0.6103560447872878 0.5746866576942395
17 130 -600 -80 -25 0.030850362124057895 0.1308081417958139 0.09997083397340312 0.8533294382452971 0.15434645549967674 0.7864251501447606 0.39397571793871233
20 26 0 -40 125 0.2457813301453659 0.12663977820964156 -0.2105533178278901 0.6516709180313326 0.9258459328934924 0.041552849229483324 0.3841813006849416
20 420 -420 -120 -25 0.06851692762112188 0.1230405510402996 0.14409168230911112 0.5510079279745291 0.906556727560746 0.11661966564586257 0.3331994621083303
15 223 -480 -100 -25 -0.04060638097870822 0.18686548538238873 -0.12331853679290838 0.3351736183124543 0.9295443039505338 0.194685815448164 0.004434151253013829
17 288 -260 -140 -125 -0.11334077034608736 -0.018810867466606873 -0.09091803833509166 0.5905177138518048 0.12339292336879593 0.21849424084184532 0.7778761860499646
11 442 -240 140 100 0.10478986013454877 0.24899319998377528 0.09818471390396444 0.4900051299658226 0.07239952210549605 0.6415758796457524 0.9766326936870984
17 115 280 120 -50 0.12123161164547541 0.19444619610269082 -0.1900025639761112 0.1683899687210797 0.2847081075989537 0.9301002324164792 0.8280981138622585
10 454 580 200 100 0.22789415182900785 0.0627941417259899 0.18729940463285322 0.5550894085915716 0.873087063665271 0.6224186800759205 0.02152439806108375
14 397 100 120 25 0.12452293753917698 0.011570691222612117 0.09025549534129973 0.5128393689420501 0.7889435307009559 0.463235384113424 0.9907229568053071
20 260 -260 -180 -125 -0.19762908209445246 -0.11608506380686645 0.18781570435041056 0.639897318934346 0.7119761674177345 0.4347719809802413 0.17968183592219278
20 21 40 20 125 -0.010451985762207128 0.007116053483043838 -0.03714678693510509 0.8692944644741204 0.3715332535461079 0.008925043090033724 0.6235899946758768
11 142 -460 0 100 -0.2070727059602004 0.15468820635087027 -0.1759689563291667 0.273543407168507 0.43788719484428273 0.5176090999230463 0.8738130491626744
19 340 180 -60 25 -0.06654673059056698 0.033893452609369545 0.043651597971030576 0.5279702814937343 0.8392203771787563 0.4177453670590787 0.9844958457202663
12 411 -300 -140 100 0.23340551000673748 -0.13664014291719112 0.18441530165748599 0.30450079218479786 0.29398108640633 0.3110846677658907 0.3488121694387011
17 488 -400 200 125 -0.14616980777641586 -0.09403827809126197 0.16620061929982888 0.7603819839948655 0.5888710020769253 0.2978740921600246 0.21969449639952787
17 83 -280 0 25 0.12706398171741767 -0.03473752480510134 0.14781034948543292 0.6995108800466217 0.9728737786634025 0.23443847609605717 0.39872176004812754
10 460 240 -20 -125 0.005912648515784491 -0.028612105742000904 0.03153658883729754 0.9357661399851525 0.604223532428495 0.237559110425152 0.9344615940538418
12 81 220 60 0 0.04838854968852213 -0.20722190750816788 -0.18911915663415296 0.5162470777158066 0.6086505353810469 0.047152389258869 0.5550768284583948
10 234 -460 -160 -100 0.1538910318362156 -0.2118006411482204 0.20238783613949207 0.13737783568167772 0.20932994722810794 0.303215223925269 0.9140263807104385
13 178 -520 40 -125 0.06037131701067655 0.15905015071721357 -0.1287215643779342 0.8646504002232838 0.7990329740937372 0.4617652573088018 0.7774006332736413
13 141 340 -120 -75 -0.03505285050520929 -0.2349823590484844 -0.10386646744914552 0.6461479618317377 0.9734285253380208 0.3361250152260675 0.6738984114135464
15 255 -140 -200 50 -0.02812476097872285 0.1020046949965156 -0.1458054249693318 0.2480923030359512 0.2995417050248447 0.3472333783272953 0.2761900435145813
10 417 240 180 -100 0.1832321236116251 -0.13445060900496725 0.03709876104012372 0.478339798582603 0.0019579065416652774 0.12322407715340333 0.26227490808625264
10 391 -220 100 125 -0.05298751743246677 0.1838063572557067 -0.22867217268074513 0.14630279193196782 0.0736357172663733 0.9277564303048388 0.2660148104101163
16 349 580 -200 100 0.021054757798939172 -0.058562740438345806 0.16505768265008158 0.1609293885723786 0.5590802656886878 0.12521071219564472 0.49619967333639525
12 273 -160 -140 75 -0.08065953689540567 0.08995660520138599 -0.019486915572520414 0.450508164907778 0.36023859130039093 0.39573543437261827 0.5857435828660441
19 68 -420 -100 -100 -0.08770136983290916 0.034201885274153854 0.23339477648216417 0.8282980592593282 0.21408937432650366 0.517742717549006 0.12216779639055997
19 141 200 200 -75 0.13893588313759064 -0.08536064304723989 0.1175583349206637 0.4964889360472339 0.2884417440231536 0.9312426797368888 0.9292467229044394
13 153 -420 -60 -75 0.13271495015193335 -0.2068285600627781 0.21037386080157167 0.0891540985899768 0.46579673578956504 0.5460131629380542 0.15624001597471615
13 131 -600 120 -50 0.13770784691106874 0.1497333901006594 -0.11543671335321759 0.8226457458787835 0.8614598732374217 0.38222247730693104 0.11412643837912795
14 406 -520 -120 -25 0.0352672627698119 0.0677794286620062 0.14492285219123913 0.40328437795173444 0.6574917295019689 0.3339968306962132 0.0014729215341243718
15 354 -580 -140 -125 0.003456634072519116 -0.18661543565684152 -0.12784603139277917 0.7185990607390653 0.8006967831597497 0.7119679788072445 0.6251702998747556
16 322 380 160 0 -0.0016777589550277527 -0.12356620475520763 -0.12639880045833374 0.5499971656745193 0.6103121289318331 0.6736500872639967 0.267290687434539
10 238 -360 20 100 -0.13056420089622395 0.11449358014918509 -0.031176483425474855 0.8224138942850289 0.5136415231712975 0.1452499393565697 0.00956648891604095
20 148 360 -40 -125 -0.020183921301313357 0.09812535461266103 0.125097855443695 0.13195536439235211 0.9951561553176324 0.6626834654779127 0.7281630276785369
17 112 -40 180 -50 0.21873188530993165 0.23281550904549597 -0.007235617239026049 0.881749930669112 0.051354255368097235 0.03798990131041968 0.24032536177664288
10 413 100 -60 -50 -0.24929786580088076 0.21038833139051366 0.052564786412297004 0.7835201082669059 0.04054806260459398 0.7327098968219437 0.33807208296761393
19 98 600 -160 50 0.23213984159816264 -0.024960443001706856 0.20957525881133382 0.41871564408348094 0.4702820203659599 0.29526195709622394 0.6249173658661195
16 20 200 120 -75 0.17479878196159016 0.05585346745500641 -0.12376645105693235 0.07809566280974611 0.94146501065671 0.04468581991599763 0.3998746414014408
13 144 360 -140 0 0.2198314927900457 -0.09372127515588946 0.0973162480629926 0.2371959637139277 0.5963187583415003 0.2935681933625085 0.031652673424529265
10 208 460 -200 -25 0.18740078763728463 0.10723344618103015 0.12442594754775166 0.20125785798022355 0.3783779351156804 0.7199666811076181 0.8992624073887316
13 95 -200 -20 -50 -0.11094501449565342 -0.06982063032932961 0.11439533815438807 0.8120140929235813 0.3087708831086675 0.7494435909090706 0.5264750705431269
10 478 -540 200 125 0.15561103771846768 0.10862884496267766 0.23662585641678824 0.8066159496481432 0.13948152111187628 0.9793252816445208 0.5096750390147168
12 121 120 -140 -25 -0.14986580604945937 0.15620344258936086 0.21442981869258815 0.546687937053381 0.7414427636455639 0.609587077891996 0.08119548394754383
14 283 460 120 75 -0.12163374761946172 -0.22707003130897369 -0.23947285087650322 0.851295696680346 0.9574150238414163 0.015423176271800898 0.9977092270559547
19 174 -400 -160 25 -0.0919471850467159 -0.22585569225501045 0.1471981147498565 0.4646491366079556 0.7532847490839689 0.4113034931238072 0.4069479990696252
15 457 260 180 -25 0.2275955023417539 0.0790111886388768 0.11640589508908927 0.1849214136427536 0.2836008862195376 0.3291944744233236 0.6471888912595186
13 131 500 120 100 -0.1967082365677233 0.16834373944186914 -0.13185834988247247 0.2696500601012114 0.8893616651693333 0.03256958227784079 0.6105882970843864
15 95 -400 180 0 -0.1950628585195694 0.11787777895392043 -0.09525079337523157 0.903735642117485 0.4328018480222732 0.29851258389062696 0.6136020031721159
14 183 -480 20 50 0.029282430385884906 0.08179609219959683 -0.13797418448535165 0.29147095683261925 0.2867014993322379 0.5309429457260061 0.3069672385348685
11 105 -500 -200 -100 0.21170182986045233 -0.22037163167035873 -0.2178375045137375 0.46030899476907183 0.4581475152788099 0.39667293754676325 0.6390924004885159
20 124 0 -140 -100 0.011051082030138215 0.07849755754076126 -0.03173542305421306 0.47402802775060293 0.08787039843198541 0.1125801815053733 0.26012138972003473
18 472 -460 100 -125 -0.048947721754966755 -0.1697439857347081 -0.043114684657215574 0.11932649796593209 0.9285035441301402 0.12000119606343873 0.8690831487625353
17 205 20 -200 25 -0.05367531314556678 -0.1870531725516097 -0.16704080079354294 0.31425898054539936 0.10342717617220176 0.22835295803480926 0.6228371177311027
16 92 -60 40 -50 0.1998088112900246 0.18134191087771828 0.24497342858652177 0.5789307663834199 0.7470156226068524 0.8066211685151314 0.5414078285480864
18 192 -220 40 -50 -0.18826737886970785 0.016709458748537354 0.07738175915885526 0.05664414360173142 0.16757514443310872 0.08063253916500412 0.5125686772820404
15 67 -540 40 125 -0.15832898044498417 0.16179519856116437 -0.042524188750025727 0.5925651779691167 0.11573610261863665 0.45998898995694093 0.1525592561049064
19 158 580 80 75 0.1336543859060514 0.19901927305697298 -0.06798423501231343 0.10027483699379802 0.8560176390414558 0.34542912325288777 0.4153088021900715
20 261 -80 200 0 -0.041799127335600095 0.1263180941257271 0.14669952038706474 0.26234721756040835 0.49357389630270954 0.5765385840886019 0.7044767050872314
18 294 380 80 -50 0.08863555071146556 0.24889807847211692 0.04964858910058023 0.031016423936724657 0.4297837467390906 0.8553846742510288 0.4528983406814855
11 386 -420 -20 0 -0.22598206099945822 0.14105430150226433 -0.08919320223827437 0.05630142593232479 0.6414992409644459 0.126642013322399 0.2410155204730413
19 287 260 -120 -75 0.11012381598749416 0.20553675758698015 -0.08025831958862162 0.03403820283626702 0.3644574112374589 0.6992807317562858 0.3112601815984958
15 207 -340 -160 -50 -0.20708697570669082 0.09556562931516044 0.22676897958191816 0.7535952738585631 0.8782029921305472 0.4322052147736264 0.6893068427986124
15 189 -600 -180 75 0.08538549299303821 0.024181180359997057 0.1576718225303041 0.4731546661086665 0.9667093117072573 0.07548075141587329 0.19008578826560474
17 259 -600 40 50 0.057119489848479144 -0.13568102084610967 -0.192189793347656 0.8424192214130533 0.5036697495053878 0.17411758288412715 0.06198349654307511
16 43 240 -160 -125 -0.18600835684827716 -0.03783983152695264 -0.11824230989454565 0.8907816887563733 0.3956125909606989 0.6050875735049551 0.002569799376354376
19 258 140 0 -50 -0.11569963159271995 -0.1433107810707004 -0.05267752725956232 0.3639214669186699 0.3217777619247022 0.695756854983161 0.661835540159328
20 70 480 -120 -25 0.1938633574977685 -0.19366900593877256 0.04638387771604302 0.03153021183069482 0.16136128584645404 0.23857864429518882 0.2325763061952394
12 426 500 -160 -50 0.030720385183538312 0.09818676828548256 -0.2461561182200011 0.6204223265746284 0.936328485349814 0.27708803758658285 0.026059603227595263
16 364 -220 180 -25 -0.0946429443610261 -0.11225806893842422 -0.010510437845876852 0.7077034722335368 0.47754763560414093 0.6088400062206005 0.46804517686266767
13 242 -260 180 100 0.19146957399657055 -0.04362390076673389 -0.14647377344633222 0.8706129251218573 0.3050708660807181 0.8153019266469607 0.6300397278955635
15 141 -120 0 50 0.17564836354229768 0.13543404043709495 0.2205078073074554 0.5928126756638487 0.8984846387273615 0.35605495678595744 0.846127483539345
15 43 360 -140 125 0.01201800050322327 -0.04172148859342045 -0.09565360893338704 0.09620059816533688 0.6680231734700058 0.9095655540112625 0.15936036572222267
18 27 -560 -180 -25 -0.014278536594068136 0.031137776935252492 -0.10576115145946008 0.66217794414866 0.825474424207901 0.07918946997938625 0.7706796726042119
10 38 580 -120 0 -0.016183244920674467 0.23567160246318408 -0.025569863747138155 0.7563513654346747 0.291004631481698 0.6050601662839522 0.9424659421978717
10 405 420 80 100 0.13688513090359156 -0.08630358027811513 0.1637860174485028 0.44166639041287303 0.7815015447819367 0.3610218911972948 0.4151171484191676
13 108 520 -200 -50 -0.19185998858137365 -0.20533616282459127 -0.20999375460454167 0.40009732261350917 0.6275690469867772 0.11007196580278078 0.4157546873073261
19 464 280 -140 125 -0.12239653556783969 -0.13177434901144897 0.057917909709269855 0.3136369289240626 0.8488545005315729 0.2768813180100289 0.27833309258623495
11 217 -140 200 -50 -0.1341268040880142 -0.12283626596799735 0.10783511194895412 0.45500979371070793 0.37702129168523457 0.06403991013355403 0.44977279537299686
13 330 120 -160 25 -0.1634036856995137 0.12172043520383968 -0.0016813731181281044 0.41908653479453695 0.6162510744289383 0.7635244844650324 0.9532943942510915
13 402 -180 -120 125 -0.0023427974320366918 -0.20825184325006185 0.1946836981379047 0.34368541983188894 0.13683718897086805 0.46267460256798343 0.21707595854760942
18 334 -100 -200 25 -0.03950276792629692 0.051004946228695225 0.06821805639312828 0.763989206992627 0.9566072821265353 0.44865351182336655 0.8839898734268006
19 245 60 -60 75 0.2143713645536119 -0.21912699998513874 0.0683135219575684 0.39862891962879066 0.6986342310750236 0.33645888616695374 0.5073657076409795
19 194 -100 100 100 -0.1777877720264845 0.10159730708198966 -0.15179582918299173 0.540036176061271 0.46944742831215225 0.05460453233460927 0.7786439832394169
12 243 -440 -120 100 -0.245265500220067 0.04263479732234088 0.24231394646096827 0.31557113686949856 0.5823374178061651 0.6059090101584693 0.5858465909855817
12 295 340 140 25 0.2061899767605181 0.20290683573350127 0.2176929906269443 0.23894583539883318 0.27040735382275616 0.6682835724704976 0.33787523948967324
16 317 -200 160 125 -0.18246385980976082 0.01402570433040301 0.01865144515429701 0.4101500819648026 0.02236877767015233 0.47605302932951055 0.16093390752275016
12 120 -420 200 0 0.08516913409787064 -0.02664212527481874 0.09134394113082017 0.1709259169767473 0.22700690166298543 0.5156258879338625 0.9199476445843264
18 449 440 -60 -100 0.08221806130687725 0.13284933498795087 -0.008182423342776801 0.5097013457670576 0.8018795410464203 0.1372217820230397 0.2147905314366395
17 309 320 40 -125 -0.07175574618254216 0.21534089415936886 0.16936223989084342 0.6900061513611555 0.564960413788231 0.4147656320441181 0.7941670995381327
19 469 -360 -80 75 0.18256871780079986 0.04657442928351524 -0.1616061357039763 0.07138740979198266 0.9286360665863544 0.0769226100432755 0.0246555067287636
15 492 -280 -200 50 -0.15298410531861023 0.19342932519906358 -0.024943955144943186 0.4142216590428166 0.27155093711501443 0.7658658958978247 0.4504572257385102
20 108 -220 -200 125 0.001334787509302826 0.1536171579650264 0.16666754374926185 0.8826825027668445 0.9464399356195655 0.017466192978549677 0.674167462346993
11 369 220 -60 -100 0.11265970184175705 0.11529629056018492 0.02750277409980678 0.8868832787354669 0.7327059138356083 0.6572102035683484 0.5949113097199438
10 408 -140 -200 75 0.19987832849115683 0.07419920014959852 0.2094855580686691 0.10828970980636499 0.1617919468431842 0.9890109389309295 0.14634608212175093
16 423 160 -160 50 0.0447567620886174 -0.004042968056813756 0.1150692578346702 0.5333870117827335 0.8819629175668553 0.9030681266486327 0.4573789696112206
14 3 -520 100 -25 0.09410302677984439 -0.16557983190193348 0.12529425505878422 0.4700043484507136 0.5475535905213231 0.24672964627661564 0.6166921775998693
18 276 -400 100 50 0.15969684347769797 0.011257780021347252 0.059687098034664376 0.23859809343919502 0.28544967849188274 0.5411927040600695 0.9105236503203458
20 125 -300 -80 -50 0.2486461893262985 -0.048584915903552184 0.04215651486449401 0.26709798318211764 0.1526283882566758 0.42482317972578953 0.9911417714329889
19 84 -420 200 -50 0.12100031622217688 -0.21395227774595932 -0.21586061337035273 0.9911803518947633 0.8753587568746325 0.3968186413759577 0.2638700748835361
10 283 -120 0 75 -0.04955647508147554 -0.18879633788528288 -0.17634530379160207 0.8667846976399889 0.5023816769712166 0.40868015914671363 0.43246027291910083
16 318 0 -60 50 0.23806617348787418 -0.12278718701450264 0.1623026141769951 0.7054805669803147 0.9551572895012811 0.27710437958756384 0.0055298796593958865
12 443 440 120 -100 0.0007564654960050543 0.03341639334969565 -0.08457108584326356 0.03394502178957759 0.9480923431781849 0.5678992978315964 0.4013941570722417
11 84 80 180 100 0.06618782220767627 -0.08298110061150188 0.16307011777834707 0.5016395873689958 0.7845778951712428 0.4851972392310425 0.06982217613395647
12 434 380 -80 0 -0.13305606552314958 0.09535925108246568 -0.10312219813180684 0.3153722152726737 0.8291688336217108 0.18706507070262524 0.7658462879793745
10 158 -20 160 50 -0.011926998872156258 0.0341032642525278 0.019844993415173873 0.9163729395044282 0.020085941232930393 0.25847321154757863 0.4178679922354941
17 119 -480 -60 0 -0.08336505359354207 -0.028040847453410345 0.021352824200588705 0.2805149722375935 0.5617681406854511 0.2698161138903211 0.7310259988661273
18 483 -160 -60 -50 0.07235065564820437 -0.06311358145434631 -0.03811093752161998 0.5699967151939822 0.0005110643029050399 0.4468726272361364 0.9566115807380595
17 219 140 -180 100 -0.13413709981541366 -0.0452090237588918 0.23414824181392768 0.7462967535931408 0.39501139240433303 0.3374717194202671 0.2538943229616831
18 115 -340 -60 -50 0.02812191668385189 -0.24656221925823035 -0.10188388299517259 0.911566222094976 0.3620650398066947 0.2205984195917382 0.19728808232706163
20 375 -360 200 -100 0.1594291390272249 -0.05427325689448376 -0.12460641923668342 0.4164885369343333 0.7226042809789671 0.46986087128463083 0.5720068393792938
12 123 -60 80 -100 -0.00581135714468195 0.11237811313918056 0.19230063900574368 0.7328919717700453 0.8797940461456639 0.0947845091653412 0.428660128469473
20 463 -80 -200 50 0.10174880291977201 -0.1952208104171108 -0.24762330206977012 0.9903560745650486 0.26569232367087914 0.32705526449312516 0.7411639095128552
10 240 140 80 -125 0.1765422907921278 -0.24291291264555798 0.09236653695456026 0.7304205993004528 0.5176317177013503 0.45130028690286894 0.6896065752583382
20 19 80 0 -125 -0.10548356679992232 -0.15337864776900156 0.1805415307812575 0.22387219036552497 0.497943302153555 0.9508836657212415 0.552165392018591
12 418 220 0 -75 -0.13799129135980764 0.010412423188363884 -0.24411863610965995 0.25177094489364404 0.9871518801920233 0.2745929130069509 0.9498151272254016
19 44 -280 -120 0 0.0792284647983158 -0.0030065293422537054 0.1164460884178477 0.4773803473495468 0.760308485141826 0.17634440496381398 0.36347450516711455
10 366 -140 -20 -25 0.1580366633877444 -0.14383679207397043 -0.23495902521219864 0.3798470554458767 0.0012776403928977942 0.9858799535151739 0.5567521571611793
20 319 80 200 75 0.2264774839966388 0.0043579234500945585 -0.23322904474829065 0.3245097252155935 0.43868345353186344 0.13939047674754745 0.9987349569905313
14 407 -420 60 125 0.193043677779564 -0.21416177855054852 -0.1329721543591053 0.47698280355108624 0.5931984341941918 0.8783451830877053 0.3572475104386459
19 242 -360 60 -75 -0.24856724854653167 0.07420825396185698 -0.11659535670719079 0.2268420444264989 0.19923380952100334 0.7509955470660841 0.13159568888014916
20 207 240 20 -75 0.15144197029376089 -0.12334489368644058 0.16735195030737365 0.1581025390879507 0.52578779879455 0.9844133771691264 0.36058666609108114
12 374 -480 -40 -125 -0.2337034681577278 -0.07911792963551917 0.06543459467671359 0.5314959619380163 0.44313223698307713 0.8132681674868572 0.10024116312246989
10 474 400 100 -75 0.11213073245767652 0.2285786842287696 0.15881585995332503 0.3436236915419435 0.5772192816172756 0.7622474949607246 0.23878600464056388
17 497 600 20 -50 0.22367287706753136 0.10835397486280307 0.22039675608092751 0.05251883677687719 0.6794577318696655 0.9334462903670264 0.2330501521401469
13 89 -300 -180 -100 0.08737173498648482 0.1304979924678657 -0.14050418765565464 0.8979883413383015 0.08550577099377199 0.5211194638940625 0.7879208711987993
18 377 40 60 100 0.23615530702508836 0.014481391574370173 -0.22824727778323528 0.05413695843402144 0.292995391318706 0.512099448972587 0.3205698445677496
10 176 -180 160 -100 0.20493449781444684 -0.12861666841520036 -0.19261747187376382 0.7537892909594816 0.2247840240653065 0.5021525340579294 0.1654909335935073
16 417 440 120 -125 0.021221239078139498 -0.1664288175846505 0.05742822512344703 0.01364757813357842 0.5265156611924633 0.16444869458641687 0.638890683559297
13 463 460 100 -25 -0.20470530883386506 -0.18624660731453702 -0.06596801900325006 0.2812525054073469 0.8187139060632436 0.39323665591476353 0.6914432631024775
11 433 320 40 25 0.020813889955443754 0.1779041351045934 -0.24552167282989706 0.11406956474475538 0.5493690450217434 0.6859398570735978 0.3681617428705831
13 125 -40 -180 50 0.1960536362291786 -0.0599636919207962 -0.1089251313822846 0.9376042145955621 0.10326379181931544 0.9492450021937016 0.3121660502993603
14 277 60 -120 50 -0.11323586525769125 -0.029189168028113333 -0.08170297863586717 0.5468040132705463 0.9105237248516291 0.2657569090947153 0.09848052191116397
17 223 520 0 -100 0.06519957053271119 -0.17050866591086183 -0.005474237575990748 0.4972004153662719 0.7048712275226506 0.3290269911100362 0.20769602737715176
14 338 40 -60 125 0.06808932804186846 0.20517208018028144 0.20854648502606732 0.35072135652889724 0.77242489293871 0.1704085582668643 0.5048263001148742
14 49 -280 -160 25 0.11125631607153297 -0.10909050632548045 0.01366560620144358 0.3803694801647749 0.7596523851263834 0.10339286009186832 0.9078124963062333
12 414 440 0 100 0.13165859165917698 0.10604425392491795 -0.16384337019224499 0.8613891675501336 0.038768936878712745 0.8036202678947968 0.4571546954940353
10 143 120 -160 0 0.17990822235669635 0.20212724234481394 0.21160243138635182 0.5173463015088806 0.10141148239986952 0.7376532292323015 0.589811176714855
13 120 320 160 100 0.19233082240592758 0.09738826081444757 0.18546968984069045 0.7085076573983237 0.6286666055285858 0.31416407952311165 0.9425580359024514
13 201 -20 140 0 0.13319384933086653 -0.06071149282656835 -0.029658564676114385 0.5388654663514697 0.9013860751122192 0.7773082870906747 0.6098281760196698
18 390 -80 20 75 0.08977434839300508 -0.15180963129447583 0.18745696147898644 0.8285219235814919 0.35436664785981054 0.6280758647446542 0.5082892123137663
15 148 -260 -160 100 -0.1324474567145396 -0.1264995481626699 -0.11446333249066748 0.3433120579579807 0.22730763189712966 0.7634390824484374 0.06073464269279172
17 274 -20 20 -75 -0.1787832004924464 -0.0513663577786595 -0.05010401295534023 0.05967280693710919 0.7024761848356408 0.17059168863019158 0.657901770583948
18 379 480 180 125 0.15992617208844245 0.07059426844066163 0.21163981606206977 0.4197587146881675 0.009463531160498362 0.69485226192943 0.12649824723705227
18 73 -540 -20 -25 -0.1502646942764006 0.0022639642014703476 0.16501497570672746 0.4617669778293566 0.7832142241406896 0.8239104049882573 0.025237608471206374
19 310 -100 40 -75 -0.1783714026747122 0.006068866111084259 0.22065303017181898 0.944631816755866 0.4700638859710473 0.37268946850219276 0.4887565365097366
20 4 -80 -100 25 -0.12976928616485828 -0.07801966011031253 -0.13803851001684536 0.8343071325190401 0.6351817957004279 0.7159767823540673 0.1710593655180609
19 359 100 -80 25 0.0412767782477354 -0.14075194247298578 0.10311494572477387 0.23619540483322987 0.68481712995462 0.5813473715863521 0.47717314187206283
14 355 -160 160 -125 0.1446697907324596 -0.13122200962956532 0.09853322801065306 0.3009109005794437 0.03529454988491021 0.36531472244318064 0.7596358338279481
10 327 160 -180 75 0.07725209692971474 -0.09875221302354326 -0.2030166246501947 0.8196848233955237 0.47683262761155765 0.464474189857203 0.30673362668856685
19 404 -560 60 25 -0.21919071792827033 -0.006259160046222456 0.08761855864234974 0.6861495650014419 0.06863173297066905 0.10342108195756261 0.7273070375193399
16 268 420 60 -100 -0.22424028618302827 0.2090793860840125 0.004353128393236594 0.48733235805025754 0.11162494351298091 0.4392397004150067 0.30451896003877754
19 171 440 20 -100 0.06582377116528676 0.054686131021474904 -0.1972856436542113 0.6638322398011589 0.16770201478711433 0.11950370365916119 0.8633831208660194
12 455 180 -60 -25 -0.1943102202106003 0.15590943573464783 0.2287656285793978 0.7952285822641936 0.6233319634412634 0.5399501338552873 0.7923220899078403
17 298 320 60 -50 0.02659374978032303 -0.12749181889233968 0.0006764236914846289 0.15761065706244615 0.11873440193751106 0.7252895986516984 0.9159725019466523
12 342 -520 -140 100 0.09347422658258375 -0.23063746878295038 0.15412383857168604 0.7470461391890088 0.9310695481535776 0.4840364102135919 0.45795250291300116
20 8 100 80 125 0.04557734490254067 0.167593253844799 -0.060196191855377834 0.7765723366353209 0.7506532868384828 0.7307256890879155 0.2643891514777975
20 137 300 -180 -25 0.17907497238908904 -0.1051688051793433 0.06836665472043224 0.8796569575692228 0.3355487551300189 0.03261851544154171 0.46373582267226165
12 415 -540 -40 -50 -0.10369515082769715 0.1891698575256781 0.1833640034843103 0.777696313151289 0.09989629302303737 0.22481872319241403 0.9698601005423146
12 66 340 0 -75 0.19641493344092514 -0.0991492264837982 -0.23295280447183686 0.01973042615899978 0.6573227247503377 0.5147776650899386 0.44303223415007875
10 230 -400 -140 0 0.12930935357992113 0.05737708960574606 0.21718102449821763 0.11543790279129795 0.8720170478713701 0.9791514450270615 0.7340153901229909
14 277 -420 -180 100 -0.18580558923655988 0.05760642301579472 -0.17234627906398575 0.41232285083201625 0.864387959958431 0.4837111997306708 0.5491440311764647
20 385 -60 160 50 -0.03122362588877664 0.012315150566098665 0.20276709935278098 0.3784324694242075 0.4374908335969552 0.3801449412330574 0.3196371586108626
14 162 580 140 -50 0.06601640402444081 0.16512441054698268 0.06760141996048208 0.5658953397875036 0.420524208892163 0.9150247722676821 0.6476628967758665
11 225 -240 200 0 -0.04987632881437298 -0.1983659878889375 -0.13997168618409617 0.9148605346494033 0.21124722342196722 0.6643588891730655 0.9657646832264105
19 276 180 -200 -25 -0.014267814976552329 -0.17921238207197854 -0.19781359873145493 0.7072297031519152 0.35662375874630703 0.7108071656295595 0.6906794415874298
12 290 -360 -140 0 -0.1402061479365344 -0.10324130135086962 0.24114156109560853 0.6039662099085394 0.06932738646042513 0.3998913453886681 0.9193062756831194
17 174 220 40 75 -0.24382039543543932 0.05348812307264089 0.1484523380807412 0.01102087586904077 0.5482510651667399 0.19761206320817837 0.9349329489626511
15 122 -220 -160 0 -0.0855804842048305 0.11250462332679217 -0.23221227038947 0.7801749641603848 0.9798621370701361 0.0705636223157653 0.6181119548726041
10 194 -540 120 -100 -0.0862078535760813 0.11754202503951061 0.10780013431613344 0.9426766688363728 0.4936880159581363 0.2823821755752617 0.8691057368547004
12 365 300 -160 125 0.06566698789175068 0.18397698345476443 -0.12011012798134063 0.14281667972830892 0.563622340466655 0.5863159345793282 0.4940780345415189
14 220 260 160 125 0.09321160335075646 -0.2211213237191748 -0.1595859386900178 0.22705947310496677 0.02525024976516288 0.5905220880380292 0.9260581910828425
12 100 -160 -140 25 -0.02551828149047264 0.06270636036085109 0.20379000813315878 0.9115920855258083 0.4771922840638373 0.7363522080038432 0.7199802911008619
19 327 -100 20 25 0.23999243686580096 0.15446107308316648 0.03600467426830051 0.534987511760491 0.021483636174944087 0.2921430663757042 0.8797804534824647
11 473 -480 -20 -25 -0.22550967245161313 -0.23539113689091756 -0.021562242878565785 0.9116756083401861 0.016469825583487308 0.24330671260153847 0.4376048300016844
13 411 -600 120 50 0.23413035835369678 0.22342648085032013 0.03800674911770319 0.5957436084877049 0.8613888280676761 0.27920394226791734 0.9953153979556518
17 204 60 160 -75 0.053878564855014466 -0.13802905620395056 -0.012416237566634625 0.24892569278354892 0.9070533614054741 0.2296745931813582 0.17462093626168684
20 236 140 80 -50 -0.026863253709151713 -0.06275807012674783 -0.01703523636893889 0.210756064411613 0.4289799424623164 0.6526522007329915 0.5217673041807571
13 311 560 140 100 0.12293933812838753 0.24634311168840028 -0.1391692252167721 0.9710879490590911 0.03449674161360805 0.7335379145355057 0.1519724619063767
12 311 -320 180 -25 -0.09500369094952182 0.0282258134642 -0.008749770865062456 0.21734849803113276 0.5790950650298081 0.14438996522314562 0.3932785839076033
19 295 520 200 25 -0.11706979975859527 -0.10372016449086985 0.13842332500533966 0.40513716914869313 0.03013102533763068 0.5964026826738192 0.8849605689075368
11 317 -300 -20 -75 0.017269193442165987 0.11205434907871908 0.19108133045758535 0.8122572390510767 0.61375736796838 0.5572324428515875 0.042065499945381335
17 60 -360 -80 -75 0.1335545622631289 0.14840554999248373 -0.06847408275258665 0.5294743076224459 0.9003722018459459 0.0824772527587323 0.9666776850620717
18 256 600 40 -50 -0.044152064154745374 -0.14501048529140115 -0.13293306291464574 0.9227953205575087 0.6786274543691342 0.3794822228000533 0.6174464228622879
19 11 -380 40 125 -0.10111032966904249 -0.047711960999969216 0.1158069018871184 0.01963265452246321 0.7674530670074787 0.3938048342354944 0.08592457088101069
14 125 -580 100 0 0.040849446665162326 -0.18067857302795992 0.05669915483246918 0.18417876653890108 0.41123452697268015 0.48204582525697726 0.8405698971634477
10 298 580 -200 50 0.07339306624758046 0.19707522342552047 -0.07744945403550241 0.2649268081707843 0.4236186053726946 0.5420175793004826 0.8884288060593833
11 298 -200 -120 -100 -0.2387280492348836 -0.07847057115601452 -0.15372307823429393 0.7851753203805885 0.3240966869701045 0.7087482826478649 0.05315136960369371
15 400 260 -40 125 -0.11704680105454618 -0.048256217215148 0.14192005224824922 0.004844447919146844 0.03747080225269295 0.18215717845232582 0.06201053216991126
19 297 540 -180 -75 0.013116924724369872 0.17929523058694374 -0.046480537958450974 0.9291977400725242 0.4906021779599288 0.7945657563861411 0.9862687974839893
20 369 -460 -20 25 0.1388674315698043 -0.08835396153464548 0.01088236837509371 0.8464244032726804 0.5548053158770911 0.9388520251201319 0.21080505028299856
17 29 300 20 50 0.14915127124255456 0.23284639721355777 -0.07449618245152317 0.6885222850108038 0.3041664442562583 0.6661718581166772 0.7442431023624897
14 392 -500 120 -125 -0.11358864585402234 -0.08191667914112488 0.13405209979052457 0.4635491709888956 0.6955746516308731 0.23117483598206368 0.5040505191366128
11 77 420 60 50 0.17694728462102877 0.12990694883998177 -0.2118076140356982 0.6857826125454936 0.218476295256111 0.5902858163521751 0.34800919290023136
16 136 200 -100 -25 -0.24654597584589827 0.21665886414820062 -0.07014970300184503 0.7844943718938314 0.20907051323942205 0.7585183496514375 0.43509796923011057
19 203 -440 100 0 -0.0071071405157818734 -0.08349068388545305 0.08532533384840135 0.9531150404260288 0.6480639968092963 0.3480461435430875 0.026823136200430864
19 18 420 140 -25 -0.20407473567551204 0.18876193180818474 -0.01086640272766598 0.05100465744334759 0.1584305039300402 0.4202299593005717 0.5056185141652928
14 14 260 -120 25 0.21424974833547306 -0.09331529287238582 0.17699838870023726 0.7501540493096652 0.0899672940677384 0.07764283959550644 0.516301165991366
20 291 360 160 100 -0.2406742428102684 0.01176785966459909 -0.06869559734703723 0.609078387167474 0.3989139966584534 0.7628188046498652 0.5946608806859381
15 125 580 160 125 0.024932932149276665 0.08146871318662702 -0.21938566559965056 0.25151444626321895 0.6235855778793763 0.3410299143521025 0.2715439214980394
14 135 40 -160 75 -0.0932007709694953 -0.02130322838437021 0.11905933308200245 0.1614014473268508 0.4915116919618745 0.9541438217382444 0.6232877893680518
19 403 -300 20 100 -0.13650447734035687 -0.12770925621208234 -0.02811374474688222 0.731501545221882 0.9194087946651438 0.9483690233540053 0.4744659725618421
19 267 -100 60 -100 -0.1559024621400596 -0.05399908597255426 -0.02991475861133802 0.7493523792696791 0.2739544786102468 0.11913984480847906 0.7994278674043717
13 79 -180 -200 25 -0.1989773955762575 -0.17363217929681518 0.023863570504538578 0.7551602228686219 0.7158949892394072 0.7464752796495544 0.5019722589464412
17 153 260 60 50 -0.10676326928264768 -0.12251279559965844 -0.07579848129974165 0.7356972981133295 0.05891731105441855 0.9092417158429825 0.939263649684102
20 435 80 -40 -100 -0.2460869896453851 -0.07610389784301841 -0.18273467359722007 0.07114354329797523 0.9195345607073547 0.31572652302609894 0.16357431613431694
16 161 440 80 50 0.11071767053243858 0.040322726952025045 0.014307806213832486 0.5781809439066082 0.8972306203186368 0.7117803016751666 0.9898681231783427
19 327 -200 -80 75 0.13807244180686334 0.18191662596741087 -0.2426812195674541 0.26146854868917835 0.7406203383264585 0.44283779599483597 0.6053261675632494
11 197 40 -100 -125 -0.09120778112739336 -0.021922977442732416 -0.15536790535356165 0.21952314897597924 0.4285181109519599 0.13399142508175255 0.5336424989187153
20 313 -400 -120 -100 -0.08110209267191987 -0.2375319560127186 0.21294178883046233 0.1300991514898674 0.14916071514508034 0.9339042386089659 0.30698406582389604
17 33 340 -200 -25 0.1748952617027924 0.057551969531962344 0.20642211533148463 0.37764616185574473 0.3320860339741931 0.9821473968917194 0.5137393987857871
12 283 260 -160 -125 0.10048938370395039 -0.1435990927481106 0.048574040882285174 0.768863326526513 0.5229362425755374 0.1464955518097769 0.06821211034529462
13 264 -20 -140 -100 0.23877324049605259 0.12231139143923853 -0.1203539860897036 0.38848519825717764 0.5110500576324978 0.9730509331481322 0.02541163516736189
18 222 480 -140 -75 -0.22517369295824124 0.04658554091950856 -0.018000742902480493 0.641693169989822 0.7366011139006702 0.011370241965091621 0.3347098897899192
17 252 460 200 125 -0.13914135636601827 0.08582393034723684 -0.019308885225860717 0.4119118365325246 0.126547701765664 0.30818993201772726 0.41391520718499597
16 30 460 -200 125 0.10396539562254176 -0.09960572745245222 0.24557091130875702 0.8795045024114392 0.9430670592345335 0.6506032270439679 0.17767071207426122
14 261 540 -20 0 0.12240192155906549 -0.0751721841624236 -0.13488900766476042 0.1662567004510791 0.8338718424845889 0.493749630476054 0.8141982541790312
17 274 540 -160 0 -0.14846792892116384 -0.01979573412354302 0.20458133507662202 0.7125545545411034 0.924680333874334 0.4673419717975965 0.23954838216890806
10 329 -120 180 -25 -0.24467913292469473 -0.07147170127302155 0.076019832997345 0.4609156158319164 0.3767728359083078 0.2892303196203788 0.5902508124130043
17 488 220 20 -100 -0.17142540906984588 -0.10145355943291812 0.16744680323908712 0.7482700717538838 0.5640782876080561 0.7382375011821332 0.581597897235447
20 30 280 -120 100 -0.12082727090709372 -0.18453276541066244 0.14348425075350524 0.07143861212965863 0.9260739659550868 0.0629347138219386 0.3283674343065689
20 112 560 -200 -50 0.014828701760055907 -0.09970512278290544 -0.09408830301520882 0.9774925196033576 0.29176110081844886 0.7189908705531781 0.617560187624897
14 365 400 -40 50 0.15319270485272013 -0.08707480338437623 0.0581847018605261 0.4708505688895398 0.2572401774167119 0.36833334750901636 0.5984866086608787
20 42 -200 -120 -50 -0.12757692649646174 0.05539447232955996 -0.08392756195026613 0.6268899978908813 0.708620056185541 0.8073694301103856 0.6795040429014612
19 360 -500 120 50 0.034323896830571465 0.11733399275006023 -0.20973987710508674 0.1998969366038641 0.4554652484602397 0.609996794717406 0.33884625122276735
19 475 140 40 -125 -0.20917762819569974 -0.038545995619790274 -0.23192140344780898 0.6083137655695918 0.12573164403367354 0.32019975989541727 0.7170089539620613
16 493 400 20 125 -0.22035035620994187 0.044421316210034645 -0.24418210885667246 0.10021983949549118 0.6342299481295282 0.5891448175809392 0.389227860715316
17 269 180 -20 100 0.21448237492272815 0.21838166669115322 0.22249477789800093 0.7206634301403474 0.4154087166674687 0.258485426439207 0.991618062584635
19 116 400 100 0 -0.09640786435771881 -0.07517662920622709 0.06117085561379498 0.295141440798003 0.5244278524821145 0.9353467113966684 0.31815867014032717
18 76 -60 200 -25 0.15480358997296056 -0.06559393056067969 -0.1759726647984577 0.5425638661983178 0.3014887517546748 0.8070127914953117 0.8368681722744373
