0.5 560
19 371 200 -100 -125 -0.07297739895204503 0.06441114594113251 -0.0782780276378065 0.21324684826242102 0.3545804848108587 0.9801188816480408 0.3133717429929017
10 373 -260 -100 50 -0.05722896976057429 -0.2067034744032632 0.16095292259939453 0.684498089529188 0.4687364524606493 0.8740343585696542 0.6144187947073789
16 276 40 180 25 -0.028392572306822184 -0.14820455062776022 0.039379899133381524 0.9799097963470524 0.9478313358847701 0.17255335081147216 0.30786341547858187
16 150 -120 100 25 0.12336848201700162 -0.1028266850997081 -0.10095694695940383 0.9723468679747918 0.8850280416677254 0.7710383818794233 0.13536833587346153
14 131 -260 -20 50 -0.029441854360352793 -0.12435652969634148 -0.24660229330808825 0.7119762895890392 0.31899785091965827 0.8783072542534599 0.8045273452209336
20 24 -400 -120 -75 -0.12976248741433866 -0.02692022919544096 -0.01637244900207352 0.7464455002834012 0.5440460486967664 0.13972693369779565 0.7600513873003655
10 212 -580 -100 100 -0.2080923753312452 -0.20304827630802957 0.2419494464999002 0.3303635107823216 0.6671636683338212 0.5338987594110697 0.4187798180933239
16 453 20 -140 0 -0.021695175861546068 -0.15415171745262463 -0.08768443399512593 0.4479526439249989 0.12580717089466842 0.854267741480362 0.5629579553651077
11 440 440 -160 -125 0.07870422908430441 -0.09260480171752322 0.05700129551373273 0.3967263364168453 0.8939775527564924 0.7368515150727161 0.20197977262472655
18 184 -220 200 0 0.00672621840119747 0.008180857355940485 0.026690477060676954 0.5940487324978754 0.9801338888948613 0.06720083802599042 0.9196084631722142
15 378 20 100 -75 -0.06004365537698325 -0.0632672727303647 -0.16143908537371265 0.5497125966817796 0.4058262490724548 0.5592822089326845 0.1636501532062128
12 133 -100 -140 25 0.054914130039539544 -0.1256324909402603 0.20599193519599018 0.7387328380805694 0.8023265786097651 0.32697583823736487 0.3571567114841111
13 7 140 120 -75 -0.049727383075939935 0.14430694282170886 0.03974298142292165 0.5126040436042943 0.6678008702626103 0.022202860964362747 0.29519193744950323
10 481 80 -200 -75 0.039518767401491406 -0.20732644448225662 -0.16406190853169633 0.9511663149081786 0.40284587911875 0.7742984692134584 0.04223221221140838
11 213 -40 -20 100 -0.11777471954140645 -0.046307177899701735 -0.17236261956983978 0.7162444189009114 0.32575438177414884 0.16348766681873572 0.4473938367422402
14 256 340 40 -25 0.19227873247970112 -0.21084237119498428 -0.10646820451172956 0.896570908455953 0.8746645859626087 0.06727108996873121 0.15230847816702686
13 466 -20 40 125 0.015019451435448583 0.13570126811533179 0.20080724392328114 0.6679549658126113 0.09220902657172447 0.3135202939670365 0.8305078050017201
14 285 440 -80 -25 -0.23880905496577348 0.20239671559465938 0.02865144284845972 0.07217288511657016 0.44471615297698397 0.36771464178872837 0.44857660630365404
11 299 -400 20 0 0.140275739185015 0.04647785660035203 0.13660489145310684 0.5862935278324604 0.38981315767065916 0.532027596642511 0.07202298492261494
13 305 560 200 100 -0.22720117119695382 -0.07712340350199504 -0.0640145294772807 0.28226437389468495 0.17931818952637124 0.8477433053537993 0.9532316538362865
10 183 -300 160 -75 0.12523822775357413 0.032397848839902266 0.1485677250802936 0.5694824000097403 0.8734069928547411 0.7624752864697854 0.5614538285115519
19 336 -20 -40 25 -0.20527209485121406 0.2412314961692889 -0.02314671185129441 0.5554723019599421 0.11861988497555664 0.4057620131815771 0.8877958564306977
12 83 -380 -180 100 0.13640148446657835 0.18884830286577353 0.24839142352333604 0.17952698291989067 0.920330540516316 0.187543859891945 0.11592542491816371
10 407 20 -120 100 -0.12034198730785506 0.1954268221449843 0.08012227574145064 0.1418527776423717 0.9953233305230546 0.01485081374709285 0.20825849440409405
17 297 -280 -100 -100 0.12788360471440186 0.0640410453038337 0.12217225369296542 0.5595317409446806 0.8692702540076169 0.572446580410051 0.2685658862874005
20 248 120 120 0 -0.09776984422021312 -0.10792574121361315 -0.2233629446280604 0.6768684066415773 0.6681962565525872 0.5045683498952547 0.18123016719668283
20 168 420 -140 -25 -0.16540205112096656 -0.21403002940568883 0.18948435877278696 0.6764793017406262 0.43523147569110643 0.31108987766406515 0.5954960986038654
11 450 320 -40 0 0.24980633290760745 0.11415659467917105 0.1321131392697319 0.550109671920998 0.01642258103080907 0.0500835960427255 0.7375223061502981
10 238 580 -160 100 0.24622234234115786 0.20636784292416654 0.1295528924194621 0.1288476008848609 0.8272580693325692 0.745102279629991 0.14083175281971838
17 211 -100 -120 50 -0.21262366669061494 0.012625756303317748 -0.04926926163697826 0.06991910051110661 0.6058806513316949 0.7930348778219536 0.7249963553242018
15 333 260 160 0 0.22007720642532658 -0.2158714054144718 0.08094278455092091 0.44730276473954456 0.3059338654814657 0.4305534485131609 0.6246249618066531
15 123 560 0 -100 0.15896244006854005 0.20026375252727618 -0.1190953001921865 0.5651737054986862 0.34623238545856405 0.26205018118173506 0.4386026614600895
11 152 80 -120 -125 0.12399299712612427 0.20661492640596868 0.2414781942210611 0.7923124996724938 0.27213995220604403 0.03483586254223847 0.7293678926644181
13 172 -280 -160 0 0.21671555803102205 -0.08571323604770553 0.10043362146375329 0.3967831066357538 0.9553855219533253 0.26518368465218944 0.4828409244976867
11 168 -600 -20 -50 0.18717486438452835 0.07891125814820044 -0.15693135955951676 0.896237231052004 0.16350026652549154 0.261681106590814 0.7210780117374409
18 490 360 0 50 -0.19761711067772436 -0.15363594434589933 0.2065239491437148 0.1735145585547827 0.1474710334488778 0.9760236963893264 0.23335726203442186
12 315 540 -40 -50 0.21594053379237732 0.2462844172724445 -0.14082881272892545 0.8622258495352265 0.4079538627573027 0.5033740078090413 0.08436606109352929
17 319 -320 -40 0 -0.18096269700864576 0.0005126642024173567 0.037873818340596554 0.10513716494088554 0.6160721737632451 0.27489430298956374 0.6855350782282029
13 10 120 160 75 -0.05281177134817916 -0.21449283295765253 -0.2362513083188858 0.6545009715044439 0.5306235371952829 0.6922625770797999 0.07405961015526552
17 447 -560 200 -125 0.06355455412766614 0.1846465207334652 -0.07461502756549993 0.9988155025878032 0.40732641573024464 0.5718415415163883 0.13557700423430963
15 181 420 200 -25 0.03257204753243037 -0.0029149346865388615 0.15360882554624194 0.18796434752691693 0.05331454712399142 0.7420556029598416 0.21984678415118797
10 323 -60 40 -25 0.04353031669253604 0.013796951098222321 -0.017321306443673468 0.6856779218756544 0.9558690028408985 0.37079422703283604 0.9972938277361714
11 181 -280 160 -25 -0.12015428164516395 -0.06019127763852655 0.10486257576281 0.48286225257037796 0.5984029375984377 0.21500479173773934 0.8508245495123623
20 393 360 -80 -125 0.23335280060478547 -0.029129992424080098 -0.16255943407201384 0.8748317447602691 0.2652508364326559 0.15437975283755545 0.1669061152112712
12 404 -300 -40 100 0.12278164270470698 -0.06726673245136261 0.12559822358133438 0.19544046558222783 0.47742905617692744 0.3392903503762601 0.6694405543988178
16 186 420 160 -100 -0.23162271618803393 -0.07248330660337127 -0.07747741513964301 0.22972858107553085 0.7371931080917224 0.19708104075921962 0.8276751835198205
11 71 160 0 -50 0.1450625182362928 0.22745256740573988 0.2372523174775505 0.2675194359866939 0.6604089305531285 0.42602996915398117 0.8172069837335192
18 399 -300 140 -75 0.18418465097294862 -0.11944301186332851 0.017157562195108778 0.7856015743525046 0.3282589111136379 0.582517232002192 0.4783755308261175
12 111 -580 -20 125 -0.22375794804165683 0.17017971486858763 -0.24508271838423312 0.5087997180451355 0.03962173793418333 0.691642983676827 0.5976507148420953
18 287 320 -180 100 -0.17076615316033728 0.16894229371739378 0.14375555318416672 0.8813159087211194 0.42434911769917527 0.44004897819254307 0.37733935828273113
14 96 -600 100 125 -0.08092777747714963 -0.19723420394016267 -0.07518362096908632 0.9767492664752724 0.3738979009683362 0.7890027898620802 0.7087227848076582
19 494 260 160 -50 0.22547312197913966 0.1125753309061957 0.21328070831907892 0.9394940407068311 0.9690574336704116 0.8800301049807148 0.4750724412730275
19 334 320 140 -75 0.22828759296871043 -0.0016914212719000288 0.14535447967911952 0.488628450672387 0.7620737502019319 0.17307962328673077 0.9995493315509771
17 294 560 180 125 0.11898188789082614 0.17350888670763592 0.2001557522235065 0.2798528971213733 0.8561849885206987 0.11097419660013763 0.36002645607790673
13 249 140 120 -50 -0.09169150622988187 -0.17406530159945055 0.028803091289196447 0.34172317390325047 0.05182116576364604 0.8941668202653573 0.6195536296332949
11 348 -540 -20 0 0.19661840016090049 0.18527348569360413 0.1377921721658837 0.823821211010246 0.7837392401818967 0.8103334240200797 0.3863146924836821
14 440 80 200 -75 0.154974097466191 0.23384155159622472 0.17642382189068684 0.6697442706809641 0.6527375292327812 0.9908342527588354 0.8439213292041667
14 370 -160 -200 25 0.03218150486456739 -0.03859872737834297 0.09678923892670888 0.41330262785101 0.6042773856248618 0.680465712188104 0.9790927276930493
13 210 540 40 -125 0.09118517615559973 -0.148591291999768 -0.10479018146067481 0.38592590674192573 0.6283704825978965 0.7777260671675437 0.36143395833503555
17 492 560 140 -75 -0.07687128898497186 0.02407760125648095 0.14652394618214998 0.7957096515317215 0.9380370958114823 0.6852976872579749 0.5745961747648098
12 399 220 -100 125 -0.12923524970216016 0.21581884190942324 -0.19700355933247815 0.729802731050393 0.06299031064888572 0.8460220441253083 0.5891722957420925
13 387 460 -160 50 -0.17798678887419778 0.07715699060085046 0.1460072904425923 0.7963031997653265 0.7912463202392717 0.653584193067642 0.9496356047568068
12 210 -240 -160 100 0.12108996286325607 0.15896511648541284 -0.08695378166188678 0.9463602725798685 0.02593708219537494 0.32163477350549885 0.11921767203793199
13 115 -580 140 75 -0.05845176042218153 -0.1323520964799424 0.2384030885719574 0.4595286683228096 0.1433457980618441 0.9745463822480849 0.5926656712576607
10 408 -100 -80 75 0.06095591386456506 -0.16270200562845405 -0.22702190196664174 0.6949944012961158 0.2618616961428467 0.4153278971070893 0.24209732987224208
20 288 -400 -60 -75 0.08168455127238794 -0.08726043891943952 -0.23646163674564175 0.5922067929937 0.22266955100442742 0.4301802102852583 0.5901177011461196
15 161 -460 -200 100 0.1373926715799364 -0.1823598561748701 -0.24294717413577915 0.7075596058319982 0.07155991789553795 0.629667720600035 0.04840963093966677
15 498 580 200 25 0.04202895843751958 -0.19936122825383895 0.24453883142571498 0.13828871131691833 0.863110552382003 0.8693297501324723 0.022057749462090825
15 240 320 -180 0 0.13489923376161872 -0.10134880387464962 0.22178235108406097 0.5655181481496729 0.13248880069054236 0.5335466967428004 0.5112265988443486
20 234 -440 60 -75 -0.03664957120992307 -0.06547060986487385 0.09332298492876251 0.35522155148234136 0.4124616894146649 0.5999734171649518 0.6359421250588857
15 181 80 100 125 -0.013466281736792318 -0.10017844256133585 -0.06229250243787532 0.7237262080508853 0.627630533779521 0.0055045920388669956 0.08154189471602169
14 191 520 -120 -75 -0.23931863416513982 -0.013746892063529415 -0.19208856458305518 0.49900187631577386 0.544592863599507 0.9823224567103563 0.6501992092793862
18 387 100 60 -75 0.24122380404239985 0.09497291163477245 0.19458925338104904 0.11840617531217834 0.8304352855730233 0.30972301308435835 0.5164752987960707
15 191 -320 -60 -25 0.1586552550453803 -0.23011809254794863 -0.23232504072204047 0.8959921875951412 0.9522422536543196 0.3075729084223624 0.4963445189408543
14 425 320 -100 -50 0.009103943304637097 -0.010647164452543212 0.22045130860444007 0.884505659083947 0.6084285196738748 0.19715736026697783 0.3523461617135857
11 5 -20 40 100 0.21376358543864515 -0.06847751902449156 0.10512548818131723 0.49971487539918513 0.8917324961560669 0.29600580441252144 0.7710904100764631
15 496 -460 -60 25 -0.1923693543916975 -0.15007947976915065 0.0320833577919975 0.8601211416875426 0.018329023640815345 0.6706397508910636 0.7763217111488636
10 403 -20 140 100 -0.06953780667580295 -0.19977926466252693 0.17150009584964693 0.5150195022914975 0.4380264266285021 0.35190405388973156 0.33115495606741163
10 55 -560 -180 -25 0.04748385050961734 -0.10025880888199018 0.15822064222244103 0.9440180726980572 0.8758405707026059 0.6074883910899552 0.819919893430908
12 20 360 -100 50 -0.055836858981932136 -0.0003123791393864206 0.021495743055856165 0.4556892714342464 0.5980622195887763 0.5362335352866363 0.8565987811562169
20 26 320 100 75 -0.044266429675792085 0.16652829490216392 0.15643951590141264 0.45430815233362987 0.7404530922868927 0.16359492737311576 0.026836411078486333
10 261 40 100 0 0.0034768851789409028 -0.11229573180492991 0.019556134116147206 0.6429292172726685 0.7847862165256845 0.3821108365353194 0.609880247941886
13 241 500 -160 75 0.11769518161615822 0.16961763245354128 -0.014294126549438957 0.9352968299979115 0.5032890670039567 0.04772799631125524 0.9671929172593764
11 426 560 120 100 -0.04730908465289224 0.2459956735578231 -0.16551398321185185 0.28008509889351785 0.41316703627086115 0.6049637132020456 0.9058506223634363
13 455 560 -200 -75 0.06965664815979561 0.13948446145226 0.0006511811199523265 0.001148769350366674 0.19634302928299896 0.16556772266876663 0.7226555920063279
17 82 420 -60 0 0.043858732142599555 0.20849535589746893 -0.21125613187073733 0.6314243424267044 0.27829328491005934 0.7139811669312915 0.2526864719382016
16 380 600 60 -25 -0.1168471213852057 -0.16897164608575865 -0.22709279295675355 0.36041591240876814 0.26467594302172215 0.29342970334809115 0.982539726537079
14 375 360 -100 -125 0.20139168133344926 -0.027474155195950867 -0.15490715827764479 0.46955857572348403 0.3214451573601723 0.6159269460630923 0.7862020366060585
11 497 -540 -140 -50 -0.0006364040482881306 -0.0043037568562262485 -0.18630730827715036 0.9364022381539371 0.30758625993281774 0.9968398287053363 0.7905915840485402
12 394 340 0 50 -0.18415502954089596 0.10392384536575677 0.07884624431010129 0.00011500654060780935 0.7312087081002888 0.8930413120660158 0.013127877002158894
14 214 -520 200 -100 0.06145720296066942 -0.13235561856587313 -0.13889178889230025 0.9679317037483456 0.35310568717373236 0.1979065304526879 0.13420320053397694
17 56 420 40 75 -0.21094479962895707 0.15114437022179988 -0.025192546263828552 0.7756344563066865 0.23966529811203452 0.7554132283039797 0.1500226430703684
17 132 -580 -100 -50 0.1865117880692722 0.24523468704491885 0.22929418856195194 0.6246200294317609 0.7540025349504617 0.45711497588778505 0.422722604191643
17 59 560 100 -25 -0.07307503288897166 -0.11923850145686665 0.14680533010703462 0.28830346038633226 0.8470238974929967 0.8122342509736752 0.7404000039176301
19 357 40 80 -25 0.18267122048180112 -0.07622476762727387 0.1791895840674927 0.7500575714213805 0.21657389975855634 0.20094793495788243 0.9548014122758117
13 75 -320 -200 0 0.12669094073967063 0.22049813965909892 0.022265615436395603 0.3076432216770286 0.966648068772722 0.4582382519667074 0.6466758557402742
12 489 460 -120 -50 -0.046976377169504646 0.2006617040911931 -0.12881874277773736 0.555820685923218 0.36682381320748203 0.131973695596603 0.7540158821557124
15 25 -360 60 -125 -0.16143382277377866 -0.009142356861458645 -0.01024638454989929 0.9156362294755918 0.2762687605459965 0.37764361561626525 0.8396963637138551
16 69 140 -120 -125 0.20090436869612044 0.10294270694433255 -0.10089974074182473 0.05904816272811109 0.026427173726837894 0.9643583392089004 0.5735892366569408
17 88 320 60 100 0.19691042596690733 -0.08366919890977459 0.17578323306668248 0.43313894493871297 0.3816853823160693 0.9756790561332527 0.7026475585195582
19 142 -600 160 -125 0.11897860413975969 -0.02392095590245885 0.19627894403230012 0.9520286540994278 0.8517771379942711 0.5364221844651399 0.3395007712163377
19 434 -500 -40 125 0.22778301140918128 -0.20908203827313648 -0.23458828088626665 0.1982991324375697 0.6241570376878326 0.5562742420265552 0.8165776084413141
10 249 -100 -60 -100 0.11154485723071794 -0.132478442089209 -0.24351066196733862 0.19000596403726233 0.34510615190806904 0.5080889949571392 0.3822544274853923
18 206 280 60 -125 -0.15337919094427893 0.19059714038545306 -0.07355476878456602 0.9704107382538182 0.21507927052230036 0.9472793992193879 0.15209375677434311
20 194 240 80 -125 0.08610758397397272 -0.22861271028115182 0.09388369228682764 0.7997895472187281 0.721392619565519 0.3661648741729956 0.7417111174265335
18 343 520 60 125 0.21910923257977777 -0.09866830337595739 -0.23522479528224743 0.0407088381073204 0.944760884634967 0.6657116928689113 0.767369139341833
16 64 -20 180 -125 -0.11707800431527854 -0.2080934551765264 0.1789844059372565 0.44300665224732405 0.1684965615106595 0.34617090836129605 0.5743800237287158
13 305 -180 140 -75 0.1576107112434742 0.08762282629571189 0.05722046636496825 0.5352092173279918 0.5493081878896965 0.986627238410326 0.8179993421017556
15 58 520 40 -50 -0.09905583221663083 0.11264151476980172 -0.02340277132230023 0.528014903115505 0.3319587615477845 0.8683212199322737 0.7752665456143868
19 11 -120 140 0 0.20874120257381729 -0.05247552450428433 0.08750912349904405 0.653808643411094 0.28120504395575263 0.00931199210036826 0.5433567527053729
13 475 80 160 -100 -0.15689801296196493 0.2060692442058631 0.23971201408127418 0.09020225963378614 0.17310833259755032 0.8674051397837712 0.7219965699996873
16 241 280 40 -25 -0.17893558833511586 0.06375560708636058 0.05703815313158572 0.6155665920770658 0.3223498562064875 0.48661903775620063 0.28356372003260677
12 193 -40 80 75 -0.0184687647493888 -0.09531740989488646 -0.10498005972483349 0.27876552942079613 0.6475130093384053 0.5143445618986147 0.22383581443149547
20 169 -580 -120 100 -0.14000257268524557 -0.21676884381147887 -0.045502692945880996 0.5611340297056941 0.5643748272636678 0.16496805702107076 0.8464925775228691
13 204 -200 20 25 -0.2449149724642526 -0.20830307918552327 0.10991094902643667 0.7671850227700002 0.7969247895711168 0.8703938000140307 0.8076508486666467
19 280 -240 60 25 0.09143197005487125 -0.1573035822308108 0.06117288367228796 0.8457180470504434 0.1030127199605656 0.30838682671389483 0.6697417093579519
12 9 240 -200 -50 -0.17497676272913754 -0.040296266124006885 0.0032307409267562925 0.7873144623243441 0.6938706038804233 0.471675907991265 0.9730449279255144
17 295 -520 100 -50 -0.20029345637551066 0.06122405722349361 -0.07283932535697862 0.6781926047128773 0.7359435330412089 0.2653074069516306 0.7029694333588765
19 158 300 40 -50 -0.027752698988558755 0.034893055999009825 -0.12634642365758642 0.22312023697673 0.7313390928536773 0.05292595082747742 0.7483350442418122
11 333 -160 140 -25 0.2243286701677657 0.09937786476189209 0.22412337779747582 0.5815471555923009 0.4762119973825274 0.7105599937257896 0.8413758089289577
15 197 -360 120 -25 -0.08774121959195091 -0.24732756942658207 -0.04459285885344588 0.44928703204382214 0.7282545981573858 0.9856500142047337 0.714084250727894
17 184 160 140 125 -0.12947396833507518 -0.09599571977927851 0.032756897232398385 0.27054713299467537 0.9428068899149539 0.6233613471801467 0.46569305051532794
16 102 -40 180 75 0.2359543842904363 0.22228997864603656 -0.014354347970284675 0.16045212805801556 0.7789144530432963 0.5621224372653687 0.9181115915667033
19 328 400 0 50 -0.026037284528136362 0.2277655525716532 0.04185144314450234 0.055051511066027015 0.9376279515306937 0.9219584139468886 0.26367559989214995
12 186 440 40 75 0.17735939570260945 0.12460687200305776 -0.05147438921055236 0.11386438925987985 0.27983749139677006 0.23892321602061495 0.585170439859551
18 359 580 40 -75 -0.22630113312911282 -0.08760727109134953 -0.12787259608040713 0.06266334308480692 0.42134524945461127 0.15498120609084165 0.5772140892760279
15 352 -240 100 -25 -0.0042595733458709595 -0.22200059267871913 0.060034301194094974 0.981437972268814 0.44518365597945164 0.8470013015254342 0.9186852478178437
12 463 380 160 50 0.14763534665413708 0.015549758520682244 -0.12465975311447358 0.5455226994128319 0.022366389643682094 0.8151007691127315 0.4554726697570287
11 360 -300 -80 -50 0.003590684442843939 -0.13332681060305823 0.028588863138539533 0.863183600734035 0.35385480272846626 0.11398482047614567 0.49268175370013156
15 210 -80 -40 100 0.014375955747547409 0.020204355201048685 0.23576004024030367 0.6849915888879018 0.41632770082389814 0.9299868143693902 0.36976642648354385
19 244 140 40 100 -0.019279347365015298 -0.04578620332499622 -0.0688302704355645 0.543519714444192 0.053606080791704924 0.9687549362393287 0.47509112380449237
11 33 280 -40 -75 -0.0019506572787178489 0.19883854484549573 0.1631781835714748 0.7721736165964455 0.03185316798713678 0.12563530670905831 0.17545640786907968
19 349 -540 180 -75 0.15059140134757604 -0.17767044042424374 -0.0013035570364587357 0.07560477720046488 0.5519595233500444 0.23527260766776747 0.2960680170773001
14 195 540 -80 50 -0.16069745371505983 -0.011584595582565638 -0.18826686317875085 0.09700607245235282 0.6166764128968483 0.1292543869431506 0.08613434359813099
18 471 -20 0 75 -0.19530335877922078 -0.04008881719155799 0.24844454184062958 0.7633278511629332 0.12631197510345216 0.4106530687272646 0.6637859854687563
13 79 420 60 -100 0.12474220078016202 -0.11522349827898104 -0.00141440929482739 0.9566733024246842 0.46104163284789434 0.9359843479907595 0.202780948849134
20 214 560 -80 -50 -0.10302505700754672 -0.24185807511379864 -0.0885898258446568 0.01097044596614627 0.33850262284674804 0.26860665242978066 0.9191998598041624
10 178 580 -100 75 -0.04051539483667693 0.04853234277012625 -0.08126549551761586 0.48584170651586667 0.7617014692724923 0.17383188365065594 0.8907920779327879
11 24 -120 160 -100 -0.019763020082240568 -0.17470349163700566 0.19373625006518813 0.3382250357048686 0.9959333586053054 0.7476836533618133 0.8837194111670584
19 284 -280 -160 -75 -0.1030594417389743 0.23083214864424917 0.12504970261576415 0.3680530292693962 0.3372468300637296 0.30709159492316984 0.9874009894322112
13 139 -600 -60 50 0.2154471061523529 -0.1297005993452383 0.16045745570758146 0.5639012487605711 0.9687279527816582 0.977978116257159 0.30675769164059274
18 222 -20 -200 -125 0.10846787208513742 0.01010511960163274 -0.1337723727711822 0.6054732387860687 0.8862578873285184 0.018672106134600686 0.8372408043906343
18 305 -120 -180 -100 0.045320916290209456 0.17697795675182282 -0.040069327189560244 0.9771717798312004 0.7942606762612786 0.6580093620680986 0.44137026010269176
17 2 140 40 -100 -0.23296536704079973 -0.17703551810027746 -0.05509832710466711 0.6843269744642578 0.1443163120936587 0.6143795377408173 0.6835389013019083
16 252 -580 80 25 0.22388193535697803 0.14866158550126007 0.15334818931512034 0.04023827356644838 0.1925610121303487 0.05614521697800068 0.8171864285879229
12 81 20 -160 50 0.022961872949000373 0.15575034257042503 -0.08244055104812731 0.6400850847989272 0.2806025021788212 0.8162582981860478 0.24848758229515533
12 492 440 -100 -75 0.05754850108325282 0.23733628925034722 0.17703010194491126 0.8054107525159545 0.7407213989722122 0.8153971429105163 0.9247380306190167
12 165 600 -200 125 0.17941140849641252 -0.01599086320705051 0.19300301007334447 0.5709447820108341 0.5072729187215348 0.8627258804166871 0.023563928251188027
13 443 -440 200 -100 0.06425988034280927 0.2042804378498096 -0.08741151859816826 0.5277435933202499 0.6651579619614633 0.5803592541477598 0.2197783114599271
19 194 320 -40 75 0.21674432836380636 0.13229091347828814 0.09009861251909251 0.5750049562826411 0.9046285571158962 0.30660041172262453 0.19599291643304362
18 130 -360 60 75 0.014388605126002818 0.1623975855389449 0.1901840195526841 0.1914486058870366 0.49048821612013227 0.5414209942701091 0.10315056836465764
10 94 -160 100 25 -0.07048275044573477 -0.11364019872997827 0.04870533237700675 0.47789878532945396 0.19195254060625888 0.1983510986402166 0.601737030389974
17 294 540 180 25 0.21873338432107597 -0.20527676106388543 -0.05944349161590451 0.9987652922694692 0.7901201412714859 0.5510194941848867 0.08434775559807461
14 26 60 -200 50 -0.036455161862258445 -0.044942541357208876 -0.11783720506550494 0.48296473548287344 0.3352673038302444 0.6533270531429338 0.306720549117363
18 148 -120 180 -50 0.1967575148208935 -0.12449454495501877 0.13790987877083294 0.6399884359429056 0.02771055712585846 0.22736804986175652 0.666640659413915
14 324 -380 60 75 -0.22215817337678356 0.0006397075767468619 0.14863194111392009 0.8108905151636424 0.5280180291296591 0.5716530517107467 0.21276192720409348
16 382 -360 200 -50 -0.03686409739136459 -0.0766434201338474 -0.17818241115357625 0.28351127862029546 0.29307034955984745 0.6867915613523743 0.7981018035175891
17 259 -440 180 125 -0.06441630033432377 0.04737757308679885 0.1837694929553479 0.5465627700353052 0.6967346545277359 0.42268785478116666 0.42455930179031576
16 433 200 100 75 -0.07140198089573269 0.17305745150884944 0.1622356857932019 0.08964509531310161 0.0054221043629296695 0.634832874040155 0.2910726100927846
15 195 -420 160 100 0.1349932480279179 0.026220977247820965 -0.005570835217960313 0.45516499808614175 0.5807834526788984 0.21216661167827422 0.16036106049594478
19 230 -280 -100 -50 -0.20576476648987752 0.20870603383794922 0.14441292107952358 0.9141533782857948 0.8789685169903761 0.7679964188381138 0.05858731263494621
14 234 -20 40 -25 -0.09252976934206414 -0.1291789858767417 0.13403720546754416 0.7623351749317155 0.05011839893640502 0.26694513680391097 0.8285396348695497
10 92 -280 80 -75 -0.10760079478896234 0.04380763294849083 0.1752179943973527 0.4243201452425216 0.1950227192415276 0.8768119964165692 0.5139391926196798
16 415 -500 -140 75 0.014137419410640728 -0.22659863329927654 -0.1833308895143626 0.9303268800440897 0.6053572169087184 0.48583632922086994 0.7151664585583908
17 395 460 -140 25 0.07806157899619748 0.06359137296069528 -0.07309553420411813 0.26737991947631856 0.1477433497689662 0.5134827895716674 0.7974389115264847
10 180 100 20 -125 -0.07645426502142089 -0.14251403389406914 -0.03293131607651967 0.8013316045845199 0.30694869885407783 0.3779513530559797 0.2631440464336334
18 158 -240 80 125 -0.14248990427678265 0.22946505907027853 -0.06630711106673354 0.9807156704004493 0.8338435400183408 0.052904164622447514 0.8688703298791078
10 148 180 160 25 0.01940031628011163 0.07745947812580978 -0.2265109877732232 0.5750698118722696 0.9411619572959099 0.9603361708542905 0.9324063138511803
15 97 240 120 75 -0.22795409134726086 -0.07073180781503391 0.17594175352383595 0.49928125667957357 0.29421723939363953 0.23383524186586657 0.48414463920825823
19 170 -140 -140 0 0.0991784177657084 0.16677712957807805 0.09317369001379411 0.6912722104837902 0.0338725142389501 0.5981313048790978 0.8841058011128837
15 197 120 120 -25 -0.13097123038965397 -0.20908224138817222 0.15408702328846524 0.10028292901939984 0.13072990752873292 0.4065394325991486 0.700796982320073
15 128 560 100 -100 -0.2117045179505041 0.1881291551137993 -0.21268049760383578 0.47974961764346213 0.9095567785865533 0.7917616971802093 0.8237017801482012
19 294 240 -100 -25 -0.15402685063153987 0.11263050037079331 0.005592729519411033 0.4499427441920967 0.10598804493004088 0.2534796269436994 0.6748453747991838
14 178 -140 -180 25 0.008540635101815353 -0.17274012424795576 0.18926380114456798 0.7206400549556699 0.8148853309928609 0.826402779924148 0.2766112978641775
13 234 160 -40 -100 -0.007106749317767669 0.00703626487680703 -0.030576941239919053 0.2541627441345313 0.47441339253452885 0.577162490293271 0.9323812334502508
16 52 80 0 125 -0.24233441277214884 0.23957170928326077 -0.1936681900248542 0.030313719027081798 0.0737286703896941 0.11420798359133011 0.8694395557795714
17 40 140 -200 -125 -0.1500236014388331 0.22258034268180227 0.14514328372694146 0.6407321809098062 0.2426415065243983 0.7067857183935852 0.7866462023206484
14 6 -540 20 50 0.21521356600631825 -0.23409661278857546 -0.04523563636187389 0.418519364159589 0.797077747168268 0.30244421388117226 0.09930180635753583
17 103 -80 -80 125 -0.048469882671234366 -0.018019986535626364 -0.2122105889261784 0.6880739892804479 0.7794327052987298 0.29784184036083616 0.9698049343351287
15 245 -280 140 -75 0.12869934834819008 -0.1591030160902791 -0.1668894656177234 0.7235750186520584 0.46375120951953175 0.8271286077786464 0.4784078783050987
15 312 20 -160 -100 -0.16908367665173724 0.08908913609204139 0.08762928609212722 0.6762559012115856 0.8828131069009024 0.9172658364933501 0.12983418548034964
16 222 140 200 0 -0.06625882687524959 -0.1191047404986686 -0.22002835750000727 0.3676090623175938 0.07751170595043533 0.8540234022864246 0.824234801757881
18 303 500 140 25 -0.036978536060850054 -0.09459134243601108 0.03306238079781848 0.6862122315775936 0.7588463198767738 0.5969144792560146 0.21700449557581902
11 337 180 -180 -75 -0.022677988978841657 -0.032545419158833355 -0.05164318256625294 0.590465664242971 0.6217797759548179 0.17698713868545635 0.13016134832010395
11 128 100 160 125 0.12531556596277332 -0.048305578857309794 0.0869960099572048 0.9757031210174782 0.1432663336658695 0.09728812479845883 0.622662852460173
20 156 -120 -120 125 -0.17094546890196577 0.2039912556052461 -0.1406785839255334 0.40057935450890225 0.20227116255576794 0.11045125215122897 0.3623958619602673
11 78 560 60 50 -0.23759643160352534 -0.17539071303471693 0.20387480963855098 0.6543751898690329 0.005640284174744048 0.27334124750245514 0.9845111449239211
16 211 -360 160 75 0.04243017715774733 0.20961922588365045 -0.024729793903152775 0.6448686452880383 0.347600616835541 0.3981545095159337 0.9666209956699551
12 239 340 60 -125 0.05194652040862657 -0.2052671359807658 0.06953466087766824 0.6650904174547774 0.4765761864928829 0.8726834016521512 0.17408161326454497
16 197 -60 -80 -25 0.005223163383311857 0.22653018845555928 0.04291709815053907 0.2901404440662303 0.1681066616668505 0.03862758499568919 0.1959217592028375
17 202 -180 120 50 -0.08354266398356341 0.0635992146602608 0.18434281421441673 0.7476137145285597 0.6379617733654004 0.003908594036687418 0.3435972848074862
19 74 -120 60 125 -0.2439560077763846 -0.12231675045530754 0.10002115204466294 0.46789749726524243 0.09807011337855276 0.6147293329604159 0.9255409572192685
13 176 -200 40 75 -0.09592322417217353 -0.24355149339072918 -0.04384964701908434 0.6283395793254861 0.4699100711237597 0.2183193013327831 0.07865920242719826
20 353 0 20 125 -0.14061780734441554 -0.02136856317534941 0.04362283504475145 0.29015504478466525 0.45210168337064716 0.35924161518193964 0.8137047298601842
18 231 120 -20 25 0.08079900587454258 -0.22271618362777335 -0.05347436273262851 0.9579489766296997 0.0993818128398648 0.06659793298453132 0.6160280616873441
10 230 420 -100 -25 -0.07659842394282868 0.05726732739344392 0.04319998846694961 0.204598440698331 0.09045836112776362 0.8776278917050903 0.5092744854765864
15 389 -300 0 -25 0.16321440268970172 0.007855320260797827 -0.21339329794267659 0.5357221182151576 0.04169388706345156 0.09000549631524113 0.8105477864894354
16 381 -140 -40 75 -0.13787412182498815 -0.05221675904839779 0.06681823188405289 0.24061922548712 0.3436103947234086 0.26192043485552985 0.6142782365781713
12 104 -340 40 125 0.017340939576403758 -0.21976448553976313 0.16166420175863377 0.2922024378168693 0.36283460750645546 0.621455771352441 0.44433912207567405
16 151 540 0 125 -0.21244009572444844 0.24756432379306692 -0.0993284364330938 0.2625486462400064 0.49063854961354747 0.02070594446508367 0.42393559118973556
20 293 -340 -180 100 -0.0775060888490326 0.03054608567381173 -0.20359095605128608 0.4878458539119037 0.26041454344886394 0.13260663818940044 0.0299254131546578
13 189 80 -180 -75 0.08872426004091044 -0.22464886618169527 0.16826939655584155 0.45993494274421654 0.7188565085705685 0.6548666179844282 0.5748116148483908
16 127 440 100 75 -0.054388253135061015 0.09565059647633195 0.12266913955835779 0.3970266410730642 0.9960403093619385 0.31417202426376956 0.7475939017667539
17 111 140 -20 0 0.09393162019878748 0.20325245326891278 -0.008711576053750392 0.8221813658483732 0.7777120283626996 0.8167569146672481 0.9656862167258949
15 123 380 20 -75 0.12834391669587908 -0.23400004826512077 -0.05628658735183678 0.6677217873566661 0.5141800415026229 0.6349447320479831 0.8088608380814334
15 124 -160 -20 0 0.16497038384178397 -0.056599750909988145 0.1303353996190037 0.7628070281649902 0.4393723191425891 0.9348763521739318 0.7438620312618669
10 371 580 -120 75 0.07287501646746097 0.2272909062789919 0.14421360866174066 0.4171394988085946 0.25392987082623564 0.8705389713513002 0.5139031066246941
18 293 360 200 125 0.15458255466749832 -0.04940745845509448 0.008086917839158825 0.11646845157007091 0.8336501851574679 0.4518838467128409 0.11104660159813973
17 60 60 -180 -75 -0.0663741125717508 -0.2018115915072609 -0.1497132847068549 0.009862815498076993 0.24604325995192466 0.2868626504100933 0.08729842270450483
11 209 -140 60 125 -0.19076670356134934 0.006024138014985192 0.03778863605933336 0.6944812873269149 0.5567040210199353 0.0387833076110814 0.5214779263927478
12 340 560 -100 25 0.025427195923783008 -0.19957503938918775 0.1712769965297501 0.21514540479615962 0.3442957807921684 0.06624381297708859 0.6772844267007753
17 36 360 0 -100 0.1348322266228814 0.08379706107916751 -0.20694758097132765 0.7994084793777699 0.5299397991119443 0.632257672895592 0.23197397277599952
18 312 -220 -100 -100 0.19040521376459907 0.10935538740788875 0.2049177139557255 0.8568719286680909 0.39775013352621225 0.7824132718584617 0.5037286789411544
16 184 320 160 -50 -0.1283036049660773 -0.21088548151796094 0.013780553400159434 0.5551031880257886 0.7861587389466875 0.8888438970696562 0.5847100730235217
20 65 320 -140 -50 0.10540786236800931 0.07484881599950771 0.1847395805150246 0.9115146594740283 0.5013806382329893 0.7246389918709225 0.7958089622505025
17 412 180 -180 -125 -0.06778853277467811 -0.05667455933057436 0.11335307849836684 0.12199591851755309 0.9759421648310038 0.4492023498096239 0.5785453492929022
10 355 -300 -60 -75 -0.18913144404164806 -0.1628592819678354 0.21400486207527064 0.33067462297716665 0.7442672337263265 0.9702231142359288 0.8275251068103319
12 59 440 80 25 -0.08360342901365925 -0.11540162477427846 0.1363926458690069 0.6576865547740149 0.9051036014479994 0.6088012470717413 0.9535145805477457
13 452 -200 60 125 -0.01636735077270679 0.07988208400034619 0.09376739533225031 0.1183787727728628 0.7880823242319848 0.8200533193679026 0.554266421549325
12 383 480 180 -100 0.05143589571311896 -0.07784283314653162 0.1550197412562228 0.4842929636137402 0.8286065355968206 0.7388962765589128 0.5222379026891953
20 491 -340 140 -100 -0.23336664039495475 0.16091920289666645 -0.2483197814714428 0.4879761985627784 0.42714462572642564 0.07037305462764243 0.49606939469306266
19 246 -580 -80 -125 0.10765396645925135 0.0196835779875838 -0.12783037067570002 0.8847101205405578 0.736213488316541 0.006594247907953821 0.794049971365131
15 439 20 100 -100 -0.10040149644549212 0.024774062963976384 0.2194590827479767 0.4688308378451732 0.8709115182977888 0.28190046892738596 0.4876869067567047
18 254 -400 -20 -50 -0.04803596962274209 -0.07614725701908703 0.19016972584640573 0.46300676993971746 0.0958766084759799 0.7756487042818837 0.8855400246939499
16 281 360 60 50 0.24839321341151233 0.08960128037973908 0.2461434750345719 0.9599660264694548 0.4114951521264212 0.8253800526827373 0.4827253065970032
16 137 -320 80 25 0.2002369479531662 0.10056107031144607 0.20873159086786014 0.2159634448722304 0.535228737524741 0.1664170096940777 0.27092446950622195
10 348 -480 -60 -125 -0.17429838294325628 0.21138047677811134 -0.22273050718382603 0.9562208042560889 0.8597941220496215 0.7097675163459608 0.026405912456913927
12 186 -420 40 -100 -0.21366845582823368 0.14517549703100874 -0.21267832262359548 0.7851703076086135 0.9870152087751443 0.5820129420731913 0.47537857050615895
11 490 -80 100 -100 0.12568239580326507 0.048833882228571435 0.1630033463362583 0.12909531008765862 0.8851900186598821 0.2808948065445479 0.2421285447663969
13 87 -20 20 25 -0.03854685333850627 -0.09443867206560236 0.21404967788783846 0.20126160837470886 0.9804170990836801 0.07845594824165103 0.6852963522652583
20 121 -40 200 75 -0.22084187227032553 0.1704729118065289 -0.0018534059090378752 0.14143334378817418 0.9993765550228979 0.1445284368263816 0.925920485710007
13 372 -320 40 -50 0.19860925225277715 0.1363462290739093 -0.18990226814938904 0.7170947174880923 0.15814869056420378 0.150567663207834 0.7554942434419303
14 348 -260 -20 100 0.1830361922441473 -0.12703175678227435 -0.07883492608404197 0.17826384958128394 0.15734013259657043 0.19408480162294983 0.412824465271872
11 338 60 140 -25 -0.1338713149779852 0.14136597079053764 -0.249705404562644 0.3810240644471624 0.23557340137008198 0.7734240251910243 0.25155485453607085
17 406 -380 -80 100 0.056355958019168206 -0.14606057878464124 0.003061280765560115 0.1259852981925781 0.9113657174094519 0.5882913107474683 0.38165179801358207
11 282 -600 -100 25 -0.14338112837301326 0.11333266380059415 -0.2473466854455988 0.5907718373433803 0.9323258838213496 0.4124082087375954 0.34168596438484344
11 23 500 -20 125 -0.13870368222476787 -0.10932877191464246 -0.19043377507425313 0.4493976186687405 0.2286556188686446 0.2962436241846239 0.553886321851758
13 100 -20 40 75 0.15913294488755503 -0.2386270356374583 0.09101029064376176 0.6536431563076581 0.45951618449032416 0.8243901304289944 0.23254582388793088
15 42 340 -20 -100 -0.007206924766289424 -0.14982758093121878 0.06416726595765126 0.6550496920737198 0.7275832334474034 0.023132564499188102 0.461441255469901
14 341 -340 20 25 0.0804440323756524 0.23783327383671637 -0.22784808588714078 0.8971625305793529 0.7097801866238892 0.43710099810056025 0.6694344155414123
10 361 240 -60 -25 0.21491561031227963 -0.05213462427718624 -0.1332298017598279 0.28775677610103234 0.7209697599558986 0.9299445597501862 0.6875733114920624
10 150 -320 -20 100 0.02671269500589657 -0.20530421171886787 -0.2366109162233796 0.00575087389284068 0.6897201233550181 0.7393691081512928 0.720010569595482
20 456 40 -20 25 0.00822215253447972 0.15248439385805573 0.19807305321808838 0.9579082975480464 0.23358354805370796 0.860866773462035 0.03236528532094873
17 396 480 -180 75 0.1307172846739097 -0.20614976574805766 -0.2363019738465869 0.6248550817423522 0.5731294708873513 0.4912400177750591 0.38924836435004895
19 98 240 -180 125 -0.12185986064880355 -0.017979485924654537 0.02041234947955678 0.2994151777464237 0.8579651956470223 0.4219454027248353 0.7385461642225407
12 451 300 100 125 -0.10585076232420249 -0.09523216486575337 -0.24821123813162727 0.3330286391817574 0.37546178085765824 0.5325349004944385 0.30776368677905463
14 399 -180 60 0 -0.20512216572467512 0.049612321601594456 0.22292776418565052 0.23049886523468566 0.8943421233868071 0.3765340401948445 0.5777751812385267
11 350 -20 -60 50 -0.1688372917809498 -0.04196186877285052 0.1827332152176412 0.7776505281925705 0.043242637594769984 0.4651357591230849 0.0255912802925089
10 72 -200 -160 75 -0.11919494853406248 0.14079802593851093 -0.16198699684550139 0.7746310367586904 0.7489864887633333 0.041634603309937845 0.6899036558416206
18 178 60 -40 -50 -0.11896855841646048 -0.1988802267378501 -0.17114219524803226 0.17051995910299977 0.7029195667622363 0.3123710340805429 0.4684417384510954
18 113 -460 140 75 -0.0316185224950678 0.1302362479475056 0.16240510042199607 0.0563302424435107 0.24191783593024196 0.7288342790543083 0.9955768317577653
11 457 -20 -200 -50 0.11244186718777377 -0.19114997679658036 -0.1337468063959782 0.9830155146781897 0.48165586888919565 0.1923625798529549 0.1384684654936662
15 16 -360 -140 50 -0.12597750276839514 0.13814145031206143 -0.16131896056428097 0.77886721940649 0.9024604879931333 0.6283947375277555 0.8662724144533904
20 449 -600 180 -75 0.18852433621664266 0.13795598887227573 0.03233016185488047 0.8261179239404017 0.1692708567050759 0.8530192584657431 0.059545020967120554
16 255 -200 40 125 0.20774764757628122 0.15493709066162958 0.23029569684451245 0.6062362122703774 0.13694803536243239 0.19431920823284765 0.004004272437682754
14 258 -360 -180 -75 0.10587968899737638 0.17971348300287004 0.015313103142843398 0.7869496197934466 0.6830225185042296 0.9816275926770595 0.7015818425256266
15 184 140 160 50 -0.21000174611168787 0.18076959600268955 -0.13726630645904447 0.6994385834929187 0.1975299995920038 0.03608778626202436 0.5012104230044315
18 181 -320 -120 125 -0.05963515785265433 0.0025733172695711626 0.08780218930015043 0.19995951698727 0.631879828256111 0.24896505866506413 0.863002990928638
15 140 -100 -40 -50 0.1306809981600895 0.0859665745556148 0.08643085533761324 0.7770639841176677 0.8562991144580989 0.7960958900905553 0.3505130405960192
19 283 140 -60 50 -0.12117975652597363 -0.005860489483122955 0.07764119379945 0.7561038604185208 0.2903515868309098 0.13754085834824237 0.7020923016293992
13 356 260 -160 -75 -0.13020945393653988 -0.056446865840066474 -0.13296037492102963 0.1665351633432257 0.001100921298460955 0.9790222775123113 0.1432197573699001
20 185 -60 -180 100 -0.07448433471485078 0.16001654946875504 0.153614221756405 0.5491403995221902 0.8025985450037791 0.3994951471928635 0.6434256512358905
20 362 -80 100 0 0.15506411086015792 0.14572674324152896 -0.205269562009193 0.1612963292006887 0.23596808362005328 0.00416310312374768 0.7144840250258346
10 42 20 140 -75 0.028745663501567875 -0.06230855901699217 -0.07071690952099474 0.7338670538617516 0.9638134085869771 0.19476387253653482 0.09602858789904067
12 143 280 60 50 0.16891333620815446 -0.23328499591102142 -0.024195069221591925 0.49159840881802086 0.4047117895550344 0.9305486732921395 0.9723300606560957
14 19 -420 20 -25 0.1856690694952609 0.1697934896226102 0.08293774163910722 0.9829827282659586 0.2856856447929461 0.4061741718543229 0.9990910225104384
18 139 -240 -140 -75 0.15495681710374115 0.08402899031894795 0.15226261377187905 0.5153923936622693 0.5942580222902644 0.3218634724274334 0.7013775080309995
20 205 -300 0 0 -0.19903561716102364 -0.0568692978335516 0.042624754120894504 0.5280247906360487 0.24462713430479033 0.5808743423641447 0.31332804497264233
11 403 -60 140 -50 0.13100162954993733 -0.16053994242681707 -0.1438742285219729 0.972373024896462 0.3805353427804238 0.10043430201718584 0.45028713822913036
14 389 120 -140 -125 -0.21727850476113064 0.1794825796355009 0.09245495588451952 0.38028772867099236 0.09549243030885723 0.26393169515449444 0.4296610159422517
11 338 300 -60 100 0.24965351158992477 0.16609346492303734 -0.1468488190944494 0.8433190336002219 0.8865859110723875 0.2776689026287529 0.7111859992495836
14 440 -300 -140 25 -0.16902894503764232 -0.16568043054824777 0.07667376066396792 0.3424154127789417 0.2990247414626105 0.8755483982111828 0.3562911847561987
19 296 -200 -60 -125 -0.023640496718300485 -0.11885108299609415 -0.07524916907411161 0.5162181966960444 0.11225084805127561 0.9556899800161398 0.4208074192896165
15 298 100 180 50 0.19823620558217225 0.24657204818617723 0.17798311822722357 0.2184659073288845 0.11507545765620941 0.8727939484830246 0.673418835735973
14 137 -380 80 125 0.04884160238429014 -0.17658366844274997 0.2044982445312335 0.9740854670664342 0.7148246826721174 0.7039191332707886 0.5473709031887782
19 293 560 -20 25 -0.12584832213218833 0.2211340086509172 0.24262120987814717 0.5914077115297278 0.37917147410322616 0.5926139887110933 0.396479149014612
15 209 -460 120 -75 0.08439913158093793 -0.2197834933398431 0.13768119573848409 0.102987649495628 0.9561484505281903 0.09832225531394212 0.7188343253336898
15 264 -200 160 -100 -0.24609693081960565 -0.0987490557219261 -0.011204137723597796 0.25630689465869416 0.285969934220501 0.7542511670539491 0.924740193060724
14 15 -260 -60 -125 0.16019932369635687 0.08609327374263798 -0.06575566408617706 0.22222742581027322 0.5310814775996188 0.8743941484412316 0.2241546786545614
12 183 120 -140 -25 -0.026928385510730346 0.1687974974237686 0.043715004072718 0.3388660026491338 0.9333927878353461 0.7086782342173579 0.21047075151033434
16 24 360 100 50 0.06834212654484245 -0.08515545812688319 -0.09017935254472353 0.4324281987551388 0.9721287454130908 0.5474257493374982 0.03926604057204175
19 57 380 60 -50 -0.019275004425229336 -0.11200464507466495 0.04646288249380848 0.2332741568101374 0.0780445251006876 0.5450054265690556 0.8517113473376107
16 8 500 100 -100 0.031730958261955766 -0.07248742159732102 0.011554967314304332 0.7511066366160665 0.9639443505320043 0.906698012346905 0.2392493530324894
12 57 600 -120 -75 -0.16560291353906026 -0.1452409602411021 0.13876961383668573 0.9765299409164788 0.45214379006858685 0.19295362898648216 0.8327976876889992
10 195 380 -60 100 -0.06230471179190594 -0.24728324415330483 -0.015113391666522036 0.296815058526276 0.1003413353721685 0.48402263560300907 0.21199639132582726
10 187 -480 100 25 0.24742567504668622 0.15594612600968993 -0.10171540840828408 0.9745742575332673 0.4339537696725184 0.8300610430916114 0.5903750665923493
14 472 -220 -160 125 0.08989898982584543 0.2297415804136531 -0.046019758685481305 0.9327556199339185 0.37703073351122096 0.14317961391207623 0.931014619994358
14 361 20 -80 -75 0.09857162980157341 -0.08028259605535504 -0.24235860165954087 0.9423800321953045 0.9271810109666491 0.2957144477508754 0.29319404726654963
14 311 -560 -40 -25 0.2170716644707359 0.24645105326178285 -0.06419294894869787 0.2711002078994722 0.019319164192220795 0.5894513546004434 0.14880345422340935
10 274 100 -140 25 0.20462720900366782 0.028977429759112272 -0.03913744248380702 0.7758045633633589 0.9109476560973506 0.44265559839766766 0.16358567986073902
14 366 -260 0 125 0.1624787301761848 -0.11780877702782694 -0.06706300152540562 0.1762486732436409 0.29536302050981955 0.6143514043222998 0.4974426624839332
19 271 260 -100 0 -0.007716048202813297 -0.05507001819656454 -0.16160279752617757 0.5261732269313162 0.8362307844680519 0.08851288203041285 0.7847802851886868
18 111 40 -20 -75 -0.019792809499677155 0.073271247403487 0.11814393129828388 0.14696380584175472 0.11754036531286038 0.9886402815072339 0.21830761852886105
12 184 100 60 75 -0.02035715267817756 -0.10333181964593402 0.01614098103977285 0.3906594542938566 0.14802954228184606 0.5475189784487512 0.0530944312675633
16 453 -560 100 -50 0.15307865500452777 -0.20841531450051537 0.10440964919691093 0.5277937176689247 0.5969449614651193 0.04340503648049132 0.5134228428082457
16 392 120 0 125 0.034545153077181756 -0.029548567026867978 -0.0485865448248784 0.3505767310917922 0.8617378752231267 0.4176057959021743 0.5537875038207356
10 495 -60 -120 125 -0.2062575132191774 0.15529768118527415 -0.2139486193448506 0.17186226132704208 0.3593046033442271 0.4536095149240682 0.9813391458565657
17 330 100 200 -75 0.2248965799598498 0.23908336994393892 -0.0009848257971781238 0.8119488834512623 0.9492308377455443 0.6810752314896336 0.8252102206361337
19 47 520 160 -50 0.020716029535847502 -0.006800751239320224 0.09344143498909452 0.7556344971129343 0.22890382402892484 0.1597722592461307 0.5997424913695383
10 148 -120 -40 -50 0.07114688124100077 -0.00537843997449261 -0.20258372273210384 0.9282287287546978 0.7891984426542062 0.5676095615403705 0.6510007475889765
19 406 360 0 0 -0.1459733713643192 -0.039924471272649975 0.1462907813451199 0.712153307755707 0.7632329100206147 0.04969225185701609 0.17361268891594106
12 226 -140 200 -125 -0.08341281705215764 0.1855920816015033 0.127500772287794 0.9092669429268059 0.5748508559323964 0.7875559375379819 0.17910755387296928
10 367 120 -180 75 0.14115728938822447 0.17646625795165116 -0.022262709805451197 0.9606336581265794 0.2632528720161682 0.18223535820436254 0.2355083508543816
20 209 -180 -140 -125 -0.1959984956315612 0.1887891260684793 0.17857642231274173 0.2737033950868405 0.754352844888865 0.2698205556681893 0.9452875884819107
10 241 -60 180 25 0.17867752247873542 0.1822328685722403 -0.20383359300957943 0.5472328139139423 0.8511309338691938 0.3914276616848388 0.19634880618381245
12 68 -80 -100 75 0.001669268772335808 -0.08013040689755685 0.18625083666426157 0.2821010765699674 0.8913820690875471 0.11733689555001203 0.10437780336510205
20 77 540 40 50 0.17753363924011728 0.0122072071337197 0.17421016134900402 0.012549645564603695 0.6768187157736781 0.4139452244601175 0.21513866242518875
16 171 360 140 -50 0.20709687907611973 -0.019037380839738938 -0.04097599856067946 0.5305618244633573 0.09618780179592079 0.9587160462237294 0.879227662735125
18 50 -300 40 -125 0.039022360612797236 0.10718939236288261 -0.08684652560769363 0.5379681071854677 0.7738050050139968 0.2700574201782441 0.7848571462962155
18 110 -160 60 75 -0.17858791888734937 -0.060880461316242585 -0.24946960528132833 0.06485300036546049 0.8048679438845905 0.11329201937273936 0.36268298356824547
11 146 -160 -200 75 0.020576600493809105 -0.23871620574708102 0.16192339878237322 0.8224130147288924 0.38068041582153767 0.4945560035758084 0.14410402077817142
13 207 -320 60 -75 -0.15889292960789608 -0.0672167910588703 -0.05122223235282164 0.5646596949208987 0.15742846496939955 0.42155160765167465 0.0920705931127962
11 82 180 60 -100 0.23132722685190638 0.14933967046716495 0.010373122713434435 0.6930045643832322 0.7151429551018104 0.7122487110203982 0.13336078179680777
16 291 -160 120 50 -0.16293747274601417 -0.11918556472116282 -0.07800241575658728 0.3200750267103639 0.409334455964383 0.903270589206103 0.13793770304411912
14 404 -180 -180 100 -0.06479160759305425 0.07861967723591107 -0.2218235534864798 0.1251438708027902 0.14739363691466878 0.49475665686114567 0.162816094431661
12 304 60 -80 25 0.2287050297715476 0.009547092929797218 0.1560344024909402 0.4896675134329753 0.09923044618927546 0.3913233546951501 0.5059632398284646
16 125 -300 140 25 0.003918603985206159 -0.08633264952954656 -0.04941849780175389 0.7132454285673563 0.036751266077739375 0.6955437692518279 0.9705535303041091
16 435 220 -80 -50 -0.08489116984413447 0.01263929185983026 -0.1220735508216983 0.830524230889011 0.5326942669946929 0.8353582386022484 0.8272756609673187
15 457 560 -60 25 0.039852097889364 -0.09759774619032946 0.09489903515061221 0.9963165053873815 0.22556544560459568 0.09298539068243794 0.6557290121708375
13 98 -420 120 100 -0.006708238464115224 0.14725612784997683 -0.2009734966279081 0.5321713569594114 0.5420533131675418 0.920412285659593 0.629268822883695
19 388 -60 160 125 0.002986646154810424 -0.07199887980092023 -0.11595723672357933 0.27950921967080855 0.6944922851460318 0.10991853337735003 0.457790208818468
20 377 320 200 125 0.0663338591022819 -0.11822873265391415 -0.2135579558862361 0.9131103517538879 0.4144255156411216 0.2570066958099383 0.46729781627599787
16 456 -220 60 100 -0.051374257939849954 0.23768166271463725 -0.13054989167357167 0.29196625370052853 0.6597130632045912 0.2973247721294491 0.9157467632589951
11 344 -480 120 -50 0.21799394863393767 0.005012086605651389 -0.1401501191286929 0.17328304568757846 0.8586059576124263 0.0632850951517211 0.67157100655773
14 37 -380 140 -25 -0.07763361356327425 -0.19784492993287905 -0.003299145199597231 0.9535044366389729 0.34622973215003183 0.03698031659175516 0.6833960582213293
10 256 -180 -20 125 -0.21537319201759791 -0.08905365885204364 -0.002951830853856585 0.46503247752371213 0.5645478089639643 0.22763419340282454 0.34200100557359037
15 334 320 -140 100 0.24014944479916056 -0.027252433476030125 -0.16356232202285415 0.8411686732700706 0.6903646186764046 0.6226334654268693 0.6994052931649695
10 130 560 120 0 0.04477864085870925 -0.14277170915398718 0.2320510198130022 0.7115531055296854 0.7856606317829574 0.1857694795534175 0.7838827825348518
15 259 -500 -20 50 0.11481979593235092 -0.05347248694742107 -0.17285697858105625 0.852458953715682 0.05438079145019481 0.8058356669395967 0.3891230378305909
18 428 200 -100 -50 0.08740529805019825 0.10768399500111653 0.09523286382589191 0.8720605426058914 0.9620331737627824 0.03559643426821202 0.7142003801207696
10 138 540 60 -125 -0.24951905592375112 -0.2435305247675642 0.21083461783548907 0.4395625288550008 0.6547910975534659 0.9245942869501166 0.28221975696274826
11 391 -580 -180 75 0.1581247065146983 0.15029847066699764 0.18285962410857343 0.7662566785666025 0.2561317641273064 0.21970337010960372 0.016067013148373444
16 430 260 100 75 0.18285623347062063 0.050963077322931594 -0.05403789937483461 0.48133157942794524 0.0007036315566940621 0.8566802445583869 0.14011372220402207
19 152 -180 -100 -50 0.12472329699214196 -0.017023901846154876 -0.2058445666886513 0.36136601126119516 0.025343463520156928 0.8001046181897304 0.7231577524745414
17 152 -40 180 -25 0.01655920338139555 -0.21591286367448498 -0.09340351339753805 0.2966740267558974 0.3721895206614909 0.17968606283878386 0.51584288404959
14 328 -280 200 100 -0.03157167839053715 0.17815208456389042 0.0034216434418073427 0.7918583706513861 0.2869267068790755 0.29526908840625676 0.38418972854704225
16 244 380 -180 125 0.1445083021721738 -0.026811891863434023 -0.07668199360203232 0.970745119220604 0.020902805649333223 0.5609952309159335 0.15371117940829437
17 198 240 160 -75 -0.1284531415123068 0.11152460324200625 -0.08577709779826809 0.9094967571857823 0.25353884070227317 0.9065205562416351 0.708853356597392
17 264 -600 40 -100 -0.20998743137503834 0.2126072011453607 0.09333729700979831 0.6116924937735088 0.5104629360370734 0.20481713782262934 0.33362119750588215
13 106 -140 80 125 -0.0747790246357739 0.1036549528408271 -0.16140954907250904 0.28260026312171627 0.13574492487132062 0.07559581333692145 0.8104009248940911
16 355 -440 60 0 0.22469163256975605 0.11373338926836196 -0.15506222783618173 0.38474061647280566 0.755848072356955 0.5804849368590111 0.4802293988779506
10 20 -460 100 -100 -0.0542160180735079 -0.19514569250497993 0.04124583921492281 0.31727115925383853 0.9765219637664981 0.6083002126687495 0.993762679094795
15 147 320 80 -25 -0.2331692537620419 -0.1715505115219334 -0.18422537578218956 0.5675032353715038 0.5162570109745461 0.6874667117401843 0.41377567890299327
20 16 580 40 -125 0.24034597093339494 -0.011680104353368803 -0.022748255475417367 0.03299224596277417 0.9921481258820736 0.44470905012497997 0.41567777167089726
15 268 200 120 25 0.225167025436542 0.1026836533865923 -0.06390250624251503 0.823537436971719 0.32316292084547493 0.6860789116408478 0.38825031862736326
12 474 600 -200 -50 0.03393895529139779 -0.10799421040849932 0.14723188068090348 0.8037449378343133 0.5733034885552543 0.36351094533459183 0.5595919411478179
13 417 -500 20 0 0.23341429209075304 -0.15021290572929497 0.1543197280411136 0.4032631319858656 0.3331912000110051 0.48003127213876107 0.07531829932449197
12 357 -540 60 50 -0.09849429584930658 0.015455542115071053 0.07410492941143199 0.9842814866610644 0.9642587252232563 0.780430952811873 0.860224313846253
18 167 -300 80 -125 -0.23646978588511686 0.12334224293759594 -0.10518267694788186 0.7475471373092297 0.6106843035534533 0.8722122163198128 0.6892045160520538
13 376 -240 -200 0 -0.22734341108701805 0.0041326583651844495 0.16944344836184522 0.1654394200369408 0.8479280205111241 0.8738642724143083 0.25253846729515717
19 85 -180 -40 75 -0.1727570385700561 -0.15807941587892094 -0.1026580987194688 0.042029879860179475 0.9204067363477384 0.9396108736538739 0.8960658022117213
14 282 120 0 75 0.0197555268508689 -0.1395148423051792 0.17070732127663285 0.19850536013299158 0.022030164337391023 0.5370328992471894 0.0073583856393290015
18 230 -520 180 -25 -0.21952443994780868 0.0717908396584595 -0.09414289784128527 0.0999421011751469 0.356443473600232 0.5606967568125172 0.04549574783743715
14 375 460 0 75 0.15432556570594386 -0.06171275830627038 0.06615288828941046 0.4442185628846793 0.49514977061413434 0.657382060651276 0.18320492573524805
14 220 400 -120 100 -0.24736838902166997 0.10047557080896513 0.04884865380842074 0.006800515468074142 0.6906627977907559 0.5317645724149519 0.5852037275338223
14 181 -120 -180 100 0.030032357883231275 -0.1278254317015527 0.08140420921073527 0.4611888468782488 0.13362748072435704 0.3540099062830113 0.2744158235962795
13 499 480 -100 25 -0.08990810761332302 0.10918314629601805 -0.07780073032584961 0.5808279559180732 0.7160566776783028 0.9105761965208756 0.4051513457226893
15 194 120 -140 -75 -0.1613225105342137 -0.05171509994509971 -0.19025585100074632 0.8500085140504643 0.9096128413301828 0.6676627170949364 0.18830284908504646
15 444 600 100 100 -0.012821744838268034 -0.14453532834959165 0.035655630607069944 0.9435190175294584 0.3699716881519576 0.025063210716906537 0.10455754804532125
16 410 320 200 -25 0.22747064434745157 -0.06298802213780935 0.1679317218323111 0.5978539559850552 0.36258504856971496 0.5766665713933221 0.5026478131298212
10 456 600 -60 -25 0.18131866706079108 -0.040735198425719266 -0.177386508313841 0.09842700737709187 0.8900670753433723 0.05329865206599016 0.23131642822756227
10 499 -20 80 -125 0.16243884841456963 -0.07154889301288458 0.06261992221327256 0.4375328767142175 0.40743915390545515 0.1958819714221327 0.5140297685682338
12 435 460 20 0 -0.00645857349345591 -0.21839455532666951 -0.04415069103301145 0.004933994725491497 0.06550843227846526 0.6145726453789819 0.10260935796326376
12 144 -340 0 125 -0.0708858047305273 -0.2190775259050512 -0.23900612001803462 0.44091120788529314 0.5705676479245558 0.03870076533745603 0.32033380203565576
15 357 -260 140 -75 0.23905902097672038 0.14255122198468878 0.23434570647613023 0.48386876727256223 0.7377811740860629 0.8193079757610761 0.6519541751004811
11 25 600 -140 -75 0.06731357385776893 -0.14237612586500248 0.21934333026158415 0.31999340930194864 0.16890987785280132 0.08130223491176503 0.13773529050827138
17 309 520 -100 25 -0.07252566858967718 0.14178669545888894 0.23070676454773542 0.08281160854185976 0.9877129407848038 0.06064791707335282 0.7248864493104255
16 455 -420 20 100 -0.033330740040730056 0.031962745456102615 0.21043823013246643 0.03651487861310787 0.06733252062722128 0.7780970479106109 0.31778967835052685
12 157 -600 40 100 -0.15486204798520165 -0.005326754409536394 -0.024341917434613725 0.11454624111954759 0.8123830489462881 0.012249395490832482 0.1733971700461573
20 161 40 140 -125 -0.13624268370236559 -0.16784566233808568 -0.0013020968995409166 0.4383537390618226 0.4558530378733925 0.36519779628368576 0.9830786164749581
19 157 200 160 50 -0.055274586804476444 -0.2032460738262966 0.13611272836585347 0.3216075608998742 0.9835607027696618 0.5021846165705597 0.23495749217473694
19 221 -100 60 -75 0.08128510945707856 -0.16466549443019002 0.05778087747278965 0.9257805693079382 0.7205657808185476 0.8716810322275005 0.7767508191875614
12 137 140 -120 -25 0.08476922333206438 -0.10694072888209721 -0.044346228764281126 0.583015789635604 0.4984648558696615 0.0390806948275324 0.6383786598993216
15 246 400 60 125 -0.23666440143246797 -0.09285961668709747 -0.09506486698418737 0.45549333634244027 0.20945970866503927 0.14880957486914714 0.739948362742528
14 47 200 -180 25 -0.17108363029236895 0.13795284361471283 0.09372714117326592 0.6676824255674424 0.5215390975277567 0.1296168412574057 0.7933116646174263
12 391 -560 -140 0 0.11567611904884917 -0.12685773423062913 0.052935205875645375 0.9303532460686985 0.4184599859132594 0.48442444723380695 0.8374912265659844
14 404 -60 160 0 0.13050974357236805 0.031920736058369203 0.12491760914500816 0.08639276779904881 0.8835066139006098 0.9037775201080727 0.197349254798731
13 444 460 180 125 0.14507134869352467 -0.052951449806181605 0.014595091946444705 0.011130831290903087 0.898336202856886 0.6826807954473472 0.8485143140093123
10 80 240 120 100 0.1094647948896561 0.24727946301758896 -0.20914350345694693 0.5506567204310042 0.5703157162587714 0.2039854336352025 0.01914043814690547
19 16 0 -100 -50 -0.24521773600365276 -0.12547543748928403 0.18869027388233311 0.9287522741459631 0.2573235477221868 0.47727403286245484 0.14336742488944754
12 444 -200 200 -125 0.1797204644869892 0.19884812629409543 -0.2323917894908351 0.3543563778458475 0.30347149080212277 0.5234117651029597 0.7624622144593439
11 238 240 -100 25 0.0009651388152965845 -0.2497710360156894 0.10967088944161785 0.03087137330013312 0.7751823596864895 0.6896917819296152 0.222377576895456
10 31 240 180 -50 0.010206554638856835 -0.08553374616719073 0.09760316629935267 0.27012568355756705 0.3068830444291297 0.9280892966705308 0.8601799124732395
11 254 600 180 50 0.22424246483933946 -0.041716724707819175 0.20587538841835384 0.19237803941882725 0.25885888717183336 0.8964160933744478 0.4358539461808245
14 20 -600 -200 50 -0.15333911583050763 -0.02833360565113152 -0.060389634049549 0.4351574804766346 0.3476798132804322 0.29294299822839365 0.059716469945654715
19 448 -120 100 -125 0.19495856126901223 -0.10563516617359797 -0.13422129128764482 0.2494632758132589 0.8188141864489406 0.705874493480761 0.6342918661133266
19 112 -600 160 75 0.14852893099783537 0.009887979030699823 -0.23917331378768475 0.8104992379451812 0.6580170326687376 0.31651011277964924 0.7142639945416508
12 150 100 140 -75 0.09884672219025487 0.10050985392640455 0.1983299526952756 0.436867607653048 0.21814599993043193 0.6429469936948279 0.7331664884142843
10 43 440 80 100 0.15421644412293545 -0.050532301376133404 -0.10442766964613415 0.6744032182604934 0.5340622685675742 0.6828795363129333 0.5969090868318305
20 206 -480 40 25 0.1298733310004394 0.07131131452089184 0.1104664402554067 0.3874488651861586 0.09460378667587288 0.36179069356224747 0.8921923877627164
17 479 100 140 0 0.16735795392562364 -0.15713228616156566 -0.12407051606803937 0.5468286907033614 0.3046809505302267 0.6106245794224913 0.8084777913347139
13 411 -240 -200 -75 -0.043260275187976927 -0.13885967110885128 0.14960190222276076 0.8406777799897341 0.2231256451905509 0.5608384349256128 0.39771962453766874
12 140 160 80 -125 0.11440737049811406 -0.17781200348432802 0.21261624958762332 0.324972240648036 0.8393394710900189 0.4825945812649307 0.5753447172032705
19 382 200 -160 25 -0.06484952518309767 0.029416438832408354 0.13151001444235044 0.999099548165233 0.22336035962737788 0.9034052802517591 0.5330127203886346
14 381 160 40 -25 -0.034378024203762236 0.017757306705993403 0.012994505948450641 0.02206497170682087 0.6871956561255538 0.9564411203778688 0.3761557199954422
12 186 -380 120 75 -0.1753634777479282 -0.22996323030792715 -0.12460698063807246 0.536507040364945 0.13321691251826218 0.19509535300909397 0.02293799357291948
14 136 160 -60 -75 0.050187403512978346 -0.09964059432230471 0.21804043919750904 0.3645130607239535 0.621051375870243 0.7521655260363372 0.09828786557976676
20 230 180 140 50 -0.05543361903366667 0.168998151289747 0.07063695365734629 0.8417987447970157 0.11176595459412064 0.5568311052136372 0.9645539541558581
13 22 -20 -60 -25 0.08934642603823084 0.09944966334753486 -0.06993574704594069 0.42591824714207716 0.30289657483053756 0.6925399320671338 0.4693124606823521
20 416 -20 -80 100 0.0870509623916651 -0.06310045900836153 -0.20918078368435783 0.47612646583441187 0.18963865728400164 0.2599334271069682 0.008278205068277256
15 150 20 -20 -75 -0.11357270577775341 0.07169608873492883 0.17129215240364737 0.18608572135455415 0.5443916300226346 0.17930516265386187 0.21749205001713257
11 307 -480 160 -75 -0.1739223143550661 0.11903577543265143 0.13677716830854658 0.5939923640742527 0.2550125183370018 0.06868132198142973 0.7244825862851493
19 398 -600 -20 25 0.23116949602328085 -0.10350359225234829 -0.004355320740130619 0.6795927913785992 0.19392171364193134 0.312305858057386 0.9646107699354747
11 111 200 -180 100 0.07292990556439627 0.0641917035866359 0.23860442757492295 0.1808082860853888 0.742177695357812 0.0469545053221494 0.38809565402298885
17 339 380 0 -75 -0.013617922429184415 0.045473754690190715 -0.18790407980674928 0.7386114134742046 0.4530182814078103 0.6391837775460156 0.1914580933456439
10 44 0 -40 -75 -0.17764799909853096 -0.01764829282451441 0.14183976650916663 0.3896682666262783 0.4661194934276597 0.5621080354316267 0.3413767119366181
19 74 280 160 0 0.05204807425959812 0.24293830417282558 0.023699196762461683 0.9333062082785181 0.5875110937458607 0.9697750264842461 0.6056421539609798
20 459 60 -140 -125 -0.19407815583364163 -0.0015213602755300704 0.029653512711458163 0.15429677076004444 0.7711605610834523 0.17966515691330032 0.4003247690510138
16 471 -320 -60 -50 -0.16493474014485116 0.12095424336083138 0.06391444653439227 0.04792689674593631 0.68602328869987 0.058641589976008435 0.6590651864221174
13 54 -20 140 0 -0.1376858541932534 0.23699256295394916 -0.134965250845065 0.14580455029785344 0.12768642255981444 0.039019280330102046 0.8964176903604295
10 332 0 60 25 0.21137296930811517 -0.20618998412312922 0.047034799969352725 0.24759803150584003 0.338655986184755 0.003323996200770174 0.8088503182451878
19 351 -80 200 -125 0.15529291286522523 0.009752963714318719 0.1129405452918037 0.9318449759132172 0.01379092485864264 0.06514647593618206 0.2828321909224685
18 180 300 180 -50 0.1165686986647983 0.07816903490386401 -0.16013238054698214 0.12395201605610662 0.6223220033168804 0.9922275469916625 0.23712458123993063
11 30 -160 -80 100 0.22526114054901653 0.1809947144487194 -0.11043453318474611 0.4989891658907084 0.37820035576549815 0.19313420595832953 0.44032743454659873
10 158 -220 20 125 0.10569754095765349 0.2368679429306751 0.11606528731071797 0.1437981493098568 0.80190069342722 0.05827136350737239 0.4707861540958621
20 168 -140 -20 50 0.23305217523935545 -0.19537782290758854 -0.15349598654622004 0.9401503713901334 0.4507080215039745 0.7721477959002407 0.507051135426688
17 284 -540 -200 -125 -0.09525921236423313 -0.059854343695116774 -0.07560772546789352 0.479728849436605 0.5527716608660869 0.8731856203738605 0.5495896902437232
15 237 -560 -40 -125 -0.15030378888562834 -0.02441079843814048 0.2333439879005162 0.18835483938208097 0.3000444727625087 0.12869144353487283 0.479472268341706
18 364 -280 -80 -50 -0.009514150099320828 -0.18619862096435974 0.21577594510524906 0.9792560929892391 0.8078543038378678 0.7027926005551365 0.34196410904712693
18 6 160 120 25 0.00966733776666584 -0.02237365559642701 0.24543692139503953 0.6680448302110454 0.6700280148911186 0.4904073798775326 0.11317961457405379
10 366 480 100 0 0.042981422705330063 -0.08118766267371375 -0.08485815833956611 0.8519773816543317 0.7747464847277434 0.570982565735172 0.37112961422225665
16 43 580 120 75 -0.15902216737500463 0.03343907212194819 0.12466643592012289 0.979239088287989 0.7051415913624277 0.5130854132460728 0.7892136931608187
14 207 40 120 -25 -0.08399805223230383 0.17063246300023827 -0.24810289094171134 0.597849289046934 0.49868213044936716 0.3500227641220037 0.38935495394648534
20 130 -80 -200 -100 -0.04656436105171918 0.20877143747109767 -0.18557569627200998 0.1261117960548822 0.6335587276028598 0.10427956808197658 0.5772415421752614
16 116 0 -160 50 -0.03831279803764154 0.045567171345456514 -0.23925387862448944 0.40281486263410893 0.15176646850983444 0.42907963893523493 0.8005040177087546
11 68 520 -20 -25 0.22477402546791836 -0.163893144616777 0.24300040553592034 0.5996008913294021 0.35831520069852674 0.810653012078241 0.013989831347379744
20 439 580 -180 25 -0.14585260582891885 0.13461885395236306 0.24733643378790815 0.9208102022774429 0.39353798729154976 0.0907517496196204 0.758398007385619
16 201 320 -200 25 -0.029478822251064574 0.16976456710659799 0.039013298708497735 0.35214477221440554 0.06960972188856418 0.20529378144263788 0.25900325949015335
19 408 280 140 -125 0.19377495853506033 -0.09049952022088498 0.09829245424161581 0.6065236707116932 0.326282281817143 0.4636570929348781 0.5797379265824949
14 464 -80 -20 -25 0.11333832646302011 0.10587693940147819 0.08220829125380447 0.2381478450739618 0.9341667048603093 0.11087567459343584 0.7430968399290167
13 336 600 40 -25 0.010770218911268226 0.0254439227538501 -0.11516310211713232 0.5048689736101132 0.2046311912265001 0.7520508645534276 0.6139616806294111
13 80 -420 -80 125 -0.09669990417569901 0.09129142117759509 0.0356550870968565 0.9656972570264374 0.6340886696064623 0.374145553640719 0.10972341012549802
13 50 -180 -100 75 0.018993841933552358 -0.18831689693564818 0.22477451603284776 0.820265528346277 0.7240261651257655 0.4156563222950218 0.4402442401184623
19 87 -320 -60 0 0.1516484342434521 0.048429196781969386 -0.11542143984945541 0.40060097889616453 0.7066737048154897 0.6271220053559416 0.02088048431596179
14 95 540 160 75 -0.13220051931387872 0.14604462165516607 -0.09316053774765526 0.13656774990169585 0.21851200595289888 0.300314982205353 0.10930909902043495
16 72 -600 120 75 -0.22676901372897396 0.11810590966158185 0.0426462062323284 0.6812393177270927 0.04959271853880143 0.5026283615788883 0.4040735309013105
18 341 260 -180 125 0.2197988770010882 0.029509205709758235 0.21192044784609615 0.4462464873941199 0.6322366072882667 0.05446116407660939 0.2916549446528708
19 279 -300 -80 -25 -0.24079642981585697 0.0030017244749326877 0.16701495969058056 0.539762055494298 0.2151884213012898 0.5305552592861735 0.5783430619998646
17 463 -140 80 75 0.08169332587855993 0.13914847536025216 -0.22857695688881824 0.9635630736342042 0.9295002779794806 0.7568369890896018 0.9759923125544816
16 416 -120 40 125 0.23166766825403534 -0.24516417239311117 0.13954540519863617 0.8024388859602922 0.4672454922972653 0.5757425948334064 0.7368893192503448
20 153 160 140 50 0.12364534064977722 0.04108360887386597 -0.049826556899239205 0.6824089716168241 0.132463516794036 0.3608704911115358 0.7444475620037883
10 226 -80 140 -100 0.057924048541526774 -0.21196733567590237 -0.23539953540896952 0.3985788134962257 0.40757474230394153 0.47239020167749934 0.5220052781232629
11 455 -220 40 -50 -0.22198989021972237 0.22635389524590832 0.2151728048420301 0.29331781667607226 0.4353502589869427 0.543844600328531 0.49276963780410776
16 477 -420 80 25 0.10619869742667565 -0.15594916728293756 -0.18140863650881067 0.8708821135971594 0.6207765104957471 0.8963264133892771 0.9500100170484996
19 421 240 -60 50 0.14783956520418123 -0.0024147333926221037 -0.02364887637576618 0.07182225738489223 0.23225937763031568 0.5604798539276636 0.5935634221365439
19 403 -140 -40 -75 0.012545282456558282 0.012783232433161373 -0.22632482806634818 0.37704671070541584 0.009096253758626105 0.3780322854733086 0.061064493498500294
13 365 520 80 125 0.04674259148942872 -0.03536067520062536 0.011443475568785333 0.2875232546469295 0.7971674296403883 0.7162181460477517 0.2060607864390216
18 354 -320 200 -25 0.24612348646060078 0.12174787765156875 -0.12719210111849782 0.7409924089470902 0.22773581330045078 0.2831104783678977 0.5044002991685875
18 416 -560 40 50 -0.14661093715636148 -0.163014337166012 0.016849574050957883 0.5740619212747488 0.7556331716601323 0.5935965650772174 0.7772127320158273
16 248 -160 -60 0 -0.15283889171249154 0.0896874265803122 0.24899414863595548 0.06950637442649465 0.18262433106203113 0.9187702004640771 0.14148828090278842
18 68 580 -80 -25 0.15849160930180134 0.06498355125346877 -0.10656914654481126 0.5563639196547113 0.8792454380761058 0.07030603446634576 0.6152436420373165
17 473 -460 -20 25 -0.15987957566637828 0.22651756289019193 -0.07689193687374246 0.968407730718144 0.8510420777949013 0.3019378789424383 0.09223458572241738
13 361 600 -100 -25 0.16800136523920317 -0.037093009624984796 -0.20554982172751252 0.4023275045416911 0.2949858403000828 0.1250142625001779 0.17802159818532504
17 394 -340 20 0 0.0681661053857921 -0.19631118698573685 -0.20767891506372615 0.8105675917550047 0.18592194882983892 0.4312761429656329 0.14016599017533427
20 418 440 60 75 0.01660580130057837 0.1911782678692004 -0.11831573438738036 0.2608734458141041 0.12092336099242784 0.8066533669867071 0.49014564587025455
13 347 -420 140 -100 -0.0585253833550991 0.08430834916608654 -0.007374406092271635 0.15927459431887636 0.3984904453708631 0.5493459965019217 0.09882094278051023
15 416 -540 -80 -50 -0.005444618501749543 0.09792223577343512 -0.09371213727530303 0.4870820799059571 0.7566928046117649 0.01595770708300992 0.462058506311242
15 426 -300 -120 -25 0.051972168555001585 -0.03622475026448946 -0.2058422305012359 0.4252037898833987 0.7688992012139448 0.7889640886409958 0.9871142792557631
12 483 320 -100 -100 -0.24001208530043844 0.008383050957626648 0.0032942937271622785 0.7317908575796259 0.4076994197971483 0.24718352368418228 0.8675070224667059
11 37 420 -180 25 -0.2318380506298417 0.038678498758011215 -0.026727916396844298 0.49479009298061905 0.26257268725156135 0.6173760693761403 0.20492966615219688
19 94 540 -160 125 0.18813186629418277 -0.15494290687777673 -0.04272513457112609 0.34111090102097985 0.9511399312068821 0.36658042775972843 0.2676203336032442
20 225 500 -160 25 -0.24375162319267507 0.01585329725759299 -0.003528470135418016 0.8960698573497441 0.1334443630924339 0.9614322997408142 0.450478859329248
19 396 340 -180 125 -0.1399787370318042 0.14963162292735543 0.14889285839834476 0.782982999011635 0.4840585590452481 0.3948965943341084 0.8027783632426349
18 244 -540 0 125 -0.06976433585295022 0.026361422286724667 0.21278294995186803 0.6113686181944877 0.2056408702017074 0.32025894381173636 0.16049781800965246
13 469 280 -120 -100 0.1570936112528994 0.053726644806255386 0.13773018004616444 0.2645052372341773 0.26371894154162856 0.23099038745608036 0.6237662154120196
18 387 -280 40 75 -0.008952793759380462 0.2046422698440904 0.10106516289015444 0.13853253378422603 0.8637661432073347 0.03189605948841989 0.18601645063682137
20 465 300 -160 0 0.2305350010282481 -0.07118482836629031 -0.1610779776251517 0.2229173037179052 0.32037982296831313 0.36354278817100305 0.19135408893124828
19 39 120 100 -125 -0.1820508139553565 0.12443042216620698 0.15208788069344636 0.5362719882076701 0.6635668914661693 0.5671793584146739 0.7625147614950533
12 195 500 -80 0 -0.11990714377569317 0.14023262868062314 -0.10921993145900116 0.6241338513445571 0.5854348203399389 0.06204183686882825 0.8536501845124546
13 285 20 -180 -25 -0.09551484407844274 0.2276807729149396 0.2210851224811523 0.8606532725226882 0.12788326979499232 0.07719476107837564 0.010087522194695442
16 272 -200 -60 25 0.16930638194436948 -0.05804487489366067 0.08590059184820403 0.7403208303484184 0.567254891554338 0.807859099024941 0.913703445482783
15 435 0 40 125 -0.030944381805030452 0.24368504017709147 0.1305234650657494 0.13896172416351737 0.7490023793379422 0.03795858021446519 0.32498580236961516
13 24 540 -80 -75 0.22428901633268566 -0.22797249607963055 0.0914342295736637 0.7380696717264109 0.9876742924120523 0.24156229422350883 0.9939624049626149
20 31 -200 180 50 -0.11118305295893743 -0.06782809723128957 0.16842147868214008 0.8742253046363898 0.9108569881351579 0.3760000729407743 0.1691198734036521
17 13 -440 200 75 -0.14391264699613693 0.041663494992009886 0.09172956911622049 0.37402874303074696 0.025563555379868763 0.4769617707510645 0.29527865146043264
19 45 -440 -120 -75 0.14900776659153753 0.16776883273934345 0.19182693684106722 0.7253129529721689 0.13042369770174533 0.39914886663634475 0.1987547969269543
13 76 -560 -180 -50 0.22776535410458992 0.026822137559295522 0.03735892156390214 0.152027432815113 0.9557173060718805 0.3296700787466973 0.4090175023861483
15 253 -480 20 0 0.028041179354989287 -0.04221509602744328 -0.0894550476542762 0.4371330269962983 0.9080620983424239 0.9962043666257118 0.8520838487229544
14 214 -540 -20 125 0.01947061989864113 0.22239875322439928 0.12986315251037384 0.5681427419625625 0.3530225424771437 0.9351349804724751 0.5043019051879112
13 415 -80 -40 -100 -0.16178206975212633 -0.004165724054203401 0.17854990765795664 0.43312050870815577 0.48559925370495527 0.8386689313607316 0.9619267416249455
18 179 -240 140 25 0.14794001502785925 -0.03653941705123531 0.006808544853877552 0.5837618655800332 0.9656364518189939 0.6950698500489747 0.8171010279698468
15 325 340 0 -125 -0.24167563846545942 -0.2486089074160845 0.06276660869568346 0.23112529953621985 0.4579764401914661 0.2847225655534452 0.7715796341845356
19 150 -300 0 100 -0.04490034034272472 0.06720399582926861 -0.2006893446120825 0.6601308625547423 0.989931004718154 0.5467616570401534 0.5096921288113274
16 125 -320 80 -50 0.04802546735746366 -0.04902149763110708 -0.022089044486486298 0.1826624709104091 0.7099726333892812 0.42768825291997004 0.8472503648260977
15 66 140 140 -25 -0.02399148354797137 -0.037487162819568265 -0.23357082939784352 0.2101964202115718 0.9518537542607314 0.9333292313044057 0.6111356987355968
10 333 -160 -120 75 -0.21448797139300202 0.05566947475832451 -0.10832260018234846 0.5888632379821905 0.33109706163768104 0.7176278921028444 0.7789333766339364
17 307 560 180 -50 -0.051610166297251514 -0.005078395828306048 0.007710525397610968 0.7510596156406881 0.3284983183759146 0.6981259245705104 0.28879204171874673
11 365 400 -80 100 0.11322106011236438 0.08113172945437025 0.1755112462256549 0.43293500916550665 0.9867396486660747 0.34190444562480515 0.912121824444455
11 41 600 0 25 -0.24803834735171443 -0.12439892158824167 -0.21414766902818394 0.7828836536567093 0.27989458601474004 0.7398339193622492 0.3761059517145182
14 364 520 -60 -50 -0.153148675816775 0.24619348337569885 0.09732571755200758 0.941935337788405 0.8992132501814606 0.019675557850434733 0.147114346108001
10 343 -300 160 -50 0.18188324825968832 0.027104464559182972 -0.23025333683611465 0.7531182589063015 0.19337822183227138 0.1858031497432303 0.816005041908315
11 50 -600 20 125 0.09182129059821958 0.19282517028058566 0.022425851949697206 0.10371459585267773 0.5716971728988326 0.46663203220116434 0.031221232981847202
15 150 180 180 -100 -0.06336128418482945 -0.1912499736274943 0.01739976849316721 0.16531365947374377 0.7739197631086016 0.11006970109763936 0.3576966953537948
10 290 240 160 -50 -0.02649228439295659 -0.08516530340118483 -0.027150966217895867 0.8901422217754236 0.4318675116971801 0.012741986465101496 0.9498173348883724
12 321 580 160 -100 0.014796228358181174 -0.15158214523665314 0.05786664682064996 0.6061887306658682 0.9053066351506437 0.9562700731588376 0.19545289845612024
10 15 480 60 100 0.0015388984136370798 -0.18971886877153 -0.05668017725052937 0.5166570697312072 0.07514119565014898 0.42651881379681855 0.4921983337406163
15 416 560 200 0 -0.002672031578729306 -0.12161889328774073 -0.22083932118604166 0.9274724766814779 0.632349795822204 0.626952845036456 0.7805249150948959
15 343 -520 80 -100 0.11107110259024428 -0.21851861647234572 0.12409381352659771 0.9000615878201011 0.2032630784966628 0.06330034153496322 0.5915141150987218
16 292 -220 180 50 0.010334431594501647 0.16067195921721955 -0.21438061313461088 0.2013074625975717 0.7729006519172558 0.06119570879887104 0.7730407583265008
19 20 -200 120 75 0.03537840441528978 0.20780209494238422 0.00628850278229226 0.6807309451173569 0.5720361832697621 0.48700507161761164 0.8213290216199489
12 448 -220 -200 50 0.1744950423013702 -0.01909952317159902 0.04239225986219225 0.8335025207836285 0.5816896621719407 0.28152928203497396 0.6684476330804594
11 313 -540 -140 25 0.012371486152265132 0.248629714256481 -0.06354787761715242 0.4840114322375575 0.731863626576849 0.9304560343610444 0.22346430134982398
19 153 -160 0 -50 -0.08817586677247474 -0.21834499500133286 0.2285810971930689 0.7171157389670745 0.5897351459098318 0.42483346927953913 0.34357558492776175
19 173 -500 -40 25 -0.15331135413463431 -0.13381685086547968 0.14846969081289735 0.5328771111846816 0.3329741121051457 0.6545326293188134 0.9220447064404129
19 304 -240 180 0 0.027626227364950684 -0.21836300220806792 0.14067353235856284 0.3247015690222522 0.22738338595386787 0.36465444619592347 0.5015340016688845
10 391 -340 80 -125 -0.15256638087546381 0.1739009293252291 -0.10014095548777446 0.16176314266697844 0.15766349557606563 0.8390686043988155 0.6868221996249775
12 295 40 60 100 0.04666916570699192 0.09053093991816996 -0.10948175481478456 0.9336105679946612 0.25112500467533305 0.42092737825589355 0.417320398030402
15 157 60 -120 -50 -0.06161007891009984 -0.1142821735539753 0.12781242156287959 0.543918383450847 0.6253213311527888 0.35850746376065634 0.45237875724695087
19 188 560 180 75 0.13663590207948684 0.050702234409486346 -0.024719041549928766 0.4641409542693765 0.6735950194131256 0.48768738099851405 0.49172192632673806
13 94 480 -20 -75 0.024688903788703864 -0.12978026568471424 0.0002798726541223262 0.13834146102568023 0.32282116219033063 0.25177826947233295 0.3774932496658001
14 358 320 180 125 0.21431648139899429 0.11507653714414146 -0.22174310692596333 0.9201455546339635 0.821627026586307 0.36832130546316066 0.2544150514990213
10 293 200 -20 50 0.20726961739426464 0.12749191488628042 -0.036474304042254546 0.8981395346136968 0.1534708215865741 0.20855753915843456 0.3939271456093203
20 323 260 -200 -100 -0.16725936055984492 0.09759833481211538 -0.005538655592583985 0.5168407698433096 0.36090621588553573 0.6241925837050947 0.4082330076804548
12 114 100 -100 100 0.06217414233653662 -0.16852387867073038 0.11035153830909644 0.19556166195624614 0.8589355575159614 0.8344468300614151 0.9240165926542084
20 282 -360 200 75 -0.22368932399494035 0.07609781113853714 0.03208353387154533 0.4417004294695491 0.25613143519244796 0.7217611351443973 0.12353631089084716
20 178 200 200 75 -0.10324553702014067 0.1010563147558855 -0.0888157531229048 0.9341043100691967 0.8350144583045152 0.5413909437021173 0.9258652937412654
12 11 -80 0 75 0.17564339724961847 0.12490013647970388 -0.010355581994353547 0.14618477899884974 0.9899708197854478 0.20999047881797417 0.11578946207749918
13 484 0 -160 -125 -0.04056012823406785 0.12224882781099461 -0.02606449163782637 0.21969691953397164 0.09009147541152074 0.797746640915136 0.8439478940429306
17 156 -540 120 -25 0.17367672675544993 -0.08588409641476641 0.02950574540251294 0.7004641700316022 0.4935306720761059 0.625308849502797 0.7492066708807417
12 424 -80 80 0 -0.21522843000093544 -0.11973240507738503 -0.07663227403362094 0.3119631908281678 0.47553083896723725 0.09084933893447256 0.8291781015288767
17 205 400 200 125 -0.023658556414513032 -0.2090161808606747 0.0928561521337617 0.02919857321402386 0.06599461589226352 0.3724411578422362 0.27634642520210106
14 143 -20 40 -50 0.051215161807109166 0.019886563695985238 0.14550958684731308 0.8162938480974412 0.40902379973142355 0.1498849391446726 0.94963557487749
11 435 220 -120 -100 -0.21862762716878242 0.0015427270282072358 0.07315060118480543 0.967294935307712 0.7643780373009036 0.12090865067018097 0.10114427828091166
11 75 220 -180 -125 0.19508572703606947 -0.04331560238482918 0.1755320721396595 0.04794421905652324 0.36962025927871534 0.382493050508819 0.9722907397349714
16 465 260 -160 25 0.03084758163861251 -0.026492783524975638 0.10653599396911012 0.49682437257655643 0.31676514558514846 0.9387893766925333 0.28721663229348005
17 268 560 -80 50 -0.11496916884814423 0.24241963317458676 -0.19332783894032224 0.04678230074143186 0.5917177931356321 0.21829259796569422 0.5811060322697156
17 374 320 100 100 0.15192842911287874 -7.678840768499118e-05 -0.12330505040950118 0.8541939413948382 0.9117290788494176 0.8455271060739998 0.313205141217466
16 389 580 100 25 -0.024163976302528922 0.15787585376960223 0.08332942463452653 0.6340335865375699 0.9632801297831233 0.0661209188522458 0.8863705758713014
19 358 -400 60 50 -0.031204007452483862 -0.13908703785211435 0.07258160265567226 0.404194396113146 0.2409025414217847 0.38800246412726447 0.7475716719531033
10 115 -180 -40 50 -0.12026752384849193 0.17354011060786034 0.22723801337454874 0.06855863075675472 0.08955301210918931 0.3359495673840712 0.6206736886998419
14 286 400 -40 -75 0.05638087732019359 -0.1014303292213089 -0.07665353758196475 0.5658917210645297 0.344961849040873 0.2366602137491456 0.4483568820853323
20 52 -220 -80 -25 -0.013039885791641337 0.0941392732992829 -5.800335643019183e-05 0.6444173097776406 0.8815379931662558 0.7145680061052414 0.8331616082246462
17 23 0 -120 -75 -0.11002260935175562 -0.06171558294900936 -0.06229955346940852 0.5517390651639414 0.8075346172197668 0.3161789106691919 0.09954888385259952
17 135 440 -200 25 -0.07987675451956927 0.1865493923176063 -0.14437515831420283 0.6822191290286467 0.7825360079121038 0.09496227998913187 0.4750054212607868
12 334 420 -160 125 -0.05245290598352337 -0.11858967035559337 -0.1374508571385984 0.7014438397105952 0.5631996938866022 0.5625861019203876 0.7919952446060552
20 89 -560 80 100 -0.21333012590946365 -0.10170920969068598 0.19255045211956756 0.7060977838345752 0.6947984508794877 0.07386050853258841 0.02404184549502464
18 489 380 40 100 0.16630555983811096 -0.23079132416175924 0.19435037496289825 0.2283594394435744 0.83030519141147 0.5613803642116717 0.2751233926207777
19 134 500 -20 50 0.18810079062034912 0.13806442777363587 0.1314520033063732 0.6277063535285071 0.13124663234671274 0.6506868742121219 0.8767187595440097
11 465 200 -120 125 0.1627105746655595 0.12847349901647576 -0.01628831090465055 0.6019263430350049 0.978201281850158 0.7681682306544155 0.7474653742387246
10 102 -560 40 -125 -0.13633148324116168 -0.12539126675136464 0.11269832454381018 0.29121392154949866 0.3158288261945841 0.700706435572277 0.7541442860921348
12 370 -340 -80 100 0.2458241286090973 0.02541271164690634 0.09708554226494637 0.5257255667852893 0.19118351721978832 0.6274332165311908 0.47979827849977064
20 248 160 0 -100 -0.1846914829071401 0.15324944067343704 0.2105020627550424 0.18422486352933531 0.012718522961548406 0.45617304064387076 0.7379197347452211
17 47 540 120 75 -0.06733652245009891 -0.06625017547174783 0.09157196652949329 0.7379868561028956 0.28937869787561976 0.2452508487312408 0.04318409899415954
14 264 140 -100 100 -0.15087777498983768 0.23398821699360023 -0.0886251204595011 0.46539629198458277 0.6819395283727276 0.05463777889200394 0.6279867826863789
12 339 -100 60 75 0.08837540891473167 -0.2385018239041679 -0.23218084466586786 0.16073178784214992 0.5531670987964343 0.853023619658977 0.10513267896815537
10 92 -460 20 125 -0.06493676455064051 -0.193171485149292 -0.11197216809743027 0.9468065925616451 0.4219756597411173 0.7353120247724013 0.33976728925366495
20 264 580 -100 -25 0.08840485794351965 0.011503039519000946 0.134940863055098 0.9070662613196534 0.28641981639213476 0.636627168524586 0.9785466109303267
18 315 -40 -180 125 -0.2244865194451019 0.20784480255761534 -0.23420579714178208 0.2576806397804562 0.4118318698523623 0.3773678440318422 0.87326857699508
18 246 -300 -180 0 -0.16202935810831381 -0.20736074029069917 0.24563364829118894 0.3766601412648727 0.9101350926643664 0.8205213819179135 0.42216754531976464
17 439 -360 -40 -125 -0.013161104346785635 -0.1739700667365367 0.12882638874834645 0.34860799913455454 0.5481093327246541 0.7495320665987153 0.13705669797733788
15 118 -360 60 125 0.09164791683425655 -0.17005047003167828 0.1903143037768103 0.4474000284671561 0.06559318320455176 0.14954700081561623 0.3130904437780747
15 325 360 -40 100 0.022907201362608154 -0.23886854921072126 0.002184596581111864 0.4844647395214209 0.07824104669470078 0.20266787112480866 0.15267614601662483
17 348 -300 -60 -25 -0.11862906023782177 0.07694603035670516 0.07956836040438647 0.7402934056731003 0.5005339808811492 0.075505003479721 0.8140497149551044
16 462 -440 0 -50 -0.15638658732760574 -0.04984357404968154 0.1118390085837101 0.7330985810308066 0.996254809229202 0.9257677055700684 0.24866799423178132
10 259 600 40 -50 0.1682815092636829 0.1235226366514714 -0.21347721704401712 0.4336717618321595 0.9121069546239967 0.9053461723587624 0.10286039669002645
16 406 -20 120 100 -0.0758359505611913 0.21008181650011032 -0.23718519134931537 0.6767522239466345 0.16597301809458154 0.5991064077091908 0.10988934311660636
20 476 460 0 -100 0.11596036036137691 0.1463604257099304 0.22868699013952404 0.8707226515610963 0.5555631322745576 0.40018338200318737 0.49587602056116586
19 57 -440 60 -125 -0.14398872740006302 0.24599207374913712 -0.13942343450991063 0.1507127720633269 0.9449891858981335 0.7324249540636779 0.6214131285103137
17 38 220 120 25 0.06280501560965751 -0.16018449168364546 0.20779476855711482 0.34414328945510064 0.7346853647864451 0.3921809919596514 0.7237221335155047
15 442 -120 -200 -125 0.11115170193633617 -0.028752180409826356 0.1749650170035718 0.04188170096074273 0.5685260555492435 0.7846916125506125 0.521692999566238
