0.5 575
15 8 -20 120 -75 0.18547990623682042 0.21104462942811048 0.19410654910460895 0.7818914304103933 0.2766465349723881 0.6103761098898242 0.11519010677566122
10 368 240 200 -75 0.04388734102991415 0.24385333211136978 0.18186246274763418 0.66507011689372 0.28209997189615343 0.19387102819911728 0.6101559256357291
20 304 -500 60 100 -0.003289852467429466 -0.21459117505824016 -0.028307153013216513 0.8015242873351521 0.04861103600016914 0.5240782389971442 0.21958899393132303
15 4 -100 80 25 0.2048753727809064 0.03988021586408996 -0.02589906319455726 0.20021203500843832 0.8442581346919228 0.1719587447442621 0.8350843205205081
18 122 -480 100 25 -0.024790062616234176 -0.02643371718751475 0.12451224486455875 0.2760713782409209 0.19807564219466944 0.3047381976956546 0.5982896223104023
14 109 580 -160 -125 0.08314946949476454 0.13482810699197983 0.10153428648905782 0.5742442587987644 0.961554988440297 0.9738106292573455 0.6552216614351066
17 487 320 140 50 -0.13627816249378738 -0.1485720484449013 -0.11528002611488442 0.3825033869449047 0.4972949694649903 0.7207683084152372 0.05399865594650877
14 469 520 -20 100 -0.13477176977491595 -0.1861610089637623 0.17940739525357746 0.9263647229423123 0.7840318661415783 0.9265245276414247 0.015836924405400188
16 479 -260 100 25 -0.07070066323595636 0.03695474687458156 0.11726241696536543 0.6641280223324864 0.04102429316073852 0.06410989210939289 0.6381314219690393
17 105 120 20 -50 0.1334760678399563 -0.1978637886549599 -0.010718538556725166 0.5759561904037174 0.4771278358309772 0.9993007729255383 0.7050945283948957
12 195 160 -40 -100 -0.0015746744490043318 0.11125983861624117 -0.22793755231208618 0.4758301694438014 0.1123172196855392 0.19923435286410507 0.12819627223338592
15 326 600 -60 0 -0.07949653230200959 0.013358639718021037 -0.24311028392160466 0.13793281789244416 0.0663652940978301 0.08457735026653701 0.5570225459199641
15 179 -260 -80 100 0.009790296437427515 0.24427528837101492 0.11812034939055949 0.8794447089419732 0.1885990713322374 0.13856374731347365 0.4373551964157384
19 439 260 -120 25 -0.05985104841122707 0.08741917826831302 0.10772817778699384 0.16928870804161933 0.5665489650538572 0.43903000733294806 0.9779308284748077
11 42 -600 200 -25 0.1266351866106868 0.18275748287444527 0.06502866208638208 0.9995025485763269 0.18631771777013406 0.9906091501409754 0.22635274590723609
13 175 0 160 0 0.13716675596040273 0.15389027051308873 -0.08644801797065171 0.5714354708066274 0.14185257228682957 0.5099650386487877 0.9998562683818225
15 223 -460 -200 50 -0.1230530647241348 0.08410779951006847 -0.009700471403952471 0.38641137148701266 0.6435267051827414 0.3034125294398414 0.40164722744557657
14 427 -560 -160 50 -0.003645709497646976 0.09306845750880482 0.050245357945892966 0.23390882464920792 0.37432035640974026 0.5297226060082708 0.3347169691447319
16 348 -540 180 75 0.1748603965034784 -0.0398198324585719 0.23751034779200259 0.5735492356508376 0.43339005903937966 0.14987436687182787 0.6758231681872163
13 41 -560 120 100 -0.10454592569638121 -0.21014331717080537 0.12857497097978698 0.20483190931766038 0.11653818844035924 0.28558832789898825 0.736088595255785
20 7 40 -180 125 0.002570403235802543 0.0927495106994925 0.12471131772107036 0.8438743229050669 0.2128798413005919 0.9063504253654189 0.09959290326319081
18 429 80 120 -50 -0.03868635813094945 -0.19412356318018203 0.007713335151205092 0.9618687249567962 0.4839935689722521 0.9301544585233485 0.3198307857726784
18 470 500 -180 -75 0.007897554898641135 -0.12778490496479278 0.009199040367555256 0.11381214369797044 0.7692712312554802 0.35224731069292503 0.565920476780369
13 355 480 -180 -125 -0.0810658185871036 0.20992639025766652 -0.11591200482845265 0.8821275004971378 0.6380123640232361 0.8977318437316695 0.7853812587238215
12 52 0 -180 -125 -0.18719592734394536 0.01305736127362267 -0.07160563779746842 0.45647771922563174 0.2633506538471029 0.7006199537247586 0.3790540129910177
12 202 600 200 100 -0.11949759523429282 0.22522086428583094 0.22001907493213785 0.9781863308017452 0.13028433473598444 0.36806100360051996 0.9118592309231669
11 463 -120 -40 -75 0.23032225828670516 -0.1440259458559554 -0.1685527464339482 0.9741585952313285 0.09423285063019826 0.20451009390911212 0.9567973730566572
17 12 40 0 75 0.05578661122846751 0.08383123762164618 0.003240223921627927 0.4236973120350237 0.5025192992219866 0.02859763320072739 0.893030196445218
11 238 340 -160 0 -0.11583539722078984 -0.09015399881400482 -0.16579008058783123 0.11353637808727934 0.6297526335487228 0.623161277412568 0.4710710477010145
15 115 600 -40 -125 0.044124506772639516 -0.1515610397759417 0.2211908217475374 0.787278283753123 0.30009044978412514 0.7233512391990529 0.10395342594531509
13 483 -120 -60 100 0.2177777026235979 -0.15041863684393136 0.03793871933474513 0.7741875587771031 0.05844480927416984 0.7811255455488265 0.03758211003289269
18 158 -120 180 -50 0.08863763904980493 -0.1790961591634045 0.022459757462711227 0.19655288371193635 0.020088937891050818 0.7915352556254862 0.41307386084023134
16 459 -580 200 25 -0.16558841698626198 0.031038381359672296 0.24977483027093572 0.9914801978931393 0.40179039873183897 0.10044686990097895 0.9005854195037298
10 450 -180 200 125 -0.2025196629938611 0.08111277174767184 -0.1561787045581044 0.5087476233394372 0.2593180222246513 0.7577239922653681 0.12876305541881106
14 199 -220 40 -50 -0.19237796332147378 -0.00031333674806122147 0.19148010664630466 0.18969536270645404 0.8938163706739222 0.6305884914579815 0.15834173307234345
15 404 280 -160 100 -0.09223275327946218 0.2338910705625607 -0.0923075551182877 0.14345878148872981 0.116826131059249 0.05515626816722219 0.8307208955146842
13 63 -40 -60 0 -0.23566828653670452 0.12735808982264996 -0.08009862815478908 0.7247073360763537 0.49368606755943556 0.5841722579557287 0.25733711849234997
15 110 -400 0 50 -0.1449354903002783 0.1183797005771221 -0.21036809488329333 0.6453169338898006 0.24506168825477748 0.03495807458636979 0.4785590978929335
13 395 -320 -40 100 -0.02136407256099121 0.17206757109148973 0.21019914132482448 0.824973188506528 0.12363214725626503 0.6505706180216984 0.22133123511691088
17 60 400 20 -125 0.19490439292296752 0.11440242356261404 0.2207677480644611 0.6814940432828637 0.29833527543488014 0.41386511523671177 0.07589357269804664
10 224 580 -180 25 0.03270154764611938 0.08246248059696032 -0.18328181123516468 0.19394045996378817 0.06467754457040253 0.2920633342997989 0.590261097766272
15 45 580 180 0 -0.10453106103558013 0.047747083244949196 0.21063798689519198 0.2745397788590457 0.6517573108731098 0.10467720043642181 0.6447436284307905
20 429 -560 -120 0 0.10897024449653575 -0.21835466796510256 0.17623724283630066 0.15601706823345485 0.9903080735534716 0.5336353607198179 0.11820982286530879
12 353 -560 -200 0 0.10453764449031777 -0.12419226282786827 -0.04540111027117755 0.1948437681297338 0.42042639882717026 0.10000387707931302 0.7274431240728493
10 315 -200 100 100 0.15827676163291815 -0.006015931276983633 -0.24461018649998184 0.9266731799483843 0.16292910423820572 0.9201300027860073 0.8871819100329672
12 46 100 -80 125 -0.133215115630398 -0.12232320976076677 0.24810057918280237 0.2501784447111002 0.2654171522301395 0.12051496678898255 0.508534569867087
12 13 -440 0 -100 -0.21476755039582157 0.214380501318015 -0.12789129089390816 0.2686859886924877 0.7308996716307882 0.4575859692271177 0.214869091993519
18 81 600 -100 25 -0.11645572907787172 0.15188514488285393 0.014310497866960037 0.5370653627289632 0.6185732382945034 0.6239481864382629 0.605424511066664
10 244 160 100 50 0.20899112529979896 0.21155429298846756 0.07722446209151007 0.8533539091821103 0.3413987693742725 0.10561242568880591 0.6253257936972906
20 91 560 -100 -125 0.13522426882090433 -0.22748933747382327 0.1508900821432163 0.46773819567471797 0.09379539799171954 0.06093292881660306 0.5067339005434478
13 155 20 40 -75 0.032860514232562144 0.10085365252680262 0.17906209761861053 0.69810616798177 0.2457401059739498 0.0756771946996937 0.5538209783504171
12 111 -120 140 125 -0.03509603012011997 -0.10241971921216819 0.19195931965320578 0.9677593326010697 0.6982482726244938 0.7714166802225864 0.9983346391138967
18 288 -120 140 -100 -0.023479916210672802 -0.04107244319553599 -0.23702495209186908 0.9925052046373339 0.12585347260700286 0.18261632324685206 0.9274232829091039
16 333 -320 -80 -50 0.04526400151049448 -0.03736216139212173 -0.16624358473654494 0.40724877457065534 0.1639374026991799 0.5827052462016394 0.23373969895668834
18 152 200 60 25 0.2224266347452798 0.06259303684475181 -0.22701110093747934 0.3711497737437677 0.6313174851922264 0.05772048719756662 0.5875382866395141
18 50 220 60 -25 -0.22950830683970846 -0.10697501714519708 -0.038944448614593785 0.38927550545304646 0.3351041434902394 0.004408146431948201 0.31051932609473487
13 192 100 -60 125 0.2477856227988821 0.07302348578878604 -0.22549227193385957 0.37047245122572614 0.6463688528086283 0.7175460037604646 0.5726732161697485
17 475 -40 60 25 0.04311653107637259 0.15729777295114067 -0.11945971074039174 0.6305613545073608 0.08374030112936848 0.7892747319518713 0.6402840768522717
13 32 -420 -80 25 0.1538406202217239 0.2158727013251443 -0.020890067214076824 0.9149712272609645 0.8380218136074763 0.7210824406054634 0.5702714516619348
19 44 580 -40 -25 0.08269473421051005 -0.029481205266662314 -0.024212337892174918 0.543862709565565 0.07924799690926432 0.4722127739403187 0.7079465948164005
12 446 -600 -80 50 -0.1433528527945666 0.10008431990611699 0.04967749678375899 0.935754769616019 0.6068705397660319 0.9854046602996703 0.07488264693457147
11 318 -500 20 75 0.22250086213769832 0.16435543798935393 -0.03038520992110011 0.8676632884881852 0.9253003125448315 0.771393805523025 0.44509267217839044
19 335 -20 100 50 -0.0003331673424312176 0.06082839628879155 0.014980975160747423 0.24648093676017746 0.4640384011077856 0.6705147436129506 0.9257154233404524
11 236 120 60 -50 0.11243661633242963 0.0959696486910937 -0.08572485408793312 0.8689711120523089 0.015356682093841223 0.5711664230767545 0.7279859735110064
12 297 180 -180 -25 -0.14447561476108317 -0.07822538785809813 -0.14830859579556777 0.9889078970172408 0.9914385507422342 0.5170233933001682 0.549497236647233
12 148 260 60 50 0.1493399032048795 0.07083482765754606 -0.20306206023925255 0.13274880375346243 0.27408431016974577 0.805048274072847 0.44824861857649445
13 155 320 -140 -75 0.15239071868748977 0.1812530413559107 0.2165012306872917 0.19911519859538618 0.2588772774002327 0.022855001842204015 0.08538904553852311
10 218 560 0 75 -0.1964894674668184 0.146973427288853 0.08505699321412152 0.9026718701017138 0.6575877657669613 0.12448584524759077 0.6466403783777958
10 414 320 0 -75 -0.23183268849879896 -0.17858038427480816 0.24893046907195315 0.8315859166771398 0.8857036487378768 0.512179348951076 0.8429565412945572
13 88 -500 160 75 -0.054886576321765135 0.004729262233658937 0.017222569838009405 0.08595271835164697 0.46148789780993327 0.7789170210970289 0.6454223570429224
13 301 20 60 125 -0.1767259292356197 0.06698893249734245 0.10961046220873133 0.20713237286092945 0.6430881412525806 0.6528108083172344 0.6117268961152172
18 122 340 -160 125 -0.24887320845451272 0.21343274852377447 -0.16330459686682058 0.04901818753619258 0.2981906563941217 0.1519068401943946 0.19049847347618032
19 23 0 140 0 -0.006026445240472356 0.030177667713432332 -0.06186458691897717 0.874912692158936 0.5678368592655844 0.8311374562318535 0.4576573261017822
18 190 -600 60 25 0.07993542904970541 0.15443417108769875 0.024686474114037515 0.19389563428644796 0.4693212092173734 0.1147691539804091 0.9844470267566341
17 485 -600 200 -125 -0.07986457034374506 0.15360276779001725 0.1371347085830238 0.9438427006190901 0.38299613108994746 0.49702195109939884 0.2425713566882618
14 254 -20 -200 -25 -0.13796918190227125 -0.06122591051446663 0.07153609794553473 0.14059391222080508 0.23629294835643244 0.7025705380459847 0.16955693230046942
10 442 -220 120 125 0.2433963010776884 -0.2201906411662896 -0.153830245149969 0.2316894078756615 0.7384339185235378 0.6042916584261951 0.6241270319111529
16 306 0 -120 25 0.08334007210114242 0.19308723089866536 -0.08162337547480647 0.6352307290333471 0.9873166725813323 0.10305908164547495 0.9188359676690285
18 61 220 200 75 0.16228586084059804 0.009831140641372194 -0.09638389679796416 0.1637683946140167 0.8554755739066894 0.4228306146923084 0.7460488837238021
15 218 300 120 125 -0.24479257065851312 0.11129352658334507 -0.08583499501589215 0.8233578996348423 0.17764218985718017 0.7518649026981384 0.7162517170248841
10 270 -480 40 -50 0.2391979233691588 -0.22353074644242577 0.15785870382131661 0.9877157704151505 0.07281591823578792 0.8980152064185231 0.003893732259503291
20 84 -500 -40 25 0.18078760848031972 0.07855668638625085 0.2305142454006867 0.8962746634683926 0.7289808192180389 0.5179177879369506 0.8113891373142814
15 241 320 20 -75 0.11216444291227479 -0.12089731158783229 0.22057407287478376 0.8055334500250473 0.8421904983748201 0.4052085241420291 0.46092362724122504
17 179 280 120 -100 0.16334663230538066 0.12654639355331215 0.10058470945206904 0.29096804393899467 0.26910810319877054 0.28706041502479873 0.12128575341581882
16 138 -200 -160 0 0.041082334990485636 -0.23435151623931327 0.026261658361341755 0.07544896424675618 0.21909709393527632 0.7279665878439155 0.4787219866715813
16 418 -580 -140 50 -0.20447982852342017 -0.09823729113806423 0.1231759844889756 0.3033243913192113 0.36347996708518904 0.7876922815386944 0.11913314632335281
15 275 440 20 -25 -0.2211956332703371 -0.057454174036686734 -0.041426652179176904 0.7026897499313313 0.8635266045189072 0.35005167759647104 0.6418096938033366
11 411 -40 -60 25 -0.1969024427699192 0.21290327934505798 0.06378813544191225 0.4695030098784979 0.8572039389053491 0.42497470730961107 0.43653276782648887
14 191 -520 160 125 0.10988155736595245 -0.23516670044846666 -0.16767628939524554 0.41232036144626616 0.5968013236120167 0.7064839556825466 0.08401054193428148
18 37 0 160 50 -0.10189735474292144 -0.20293956254096113 0.07353439235969705 0.7245859175826008 0.5677324916571017 0.5332732778604126 0.23608197535941566
14 345 360 60 -75 0.2352876077269585 0.03713146199939671 -0.1862941581765774 0.7833040452862041 0.42061016852448296 0.16609580204907237 0.8035639534984916
17 236 -460 -40 25 0.04834958821883273 -0.1633121357386016 -0.0422047040722473 0.5209249838882879 0.4908839751016292 0.22535973312560664 0.1073630160015413
19 219 240 100 125 -0.2483300568774215 0.22650837511476457 -0.1784327113631613 0.2540429254921618 0.4290557729325717 0.5391268166659391 0.2515824822794127
13 231 60 -120 75 0.21955530154877212 0.0616847096512787 0.07476046746187409 0.3626928456291221 0.6849265567406755 0.8270560904091845 0.7734899087774791
18 382 160 120 -100 0.20323625837704323 -0.2227563110664404 -0.18317235864618836 0.9814754499211119 0.41464411581923466 0.6150967849458915 0.8192923718896216
18 399 -580 160 125 -0.17701690382973456 0.1738521823090648 -0.09057418199110612 0.253298128355138 0.6087181486774215 0.18444605714865236 0.8396743289945716
16 141 280 -100 75 -0.2426085109999449 0.20975827398033953 -0.14648974962876044 0.6287660031090945 0.4222122333047251 0.20176776665329088 0.3534231579239544
11 305 60 -80 125 -0.1964557998801451 0.10084887061452236 -0.04088971068849284 0.23156044873075876 0.19915975773454742 0.24408802770840754 0.9962455218859734
18 154 -280 -20 -75 -0.2110492505053138 0.19341234129812301 0.23509913512509373 0.42194461414007856 0.9287544293786585 0.6251915127159965 0.1923032382386557
13 275 200 40 -50 0.1081907944286713 0.10708817429654655 0.13214937101240792 0.21283707844159094 0.3368899999548053 0.055056249238438104 0.3815756938628737
10 87 -380 140 -25 0.15225029556008046 -0.09498597118161611 -0.09584034848745399 0.4696578868583742 0.7413490027416814 0.2855015057300274 0.8230946721049253
13 472 460 140 -100 0.23154151238930726 -0.12232640183570176 0.015381600278546015 0.31581008281229805 0.8770240909265619 0.5058166045118336 0.2524415089800274
15 90 420 -120 100 -0.23400706346042816 -0.12181543787961219 -0.030990267913705682 0.9021087682123476 0.8638613370696926 0.25448398893394986 0.6711572638105474
18 403 240 -40 -75 -0.04642067827791474 -0.13678288331538352 -0.07282326354017687 0.6913285048675768 0.9165605722946233 0.3586239163913578 0.5622090704075532
15 55 560 -120 -125 0.03902322238182632 -0.11769348269781948 -0.1020930638790104 0.380061305982593 0.13508147785532898 0.9437694978965883 0.6072376416162378
16 104 -180 140 75 0.06436535510671482 -0.2109005701366301 0.05457538180389787 0.02373320381325883 0.7935530225241452 0.36288056517160017 0.20596533951565132
13 278 520 40 -25 -0.049370780435443073 -0.11897650786784641 0.15616229845199414 0.6626321090164669 0.5967726639083984 0.5449898820611366 0.5277367069987059
20 210 80 -160 -25 -0.15653911561895562 0.2437980941485154 -0.12501957084362808 0.022859846781005055 0.307255410961488 0.6363798501557353 0.885428268256654
13 257 100 -140 -75 -0.20381849033374017 -0.10228231164472307 0.1523029088517035 0.15977405953846902 0.8853676964911622 0.5772069384551116 0.5253974964870529
11 390 500 -60 0 0.05468870176255691 -0.046459841580225814 -0.035499843253893715 0.7537014384926077 0.9891464502202372 0.12617228662927837 0.6944713010981188
13 81 -420 -160 100 -0.07771118135134969 -0.2373455186417932 -0.013055669620676225 0.013354532028920896 0.4863551650661958 0.9070794371843356 0.06868819546600924
13 67 -40 -160 0 0.004327077267222645 -0.1283379343899872 0.22831547014013232 0.3909719076814233 0.8840105540728439 0.9039735107592974 0.6064958990629233
13 366 300 -20 -50 -0.19209672899263452 -0.06265765737961643 -0.15064706169712205 0.485508826436473 0.6958435980455122 0.14170103242966525 0.708131649775695
16 186 140 180 -50 0.08724349017472888 -0.016762166452090055 0.09882341555254753 0.505873897289129 0.33086495163807417 0.9717305034692634 0.05640314202744334
15 288 -420 100 0 0.17080958539300012 0.22189075334139047 0.07711368063834795 0.10151042731902227 0.5917287099288665 0.9764237119156087 0.8686936660452406
19 92 -320 -80 50 0.24561728362103757 0.049519465873702984 0.10918831230069254 0.7432249440402121 0.8327151717031162 0.686496503126085 0.8145392008476812
18 239 -400 -140 -50 0.07050116956776853 -0.18459207696433766 0.21977935253261777 0.04875030902877442 0.4229261797063989 0.14443365513602602 0.8118858181566654
11 82 60 -140 25 -0.06258830813813193 -0.05371021522041969 -0.005637803661627527 0.9097535857798865 0.7296622653459146 0.3647062218921462 0.854018044261866
12 58 0 120 -50 0.24654552521550965 -0.112145785555403 -0.16619934581808737 0.22535378470705447 0.7632319257483928 0.13727528989301185 0.9898697992371469
12 62 340 -140 -75 0.2055319217637493 0.12617002133072225 0.18577661057233397 0.5763054780665937 0.17894655979543417 0.7225815912980599 0.23050237008996488
10 284 0 -60 25 0.24954028481584223 -0.09780989936817747 0.08000125329057861 0.6783199858764403 0.9895666396221412 0.5739721063671654 0.5144975366802051
15 302 300 -200 -125 -0.22659415581591297 0.23139585342249597 -0.17376900870141604 0.4867699330918255 0.20185426653470717 0.7477581916475747 0.2388386865448211
16 158 -60 80 75 -0.10144561603852409 -0.11176575408936945 0.03704211719149075 0.18503458780170667 0.49282622142611565 0.05172873280900048 0.9127887236434835
12 57 20 120 25 -0.12019369285114934 0.03127184510942821 -0.1231139534022937 0.3896618644383302 0.08975303742282081 0.5704946020852438 0.17166502614531187
16 265 -300 180 75 -0.20276491544696157 0.13164205277826968 0.1757082437592633 0.5227784434103585 0.2601068218194219 0.6198535586691617 0.3593861016033576
12 359 -540 -120 -50 -0.09586098934479154 -0.08424252948446653 0.1773418069163299 0.8852631668656058 0.7191203145490719 0.8270472432685761 0.07733758218706888
19 363 180 0 50 -0.11309247230618447 -0.067598096413997 0.16863439656486706 0.2824473079589842 0.36524665822459035 0.9919655555646665 0.15384264749235654
20 188 40 200 25 0.11367760416104689 0.07317080406729515 0.2150484083208964 0.5830661972473085 0.42779811467287365 0.9663863108483967 0.9458629066409936
14 376 -420 -80 -125 0.05719170655189165 -0.24330526385314083 0.24302033215315794 0.832156107861081 0.1654134788300815 0.2675883379239449 0.7665979283183812
11 193 -260 -40 75 -0.0018146615645822095 0.007816729214900675 0.030094224361923494 0.9587213595025801 0.24180437128089782 0.023154516572262085 0.07846775419047769
16 347 0 120 50 -0.029560196761037383 0.09877627105969439 0.20291063488194488 0.3507668243745937 0.5773419263217132 0.7253012780330972 0.36042434533775725
17 454 -480 -160 -100 -0.18681618820595275 -0.20627364962655453 0.22845598994040972 0.5341504420440734 0.810432551465342 0.17585898210872242 0.10578533105061572
17 481 600 -60 -125 -0.21370857970636592 0.021983428634220092 0.21385300149525455 0.7999671022402545 0.7813871034658109 0.7124345600897175 0.573999750109319
15 461 500 -100 -50 0.017156803116307684 -0.16893402660134937 0.10880751427925145 0.9010514705543402 0.9079714144648648 0.596787309722642 0.6302488062750516
17 245 -460 160 -125 -0.004917947419384727 -0.07045457532992966 -0.050644141755451066 0.21261595041914771 0.07763039342694766 0.051098437517583806 0.2688269321847826
18 249 40 -100 -100 -0.23647767302997535 0.1069427971449145 -0.1080431865152181 0.16815643392297241 0.5355896234292962 0.39613643419730127 0.743980110922045
10 169 -500 -200 -100 0.014098353125768626 -0.03168019609747352 0.23859676642304417 0.7735094201350111 0.14247412629188583 0.3434581126988402 0.4788690681898069
19 154 180 200 -50 -0.10830898269566758 0.16798814020543368 0.12007486167611808 0.7715278721907013 0.7101597430198923 0.5849485601514447 0.9400168484497099
19 80 560 -160 125 0.19934422687467285 -0.035621652276186355 -0.0044638969327219225 0.03710512309529235 0.045205306520450406 0.9028203835852114 0.4990597340864351
16 340 360 120 -125 -0.18822328851725872 0.06569791834172833 0.051460897666322836 0.9249289833268569 0.3365516046341751 0.11494126582867603 0.5695420349260079
16 41 -540 -60 75 -0.19543262283251456 -0.12730374526885646 -0.19015634523364672 0.3476146822629903 0.17822408188651773 0.5283840055380049 0.7940692985695057
12 414 580 -120 100 -0.08796049773396408 -0.060982576815649 -0.05866967557682912 0.25573489951156814 0.5172299073646266 0.26673848914809306 0.4121620151734241
10 293 480 140 -25 -0.14280866656569963 -0.1579135825295942 0.0667019318688043 0.32368973014586955 0.9339293617768863 0.7973062351861121 0.5960754291090653
12 223 -400 -120 -75 -0.24424572221520635 -0.05622119857389607 0.17755277480649678 0.17609513054525905 0.36157165213175246 0.43265039877320066 0.46487916400289975
10 455 400 160 -100 0.10246920344177946 0.07184267018338109 0.058634166005099075 0.5477338741640138 0.6528479897376933 0.43994997786263135 0.6882855831193865
18 384 520 -20 -25 -0.10880205440711066 0.13691175924569532 -0.06715958978349751 0.5114103820201733 0.2571709189227812 0.8517521853046076 0.7822660571025204
18 303 -60 40 125 0.15072729032692078 0.16478405321612627 0.12455519706897333 0.45492083429669716 0.9422313286984608 0.8387496652521915 0.20200865381088995
16 148 400 -20 125 -0.05435781194255179 -0.21801775036115134 -0.17756188535426015 0.2416398606404332 0.9813862618875167 0.4062469002614576 0.7914274574173207
16 314 540 -160 0 -0.1469323437123412 -0.21974073939800098 -0.10697305112216748 0.6459615214510028 0.04862399363510361 0.4869025363775793 0.3002591618863123
19 154 540 160 100 -0.008487352174910812 0.15411825236539167 0.12879324266776293 0.8898312149142292 0.15300152337578699 0.018640768585744483 0.4857127490122397
12 238 -140 60 -25 -0.24048597037964475 -0.14153515042089693 -0.011105814331736574 0.03996447853411644 0.9857382102732348 0.9883904437159721 0.0633611218838348
15 142 340 80 0 -0.053145015612641844 -0.24069383189044619 -0.21195809800042342 0.33117369676348485 0.24520693621636613 0.4876589525641274 0.5566065565169503
19 387 -300 120 0 -0.11210122646666504 0.03493858773039332 0.23863392526727184 0.09884669105286903 0.5149507521879035 0.6738064936021535 0.00648781192677228
16 16 -260 0 -25 -0.09279436956037213 -0.20429460344367428 -0.23081037706006685 0.9323419743833927 0.4451106685406553 0.22024183965085875 0.37050975168349665
12 369 -20 160 -25 0.1329736240098493 0.1837665843304907 -0.03709590379013189 0.8717727794850078 0.5294841906130198 0.7397844655174001 0.053079573631544474
17 388 340 -80 -125 0.10638222861345303 0.01072380452703725 -0.1093335418324039 0.6471385466968632 0.9052158580366532 0.40274449084872155 0.18013980701992305
14 89 -340 -120 -50 -0.11627267104222344 -0.027377255272857726 -0.1713117794599891 0.6875153099273432 0.4582681603719757 0.2682917083693144 0.8350801186087736
11 292 -560 -200 -50 -0.15699119767017466 -0.014962443543388215 -0.2131552797288508 0.8952305928259123 0.8006279701941816 0.738989257326979 0.11838611397458176
18 384 -100 120 -75 -0.13347344115723392 0.18174392960847924 -0.05251877963302343 0.3705320733710036 0.5821055466741618 0.13863200577051948 0.9874717363473495
19 485 260 -60 75 -0.16444839568385566 0.18894928564745062 -0.21215161374478148 0.8252516836942357 0.7344621346146964 0.07883025681656597 0.1396502957918394
11 322 100 100 125 0.06689788962551707 -0.14440079065627837 0.08003813899208861 0.6656023386071209 0.9985999896771753 0.11423114208486973 0.6655522815055109
16 492 -480 -160 -75 0.015562439018219965 0.09906945057772337 0.11706724890404857 0.9733750850876406 0.4855095703212736 0.715783777673158 0.9871083235511969
11 441 -420 120 25 -0.18591664989902523 -0.06095921489770034 -0.057664920685846555 0.951984378128847 0.41998023342429025 0.594948611699301 0.18607150839055486
20 334 -560 -120 -25 -0.2085733283249251 0.03996365835423432 0.01446847600119544 0.3146183316354346 0.37748273843674296 0.05034886527423044 0.01809396371623362
20 416 -340 -200 25 -0.16235756541956448 0.16527426383662874 -0.24856877000777028 0.27593387897561694 0.04003117914729237 0.9869186683200177 0.0677725141948764
14 74 -220 -140 0 0.12666665355339424 -0.20982365172615663 -0.05810393126379071 0.5927409258473079 0.30792857591843326 0.9110624982816702 0.8522652704112733
16 286 -260 -100 0 0.13033596398019331 -0.2460106085355837 -0.048314169881109204 0.4273054775960099 0.29147297503681513 0.3935174814671446 0.11485123970584965
14 99 420 60 -50 -0.19300436305324958 -0.19952030497897033 -0.08493159693691005 0.0358956290670035 0.5906670055853516 0.8165841940734876 0.3641411771938
14 122 -500 180 -50 -0.23272213466586938 0.17762203878536914 0.13772487172004744 0.21173304564277173 0.24284725095659432 0.06723511811868044 0.472277650753407
12 72 160 200 -50 0.1939249066168538 0.15826500044033476 -0.0977081238435511 0.5321975923795861 0.2878476012975848 0.1445488715053025 0.9956666234463682
19 299 140 80 -125 -0.0006003978028163437 -0.19742379055512183 -0.2023382789150331 0.1781419538641854 0.05351529412752343 0.6388163402580294 0.2258923765189308
10 239 20 -60 -100 0.1902677652384972 0.05231498807134688 0.1618775347357702 0.2787770230676955 0.455304066713512 0.9899282135592448 0.6028061944770814
12 477 20 80 0 0.017336373571062824 0.20197793426975647 -0.009858812536177375 0.2230762898241473 0.1206110512098234 0.5006312951900392 0.44044152934722947
15 222 440 0 -25 -0.18359742237060617 -0.010912989888437419 0.16180608094601773 0.8115092103344549 0.0018671288234864969 0.8212438586760933 0.04849397837939651
15 306 440 0 100 0.21784792910899037 -0.1662380641930864 0.20714972490583422 0.30874207713855295 0.46834601042983537 0.3304770457922894 0.9587076901400355
13 57 -400 -180 -100 -0.06227195417738751 -0.16148733905946822 -0.16210576173218028 0.4176852885359823 0.7234553966812813 0.217508523945931 0.7375036515243688
17 461 -260 140 -25 0.11384945460365126 -0.18183365205247437 -0.20007053763636878 0.4631555533759798 0.6322049442700625 0.3492419524818887 0.5438894611090016
13 342 240 200 -25 0.2175023716369654 -0.13016332563272237 -0.002247922573150707 0.06765098589594987 0.8239933107278754 0.1443256359040328 0.22085433484539008
16 258 260 -100 0 0.21012598376217695 -0.1677733065853248 -0.12289322493157662 0.8483903279913252 0.2595225821178906 0.4383482471358696 0.6156904403380588
19 205 580 200 75 -0.05035352626711398 -0.195379636089279 -0.21222107482115143 0.545154203954326 0.6391435961195707 0.9214163006688335 0.6708483755236525
10 125 60 20 -25 -0.1377797952305937 -0.03665115899012267 -0.24051328423569357 0.5147006023894031 0.18561749227738755 0.5026612261392491 0.7620722453575703
13 150 460 -40 100 -0.24913363023363005 -0.02913528976012214 0.11772569739033284 0.42244360158558236 0.5531647416961258 0.3812019655648128 0.7163147776743463
20 334 520 -20 0 0.18849674997829013 -0.21162621254413289 -0.005931940603000341 0.8857455806226519 0.08906370535245933 0.3659487130083815 0.2270882189267156
10 14 60 80 25 -0.12280783484897267 -0.23859723661138127 -0.21289487568134308 0.7012624947440916 0.9166778194897184 0.46948782933867783 0.01036998905909714
18 367 260 -20 -100 -0.1376577733308117 0.22162607453508343 0.12095867854160669 0.43070500407588175 0.060875408341016124 0.7088698063513038 0.004240870330967206
10 24 -360 -100 125 0.036077885691418066 -0.23442219336187886 0.015609926197792334 0.45783160995555905 0.3112647897511923 0.7859528703092528 0.10815862263444753
16 488 0 -20 25 -0.08573920892468107 0.08938784687201057 0.22317545258426513 0.2144283538950824 0.4982432706216666 0.23168315763434566 0.7220479440022706
13 334 -180 0 50 -0.2069199795398869 -0.06591055707343069 -0.1074547112320266 0.14665849370253037 0.5117920377672828 0.3100794781938625 0.527731344448625
16 56 580 60 100 0.2135829094869856 0.06960315611307194 -0.1690194905874038 0.9250437530542598 0.11127342476165569 0.9770779215667674 0.6458451015767847
14 442 -500 40 100 -0.19805504965593246 0.16280895679232144 0.17267898867758436 0.8876530231985479 0.497450929430445 0.050058326020191446 0.7869427820521491
17 213 -420 200 0 -0.07460505404129941 -0.21628829672923855 0.14450465799474865 0.9111413012451488 0.5780092432743652 0.7754974934376007 0.8203320055199647
13 331 160 -140 -100 -0.20598597083983305 -0.21672442231058164 -0.07100574758865102 0.6529795755747397 0.16210657382973714 0.7029424619487166 0.3641781637818169
19 97 80 40 -125 0.1920757981281953 0.16031628507226098 0.1294556055400562 0.5129615483998092 0.34884126186417574 0.889847241342299 0.005295003028893741
14 373 360 -200 100 0.188288359260883 0.24802866219872832 -0.08287465382976994 0.7329907805079204 0.5463954711678366 0.9624497724496093 0.9335614887911966
20 140 -480 -60 0 -0.24855212605392807 -0.17066207200653044 -0.1434285955195454 0.7386535050980978 0.29435520385383485 0.7534464222971406 0.4137728506590278
18 38 -120 0 -100 0.13236975909254478 -0.0682100983517892 0.2194739148304965 0.9828420552702539 0.00833068189662034 0.8345286504602331 0.6562053660228129
15 306 -520 140 -125 -0.07693446503101303 -0.21895736975654817 -0.18193240514524855 0.7698817867059234 0.23838367334998933 0.3178933257350278 0.8250050553011469
19 75 -480 -160 -25 -0.16846053794201898 0.11749133794975042 -0.19244133459794455 0.9387280303203499 0.5747861047000422 0.9202955995446971 0.2911022843972475
16 188 240 180 0 0.21138752645647874 -0.2142221270093561 0.24745364458648417 0.25790358312017014 0.9740127356528193 0.24509364650050292 0.5657814334209972
17 210 200 60 0 -0.1928208040876152 0.04902475906301318 -0.05564472933511966 0.6178924997717105 0.7601412413800667 0.3646785775316356 0.22308594022408657
16 56 580 120 0 0.12287659478171875 0.11624773675510675 -0.0805386989857389 0.6432456200095902 0.7442552620783855 0.37489103476141583 0.41063929697339563
17 490 -80 120 125 -0.1326056579360605 0.02523370387242896 0.22426823783548788 0.6578634625852644 0.782618102404505 0.9791600777731466 0.5181421200914762
11 110 -60 -80 25 0.23174365102630073 0.05229712156280325 0.10471007118444936 0.1120104678696574 0.4194193818092047 0.44833937388302847 0.8397665179627914
14 395 -140 -140 -125 0.053204044549934715 -0.1201916781335734 0.06548834515190699 0.5450806337121556 0.554568786912019 0.9371084606650885 0.7384856812771478
20 168 -280 140 -125 -0.2234023569631844 0.08100913427242268 -0.12300082789065625 0.9152877977742047 0.5795437326092974 0.07071549638667518 0.8341324452245529
18 36 540 -60 -25 -0.24340463521997674 0.18051909585863724 -0.15131108303465224 0.35093801286585025 0.8080899580536572 0.08808152356252408 0.8114006476967092
16 289 -560 -180 100 0.17445256615221366 0.11571978565550095 0.09543309504162928 0.9076178558203989 0.8750077315077313 0.7096465667168349 0.3761485915141819
11 70 200 -160 -100 -0.20307114773015694 -0.19406960002614232 -0.15357566965611802 0.6044778906433154 0.09778323389238064 0.5894695740253204 0.7438996301648456
11 415 -200 -140 -50 0.20872423308382232 -0.20198517723622444 0.23562910740046383 0.24498805920453082 0.6143360430345884 0.06548421831013518 0.9466571045356336
13 417 120 -140 50 0.22859750639928872 -0.16861916045752073 0.12944817993856655 0.9666636468263459 0.9448514715533324 0.010885256926767561 0.5310273437399844
12 445 280 120 -75 0.125132010301844 -0.0853927175005148 -0.1274045508349292 0.6295996357329656 0.9042238423103793 0.05682352493522147 0.30507695982437644
18 54 -220 -180 -75 -0.12343959097010937 0.18220375031543085 -0.1195288663195116 0.5703555822601384 0.3314262602935292 0.8293716158104486 0.2848513792641949
16 226 240 160 -50 0.13849831835733162 -0.22991212311043713 -0.050521243359357926 0.9761329380717993 0.5101594412120368 0.8860430659629129 0.14957478140652825
12 309 80 -120 0 0.1288497090198717 -0.04807506537623857 0.05978169162002095 0.8742130873079911 0.09030610595440991 0.4084821559756322 0.626944389828748
10 268 320 -160 125 0.13758602381266383 0.0974168604210307 -0.08796645084435184 0.35008846908582114 0.1401291882138992 0.15261019754105998 0.14066300010385968
18 324 -200 160 -100 0.149233339045313 0.2064740761066453 -0.14869381930400472 0.2287805084136867 0.607734652296489 0.8205709566891036 0.8126855806661091
10 358 100 200 -25 -0.14140797512535142 -0.23599458659144618 -0.11825947114985125 0.7320686105555103 0.054603152198701044 0.3387218524531639 0.12346811397431967
12 421 300 -100 100 0.09570295153045166 -0.08173594570768322 0.07368855261545271 0.2919886757848096 0.3559596362447539 0.9236860053082339 0.38592677387529184
13 243 -40 -120 100 -0.20761135243363 0.04381993891213287 0.11637385036180864 0.5873448484621824 0.5881729040740172 0.5554938724127163 0.5432962079727015
17 201 480 0 75 0.20699531734278548 -0.06052850591993558 -0.13206958411723896 0.09287462121640977 0.7133195266221597 0.051068300187425475 0.12406748124833977
13 266 200 200 0 0.21010651080525555 0.18166900636024375 -0.015894132295673435 0.5978377399525078 0.6569540018543323 0.7908892434661494 0.01776312578941941
19 253 600 60 75 -0.17106040011793583 0.06876950194740061 0.03804668807128331 0.1669626334827241 0.6652129526534737 0.47255239879074507 0.7885746730621492
12 329 -420 100 100 -0.21879905461672233 0.11870875643949813 -0.15920572687999673 0.13793270500595234 0.11869516302815852 0.8891657512040698 0.7082673518481758
20 204 -360 120 -75 -0.04278839124544198 0.007717717187333273 0.1910428822383483 0.23575272045353723 0.5497713075746199 0.6878707268428053 0.43606613776485237
13 191 180 100 0 -0.23443846986344818 -0.24262999484703157 -0.20987181427268603 0.5289430269650992 0.0035129479686430987 0.6944727968127328 0.6912440726168554
20 487 200 180 125 0.18273556638544702 0.15520289515389513 0.013612673235437911 0.11297687079856533 0.1900342416121351 0.6954760918033792 0.5092183290631516
11 368 -120 -180 -75 -0.04372454762723765 -0.08006684299793776 -0.046144578106526835 0.11522456316403507 0.5795692070096069 0.34234188053500203 0.4878742999955268
19 313 -60 180 50 -0.08001635598945006 0.19991219480770595 -0.175475269927032 0.7637352306395425 0.2950094864989229 0.19219317975501826 0.5593761617213155
12 428 500 -40 -75 0.097700833856523 0.1288258204316159 -0.23910141244461425 0.07147561415195869 0.6407135721519811 0.2318482054908686 0.2232399806855523
15 15 -80 200 -125 -0.018896676055699835 -0.1271672632359256 -0.04915459624436963 0.8759906392919479 0.6710440849816779 0.4642710389581157 0.9247225557876936
14 139 120 200 125 0.027069433117104025 -0.06567733373381512 -0.0813043172266048 0.23275022949017177 0.40243747466750157 0.07469990400859916 0.7863055287142239
10 302 -560 160 50 0.14677054468261058 0.21064555065777435 0.22013390053579657 0.2520421222466651 0.025209457594399076 0.6643075110989944 0.3335809281006148
17 366 -180 -200 125 -0.20764517220500395 -0.16892456314720494 0.06163153921896908 0.3698558269551796 0.8403053176424491 0.20983784349022483 0.8370051434860832
18 46 340 100 -75 -0.004357371475855909 -0.228966770838683 -0.006766161688486816 0.4857442030679492 0.10795146940941969 0.46303821947281165 0.38139577615948583
11 476 -520 -60 25 0.17681578942234705 0.24376098729414863 0.20366288579867015 0.9314481196698214 0.016944183268851054 0.4761667331568009 0.5555214822495583
14 304 -520 40 -125 -0.1772506415289098 -0.1371689846274451 0.061675298805552004 0.242229514808881 0.00519645253905654 0.47336178270855866 0.4617222563426753
12 215 580 160 -25 -0.07399115329829004 0.03196112288537495 -0.06855202126429183 0.9079186030031403 0.059646527358284684 0.009856791026780054 0.11104373196231032
16 376 220 -40 25 0.24801135684186792 -0.21692306503708253 0.13782911221882932 0.5751548723558696 0.3208232463751801 0.27510080831000183 0.6204199444555302
19 395 -420 -100 -100 -0.021707622358081713 -0.1774283426147426 0.22052380578052033 0.992127331481185 0.31169165918851127 0.9296234429619604 0.3967194672447759
17 61 260 -100 125 -0.16603928185589606 0.0219988465078072 0.2459063996388196 0.08873713666487182 0.8445089297905973 0.9148042823379581 0.8355216125687399
20 318 -60 -80 -125 0.17085360623317097 0.23595515568869962 -0.15975011777822906 0.39318146686570854 0.946227074510068 0.04225091321578833 0.7615540999895775
18 168 -220 60 -75 0.028078063022363153 -0.09491630321268762 0.150209564037167 0.7148221631283513 0.31798387188959587 0.8322935729478055 0.24773903949359555
20 403 -280 100 75 0.09782491231585427 -0.008822668180133442 0.04961376292825548 0.34908856570329694 0.8620871114794673 0.49514684401448683 0.7812193598904029
10 92 100 140 -125 0.22594013698347676 0.02554711517009678 -0.1517215211282602 0.36658103010859533 0.9493611462056133 0.9858249990414876 0.8902113794462501
11 261 220 -100 -100 -0.06210977524988193 -0.10658047710017371 -0.12351711103364066 0.2167768029536531 0.5124448726962703 0.14574848252812367 0.25915482384431987
16 389 120 120 25 0.028269543994979607 0.1322859681590845 -0.10202084263939826 0.22032143762871836 0.9021446075645453 0.5739332966227528 0.8004007104733152
15 152 280 40 125 0.07406459582030911 -0.12142192495443493 -0.1355611659474753 0.9225540005151036 0.29743086276448816 0.24400671917438543 0.33025923778861377
18 256 120 -60 75 0.03340008481420731 0.06695207525944508 -0.22064798258517027 0.9536580618210869 0.9977935273841507 0.4095963104233016 0.3571357434349286
15 450 -520 120 25 0.22306940101328954 0.05193471856735604 0.1715738802498824 0.8459789284264053 0.734381917514588 0.00031495441426032666 0.7409617944994229
18 386 380 120 50 -0.09229714684918272 -0.12355956393098061 -0.13290884949856674 0.10210993498745635 0.08937618405993786 0.5378031695957656 0.6839357271820921
15 283 260 40 -75 -0.008269387082469715 0.1782368516249534 0.0037740940425476377 0.08061605600172272 0.6129244839779482 0.8507917694923407 0.3298575622545037
11 443 20 40 100 -0.1331867416787248 0.15677383298280134 -0.2277084433403317 0.4688177495559167 0.4825042756199568 0.5866698291848851 0.4116829340979119
18 480 -500 -200 -25 0.007241436158658077 -0.07463094129758951 0.1337507318530456 0.7305801556516657 0.3368646033492546 0.6549337397129331 0.2846201895506062
10 48 220 -40 100 -0.02875211653621762 0.20372953379312125 0.1782582290956271 0.6846769403193538 0.9880800835377693 0.9775602657929806 0.6941040443271072
19 425 40 60 25 0.1925291129350401 -0.21339191484409187 -0.09878617603161988 0.5668965320317795 0.7781291095647834 0.7068785275977296 0.6572636272079158
19 72 -420 140 50 0.02343037620796634 -0.11377483493967383 -0.11206116441005037 0.909780662421129 0.9700998447765224 0.7886422945036259 0.5029201967594759
20 140 -300 120 25 -0.009228316792980473 0.12393987548066182 -0.02782679952632161 0.42055369020863553 0.19138957029510673 0.8705166520211688 0.9879331846588599
20 371 -280 140 -75 -0.11788541628330323 0.08080765314914623 -0.23296821519170996 0.2926170889436619 0.673736700143041 0.43053945781082437 0.22139422125633879
19 150 40 -60 25 0.24597745200422877 0.2254693066601317 0.24896220157955468 0.35287559694802084 0.07190347318748946 0.985400977635027 0.19090266780206278
20 177 -100 -160 25 0.19944690438329132 0.03262314089323359 -0.22395932343373642 0.6440337870337246 0.1902870598253903 0.39600382113388244 0.6647467498760704
13 285 80 100 75 -0.008969354346261116 0.0687072698464758 0.228150349486462 0.9405008656663328 0.7943721961316753 0.08183454654069788 0.5564067036865042
19 19 -340 140 -50 0.03936177207579644 0.08655856144548324 -0.1707311457083558 0.24701828796320802 0.10787296970781957 0.625507707422931 0.18668880572067914
18 144 -340 -20 -100 -0.18213308976777248 0.0488986262192303 0.1681103985499442 0.4083293394310501 0.04197048815238602 0.06946314117323094 0.6670079199491714
15 91 -320 180 -125 0.18399173070124042 -0.2024882498203026 -0.08997179773693226 0.8354847351408285 0.19086557613734523 0.6532318184197438 0.3803481817860823
15 297 0 -100 -100 -0.10508582815439366 -0.24515599378462732 0.01275740180164081 0.589623358622086 0.516976513573926 0.4457349630599975 0.2386075454956148
19 40 -100 120 100 -0.09802808557976977 -0.18585377346397802 0.07391984488616649 0.38077160972024005 0.5237378399846524 0.8176531841165806 0.9792850004459446
14 204 -480 40 -125 -0.003767334474723605 0.228915721814552 -0.1977933176622783 0.983879487602226 0.05966653025390811 0.5462260432893414 0.9216751043660356
17 10 140 40 100 0.0694014301252095 0.010434529642446178 -0.03474219324221345 0.553251544560986 0.1367467913574021 0.9339629276248712 0.8137131148229431
17 105 -480 180 100 -0.16859069722713838 0.17913065441473475 -0.1025804998047044 0.9953392182430154 0.7519183667929085 0.3792955016123527 0.664110097275429
11 295 0 -180 25 -0.15995747098615998 -0.1291807855345844 0.029124784793349512 0.20078237619086547 0.45264127920945185 0.05114971096697041 0.7652998212965515
16 279 -40 -80 75 0.08457306176853718 -0.2173179426783413 0.06323002048112869 0.4453533262293421 0.07589505190305745 0.9306425400034408 0.2087525351739159
14 80 420 20 25 -0.22234032506384832 0.09519559787975157 -0.029228021815913274 0.46604546378090295 0.1798760352991826 0.916838526417354 0.9763756504374046
14 231 -60 -120 75 -0.24463875335369917 -0.1228957199058181 -0.2482137141338528 0.9404925935265368 0.05777200595691501 0.8354954539137126 0.26980585556453984
19 229 -340 20 100 0.09943706257837165 0.05984002902873625 0.12457397266572812 0.6186345358237872 0.8151135856251904 0.6355374870476077 0.20079317175964118
11 413 140 -20 100 0.15868085751276112 -0.028069563513986706 0.07907413086161674 0.9657426686910338 0.1406709947496816 0.5969026764517591 0.4622041264142518
18 437 380 -40 0 -0.010712842112457877 -0.10839404341319459 -0.20335698230678123 0.2166290284002803 0.2742575157103019 0.5319459399196412 0.369322652450653
16 398 -220 -200 75 0.2334533283778812 -0.09311015502016234 0.16650860549720314 0.1372512394460491 0.6237012739738131 0.3618678423733681 0.3560365051592259
10 495 600 -140 -25 -0.23748307152656845 -0.04223855317357772 0.06325704210481958 0.8972387923540319 0.0919921672585029 0.8014442941310125 0.8825530853019931
13 89 -180 -100 -100 -0.07091579725701114 -0.1637369353766604 -0.14338032585723137 0.8875828040596262 0.7424571790598844 0.07304715820156349 0.9598362514934743
20 173 200 0 -25 -0.009758883327611989 0.09509645961217456 -0.21780140941499926 0.9617921452831583 0.1731195838824825 0.04071212375497113 0.45715664637452125
16 262 -160 -120 125 0.24955397896886822 0.226247325783979 -0.18367012683750922 0.26593556244321415 0.5074568002389679 0.6001413914286104 0.0845721797520591
20 117 -120 -140 125 0.0881288691065103 0.06345075628965852 0.24816296351015 0.5456010603504987 0.2359140923837918 0.5904918233044624 0.012610875664946453
16 179 -520 40 -100 -0.02845394593437567 -0.1758035474331649 -0.12853960789848778 0.21684258535131873 0.5168820678594885 0.9404600606115184 0.33635465757608707
15 276 -320 60 50 -0.049819036690665175 -0.04176638122538001 0.0702466569001069 0.6558978251164954 0.4852529194460663 0.37605559765424357 0.7413488896680882
20 441 -100 80 -50 -0.17016798172996533 0.019703361707767153 0.04034850131391282 0.2643558379186456 0.3199666925467267 0.6310549804989509 0.23901882439156785
12 370 60 -40 -25 -0.17785279458735576 0.05062517798449828 -0.15503207252494283 0.5564851292185503 0.8427759356232033 0.7785463346861019 0.8062314093630005
10 422 500 -180 -25 0.04027697814669473 -0.018766348896134488 0.0408843091999917 0.046089405220332225 0.011634107793293769 0.7596082881336164 0.03184036849971894
20 81 280 100 0 0.1685505641007588 0.21851640253309745 0.02483266193397421 0.3445137741912675 0.92336771800558 0.3692739432074851 0.3985758605687698
18 86 -300 200 -50 -0.13449604611568522 -0.06436883316097891 -0.04746359368374886 0.46406854119353436 0.7267354310355935 0.47031096218353585 0.4985764219440616
14 268 -500 20 -50 0.23071779579892293 -0.054897858540467304 0.13745034257923883 0.6533216562534264 0.9769900180942069 0.8496061249390279 0.890499111028209
10 362 -220 40 75 -0.1782407830128135 -0.07523078791781934 0.0405461869650644 0.122241319323935 0.37557444639731785 0.09677138400881913 0.7341962967099916
18 371 180 -100 -125 -0.06692569162488227 -0.08700533589812276 -0.12704228848013122 0.9929385624467113 0.9130233336180801 0.7098812260097231 0.5478520996752068
20 47 -460 200 -125 -0.2278788180471838 -0.172832525373444 0.00020004994368139073 0.9829082600207733 0.6156032375265167 0.556096370183437 0.8359442939316455
14 340 20 160 -100 -0.19496656935435536 -0.054565479335901224 -0.006595398016279563 0.32415523323430473 0.09320103051337458 0.3738960923203807 0.7580003419233254
14 116 320 200 75 0.2481366796298694 -0.13486208657835458 0.06427958261308436 0.5910466357929627 0.5678267328540102 0.20315392130542576 0.871920641964344
12 232 -480 20 -75 -0.00828903337108361 0.040391171179933405 -0.19420498105154693 0.05921964477185937 0.7383809242968831 0.5691829250084913 0.2418986827486329
17 324 -180 40 125 0.05632897770862183 -0.19843386177826738 0.12387824537103931 0.7202945084440023 0.92695825708491 0.3588375645755867 0.3837035002413429
12 60 -320 80 -100 0.1715611098558163 -0.030069443792986095 -0.22603945421499244 0.8896481889767061 0.9656634031341572 0.9954640650499766 0.017357981905820608
20 200 -240 -100 -25 -0.0329607964500343 0.22845223743479748 -0.01266472311228567 0.08641887510337076 0.2450584616625986 0.9724856704400747 0.011071842417746836
15 292 -360 200 -50 -0.052285367874637834 -0.12494516319304155 -0.21897759055620297 0.31093549262353215 0.5941236674207265 0.7921166467975094 0.8624148468915518
12 120 -60 160 100 0.14343409934482249 -0.19940799055469588 -0.09895773229100874 0.23616386906468811 0.5890968156828728 0.10051613639340207 0.2972471714522841
20 260 -500 -160 25 0.09943505246608447 -0.09763949313613646 -0.0011007638046564017 0.7172142348861543 0.752260308139834 0.8829862964881252 0.3442917691569629
15 371 40 40 50 -0.00663798784429942 0.11673354225888732 -0.08475117239692459 0.3072782531692765 0.6115111972125464 0.40852026264845975 0.9947573338363109
15 399 500 -60 75 0.2274061718094849 -0.032572863545270836 0.04565385792420423 0.8964706208992286 0.6465985484559623 0.4585719653934833 0.2774366653106044
11 226 -120 160 0 0.21970867936464178 -0.2239567944084087 0.09119355191976142 0.18346672102126327 0.6769069251253643 0.1436103645116764 0.7729423835476201
10 1 40 -40 125 -0.03870389075861841 -0.06501121706313423 -0.04943919403667596 0.5458087233565959 0.33321555973662975 0.7443684741489329 0.9348789828908112
16 408 360 -100 125 0.08286296038521024 -0.06083426860052438 -0.18309874538595394 0.18620001390275753 0.8655106819901889 0.10123235988568058 0.1244947229785548
12 89 280 -60 25 0.08066335255350437 -0.10508854508324617 0.2423720888099622 0.9656867706847837 0.9700963683102118 0.4125232324597058 0.2073622729228225
15 441 460 200 -100 0.04838062580571684 0.11204347592865394 -0.1346935028482769 0.9410912859238726 0.9393601616711561 0.1825698730671077 0.7614411067979093
17 412 320 -40 25 0.108449004696197 0.02618213981449946 0.17310440649290698 0.6719814487607971 0.566430907842707 0.284750719105928 0.680310143457386
15 391 120 -60 -25 0.08892101472846553 -0.23385090377015205 -0.1773681577450505 0.32653116155333073 0.2293560099853461 0.8599404035431579 0.7564666992827471
12 459 -160 -140 100 0.05483417818441949 0.18733722990899637 0.06570055386245321 0.5299931439062839 0.6224155933216918 0.8290638826918612 0.23435608221426052
18 117 40 20 -125 0.24480288840093728 0.10836498699860342 0.12976504883547296 0.762874776085211 0.31361383549506516 0.4366042722688903 0.11740003634771479
14 455 -580 -200 -125 0.0006597948048791547 -0.14976780785291616 -0.13402820630299334 0.2390502437420836 0.2716155771066102 0.1692525755229055 0.6533407972776425
20 34 -20 200 100 0.013835284081486154 -0.05000731314207951 0.07925970515181324 0.6386747714406398 0.8980499236350605 0.4246173094333222 0.13394986179758417
15 421 220 -120 -75 -0.2179383776264564 0.013464623909764939 0.07172036499523116 0.8650751790917014 0.12105168688683887 0.23316707583895868 0.3232657884437735
15 360 -320 160 25 0.03994501722751498 -0.004091535369818544 0.20620831331681322 0.7735017702095126 0.9168054686008091 0.18937066134154035 0.6606978130779311
10 477 -360 40 -75 -0.027949309390027266 -0.11782271135405992 0.07787635998044207 0.4170466612810597 0.933335468534057 0.8463587793558975 0.20867381015424857
11 29 480 -40 -25 0.13063929874876423 -0.035719040458737306 -0.03199296115554706 0.8933352905170074 0.32037932906954003 0.10260279773241598 0.8853086048068641
19 453 -540 -140 0 -0.14553285558127727 -0.07014086456617347 -0.002192316932847882 0.2531935201542409 0.7336444052925649 0.8077468983236851 0.4616441799156865
12 305 -320 -180 100 -0.19448261202392575 -0.036927008179449106 0.15073874814793636 0.4929768173297365 0.3910478269256038 0.25368146973818095 0.3298192230672632
17 308 380 -60 125 -0.17173690527012192 0.09101931206667613 -0.1498443050598367 0.09887453891255316 0.6698709538863501 0.9716682006342494 0.40319150353072075
19 354 -280 80 0 0.24257649933136766 0.05749916549210665 0.0043802765257683896 0.8102042569793342 0.5292196755293931 0.6099248611133842 0.5308490501450097
12 297 400 -160 -100 0.16099745496353896 -0.07879616466466871 0.09481863022144837 0.412057933300371 0.4599348153016688 0.4991170628988063 0.9890091373089339
12 288 540 -20 -50 0.12707272863965652 0.17405643442303143 0.11893968669409694 0.9567371331292549 0.5656752772987924 0.3121815168056412 0.8169061347858518
19 355 -440 -140 -100 -0.12710260963876996 -0.11087810963419176 -0.20892599794706768 0.09905125208934029 0.74375685374251 0.6251657083322223 0.9769422202861661
18 303 -20 -100 -100 -0.1882029688342422 0.16593814321876899 -0.13854095014330153 0.2723560869231755 0.5620445926478034 0.9548363917860807 0.8245892923997036
14 58 20 140 75 -0.0842198320785264 0.1714297165897245 0.2103540620477209 0.8878826123740037 0.32682789384140243 0.07763845164621497 0.2621937541149951
13 181 -360 -180 -25 0.16907647489285 0.15948130813248473 0.22546385228928806 0.7657780434959606 0.18488775601044327 0.11326379498942019 0.7667497785957909
16 76 60 -120 125 -0.04450523342756624 0.13767828284722972 0.1422942071636944 0.5721099341368779 0.770691512542457 0.13922224810294104 0.23796147450589722
19 409 560 60 -125 -0.20197037641768123 -0.02611099253262328 -0.07252576747102452 0.9459896609996777 0.09415016858125902 0.9185762586873317 0.4006637365690533
12 86 420 40 125 0.23224134265400864 0.213846914810625 0.19996158412954906 0.5067391082380591 0.8687143936880165 0.14040820010837995 0.9421625546923903
14 307 60 120 25 -0.15238805511084885 -0.13836380618284821 0.2441402694621097 0.9000288556238133 0.7433425563574476 0.9126188947123737 0.03148077188599763
19 36 460 60 -125 -0.11511274600320637 0.1963732261186067 0.24217928986940418 0.08885051437836766 0.4269549801170355 0.10971424716245581 0.9467319475441323
10 433 -580 0 50 0.06781342310039529 -0.02680108592653535 -0.21420935502492633 0.8212451021725184 0.31598728463147574 0.5376690990522729 0.9534675641608403
18 229 480 -20 -125 -0.15544141565097935 -0.24825272934855114 -0.08905125027539945 0.5279294261104508 0.6634503483988977 0.06509391053780833 0.008201182542293628
15 163 -320 -40 -100 -0.0696644742579407 -0.2265330980678592 0.1986007104008965 0.8640654351059375 0.7271210558756046 0.8685600891605839 0.7679570646199201
19 402 -320 -180 -25 -0.2279456797151284 0.19879329427000192 -0.18772302319600204 0.0171817614519737 0.6371860758416836 0.01024526091350908 0.3502708462599826
12 23 80 120 25 0.17145227608001318 0.010549629891241197 -0.1674928604727171 0.8519506226655431 0.7396017588592222 0.30635104154480963 0.31523827321311326
20 429 60 80 -50 0.1674831519651238 0.18450343228417626 0.18626131415987773 0.33527362752865186 0.2255481368175295 0.7865973753369422 0.40428008155488127
13 140 -320 40 25 -0.1697258863092848 0.23777217830144848 0.1334152236748964 0.6215243771503881 0.623010287963523 0.2026801660111014 0.6744049828403401
17 288 120 100 -125 0.17454471226680474 0.11294039876977197 0.09171745957475685 0.12975696239893508 0.9306859881796775 0.8394886064330066 0.4127301041136636
20 428 -480 -200 0 0.13935023014900894 0.044462129799301975 -0.1396797732400235 0.825104037063377 0.5160577918622894 0.21417047692633218 0.027507683176341224
19 67 240 -100 0 0.19199787840236338 0.00919816847181365 -0.1966653699216943 0.6800979985861633 0.4996335313712442 0.8110983110354472 0.02643247581567032
10 249 -80 180 50 0.03485722066653474 0.019011577542941416 -0.2272675643927457 0.02829131966518106 0.025682907265604293 0.7470653906845486 0.6421362570146509
18 214 -500 20 50 0.05371387909510977 0.02055326324386475 0.24670296674169329 0.7125357533554201 0.7603636298776885 0.42314970521679773 0.6305462296866201
17 180 60 160 100 -0.06561710535145038 -0.07678921723666815 -0.06037808547666773 0.2905971785832321 0.20552619455078514 0.37112221130202316 0.14284055707794818
17 432 0 200 -75 0.2351391397873876 -0.08564187289104341 -0.04447039201962444 0.013039405943675697 0.3492650514239741 0.8913102495286606 0.8560012311535428
10 172 -380 -40 -100 -0.1803222961780503 0.21064627882332715 0.21679134148638823 0.7109472885854641 0.5575797886241476 0.735314501168134 0.0891029072860754
17 347 460 -20 100 0.08218730005335467 -0.07606777337304527 -0.15884685580223368 0.35700995739759567 0.7391201838142477 0.8429456852939167 0.5173674508372916
10 343 260 40 125 -0.22639939322098446 0.03691656436300361 -0.025888574747339854 0.5231504875033616 0.8378019335047404 0.4816864069202398 0.27949328316345545
15 122 540 -100 75 -0.039568452122804576 -0.21563012045137392 -0.018299422678648314 0.877579443246179 0.7686851749474845 0.3151842287944886 0.8826025278336246
10 207 -360 -180 0 0.1099011953757148 -0.238054549697172 0.1733599724779622 0.009179407213527502 0.906245005484179 0.37631675740998194 0.36802206542155036
20 215 540 0 0 0.027989245594806256 -0.2362240764045937 -0.17288734842330566 0.34094105498715177 0.5177282866423852 0.09470680384901864 0.4174583340180016
10 162 540 -60 125 0.16315822843039884 -0.047002758802974776 -0.03706870908901805 0.38259196870104006 0.4454047726983006 0.06451963563114538 0.8648537462402248
13 323 -60 140 75 0.07277199711694993 -0.04961469180450517 -0.11424925730946595 0.7463952654246649 0.32619969022292683 0.855198524504609 0.98562354716185
16 9 -400 80 75 0.14961152323996718 0.1701152350264567 0.06764052353444211 0.08630360956668304 0.015654746905709782 0.034250459273989176 0.1319788221618965
18 120 360 120 25 -0.09352583082628457 -0.030747523924271436 -0.10714400038736832 0.8726240185007751 0.8466037300091301 0.3095024395240068 0.48226028724086223
15 362 -460 180 -125 -0.012285192048280158 0.2434106603149041 -0.2460114767862273 0.5997784085255622 0.3667474789382543 0.4070519546829465 0.7039171197774526
12 300 -120 160 -50 -0.2367400142761159 -0.1373625727785645 -0.14558967606425188 0.626606318307228 0.06358012611166963 0.7299314358263435 0.5635859373484631
13 336 -240 200 0 -0.2300984267519095 0.15683779905647682 0.13134841699596478 0.7036408123811505 0.8300469253770363 0.9887503570272279 0.9607728311434675
17 482 -540 160 75 -0.026254626832454775 0.017003212572846038 0.06111132934729424 0.909347040143351 0.6003082753393459 0.7810144964499003 0.6962978302426146
15 152 20 200 -75 0.1946938878426654 0.13103973378483397 -0.15217131801123202 0.6113655950144287 0.37972960144113177 0.13308326709265594 0.762365511731382
14 214 240 140 75 0.027819066392321956 0.13559800119757082 0.20643681773383527 0.2731864945681447 0.07601412156901133 0.8134919925801734 0.8027447570437796
20 154 -500 -180 0 -0.04813927574372062 0.016325804073010097 0.2404416117563854 0.20171398924166417 0.27179692250277365 0.5568956864413735 0.46509067253597813
17 333 -200 -120 0 -0.020058724325154764 0.10355335662357501 0.11914762063803919 0.11350934081835595 0.47737051397481445 0.7112439818420044 0.8560225143470299
11 15 -220 -20 0 -0.025607265120749845 -0.0937603285636614 -0.16151388809581968 0.37186880817864953 0.5185430077779556 0.4142809030584478 0.07316149356979351
13 445 -420 -140 -100 -0.07757749985342949 0.08565038737695269 0.16286901789769648 0.9209214612049487 0.5696349361929274 0.3853527053546567 0.04415443126773333
16 172 -200 -120 50 0.0544167579024698 0.1343669928886444 -0.12242276635107469 0.8159301596301372 0.5164532373815904 0.313084694632097 0.7724531637990114
14 42 20 160 -50 0.08896997623530278 0.001026143584495487 0.007593371358482814 0.672081045331027 0.9869731317685558 0.8314912636911495 0.1220605462383143
13 45 -360 -180 125 0.07592794616473642 -0.13604044129449416 -0.13516204241954 0.9072829890766928 0.6431322718625695 0.5776660381122645 0.7377967169746285
10 321 240 100 -100 0.07657031111970508 0.03268516590596082 0.14830345576979187 0.7403802628003103 0.9593470754435609 0.36231538761001103 0.7357367831594203
14 423 120 -40 -50 0.1623299364321955 -0.17963246589588427 -0.07932203700209506 0.8183094408540368 0.14247882910439957 0.5106582521993401 0.9454147585563236
18 389 200 20 75 -0.13657357015569427 -0.23962012313933634 -0.06698080055105604 0.6862627899805278 0.09962347980954711 0.48358724245432383 0.3850572683664343
19 227 -440 160 125 -0.08849700066798577 -0.20702020302490443 0.2252632420207139 0.6833319878234788 0.6532307136530529 0.05024623051891708 0.7403279142676661
10 175 -300 -200 50 0.17742585289931462 0.09055462353359289 -0.003963865078297213 0.3700220221120646 0.35628477747828047 0.9051810980277822 0.11210082191273085
19 483 -200 -40 -50 -0.1737166305629087 0.22068101485323294 -0.10570748626315196 0.6162693483563129 0.2517193328219035 0.31971098144961896 0.3423722700599128
19 220 -580 20 100 0.1484341879330091 0.19471718037697672 -0.12381723986050314 0.5545920440637216 0.5540203962523864 0.2683551737591918 0.9778501151772852
20 223 80 -40 75 0.19128017974972228 0.06897002428634169 0.19870464001700888 0.04277631993728492 0.7485254088510862 0.8076230958310947 0.15725933431319705
18 100 -440 -160 -50 -0.22629882485828118 -0.23931529894857168 -0.11350185786111139 0.9996451051072578 0.9920872383159809 0.13380290851688148 0.6684930844701927
20 134 -60 -120 -125 0.10652433178483156 0.22981231997701612 0.19572209630650328 0.16900608051439803 0.17562354047923545 0.5366845407709904 0.6865105580052556
20 436 -20 -20 -50 -0.19871074286070922 0.09327002597898437 0.13504725545398683 0.23922825379768897 0.5661100458212535 0.4564389131916884 0.3436571095502111
12 363 -100 140 -100 0.22601442807750388 -0.05940023490180146 0.03985610512095139 0.25331534909863307 0.3997017752270776 0.606460876807976 0.09156583621914904
13 300 440 60 100 0.07529381893465986 -0.11492696391047963 0.10603323116140184 0.2662035701425133 0.9983865631600098 0.5631224088022861 0.582957863512175
14 200 580 -100 -25 -0.045974411212508226 -0.021736307523427978 -0.12738489239855844 0.5635074034260409 0.08253577453709149 0.7449165183174637 0.8324690683823266
10 394 -600 -60 -25 0.183214828651509 -0.05833510101214329 0.07312532829712431 0.3149677279180507 0.7887802720504946 0.39823093888584604 0.30938597343111907
16 278 0 -80 -25 0.0005772305775528785 0.0810057887925476 -0.09817915919302156 0.48594134271656275 0.6119671857403958 0.8156104783409879 0.8144736167051033
18 388 580 -120 125 -0.20266945936160063 0.18122525888464425 0.02029866099416683 0.38955167432979754 0.018488091096677595 0.8306792748668962 0.7591177355832999
15 68 280 0 100 0.20684320565202702 -0.15844965699685293 -0.11645330427935346 0.008429041120555647 0.405030514303117 0.12071077042893563 0.5320530767667947
15 84 520 80 100 -0.20906437564007063 0.2465185258156546 0.10969025109120228 0.6060921102849223 0.6209465179193484 0.24149648205414354 0.47317486273280207
19 445 460 -20 -50 -0.2436934260058934 -0.07367603028515962 0.12520083422272626 0.9241803995658397 0.3970479866917429 0.549835170622209 0.42405086603220055
15 205 60 -40 50 0.1817843185824215 -0.09072566552536354 -0.07379614267307277 0.21672374615048473 0.02001588126524456 0.6083121791196513 0.9786398266434598
13 119 340 -200 -50 0.048320747843767775 0.01983230138304437 -0.1818553412040243 0.5538595274686177 0.7615061495825316 0.9662144343483355 0.9653085846065503
10 153 -320 180 100 -0.24242530761926967 0.24097907169969723 -0.018878429781952644 0.8761623144470086 0.08610945041224893 0.7391025582947492 0.10353132386726194
10 231 440 -160 -100 -0.23437020871834913 -0.04765216744949735 0.17961529359622302 0.9428137808508515 0.9753949896151745 0.9735978309934971 0.061403016873232685
11 36 -340 -40 -75 -0.07556779048678136 -0.16835999531047746 -0.1649014467962432 0.5621563465837268 0.6203088870672232 0.4896784015761212 0.40742438158471395
19 428 -40 0 75 -0.023726197380466718 0.08874191878390997 0.13412940766516246 0.4951850537393456 0.7777969807803202 0.7610707918236235 0.9677152089762546
20 94 520 -200 25 -0.16781503987978358 0.17333883929376576 0.11890816293307954 0.15092815541243265 0.5291256812777347 0.5167726843659661 0.7142774530139995
18 162 -580 180 25 0.056762321214709754 0.10245003468047964 -0.08015118869997861 0.5951473173472575 0.4044920133002968 0.4717656613473139 0.4858093066074102
14 184 540 -140 25 0.1913768836127867 -0.224801749447198 0.035580087220743406 0.853240617074975 0.40852636414638654 0.9405865538812137 0.04994234117142804
20 359 20 20 -125 0.16764508887206092 0.07556696317069705 0.06866063809093281 0.2552978960786073 0.340010937910048 0.5429916521509088 0.20357467958097608
10 444 300 0 0 0.15051768646086 -0.10896647903077505 0.20095202061749562 0.29860951372847633 0.19542285804026605 0.8886286747366633 0.8292557393433035
14 199 -560 -180 -125 -0.016066267909258913 0.0923571257456145 0.20149901764915645 0.7514788205968652 0.414284745327161 0.4295034931282501 0.9479965023126392
17 430 -60 120 25 0.22462433510985935 0.1897287391313759 -0.074902185183643 0.025820696510614027 0.18922010448553683 0.8881098738215745 0.8179173629959555
11 394 -200 -20 100 -0.2367915768016845 0.08685221453135317 -0.1969215901631574 0.4535541375532639 0.7707607027836569 0.8827148373164346 0.15937925995745128
17 308 260 0 125 -0.10786222327684525 -0.16321072483999044 -0.24910342306721073 0.34967892688118585 0.10480661923405821 0.36426032530685726 0.6366533636612781
16 454 0 -40 -100 0.08807652495709611 0.21997638958005905 -0.20675364346336944 0.28115964714793673 0.596386722912673 0.24544943235587158 0.5217141029708561
18 288 600 60 25 -0.08088947415031494 0.038149559133416444 0.1837411784581951 0.018378456299329105 0.6653115287936017 0.767285916574825 0.23888610359944162
13 431 -480 120 -25 -0.058392022147206124 0.1949125366001898 -0.10340827482723325 0.126570104263366 0.9262013343731553 0.443662790016381 0.09830428236719868
15 363 560 -20 50 0.025790475259315104 0.1279896283586328 -0.1311705566219169 0.9385505495276582 0.4795617532502954 0.8307739736415732 0.3254255638886737
14 204 100 100 -100 -0.19502985820657853 0.15173313132664235 0.1390114838042013 0.7322577840552629 0.7123274950253252 0.5013773092438816 0.3640024471527823
17 135 240 -20 -25 -0.03942945051813607 0.017901513525763857 -0.1302926468454652 0.554006771178006 0.18737900080110648 0.7283286510300718 0.007824796700347525
10 53 -380 -20 125 0.1542773977791989 0.18116380396304294 -0.06486085030315303 0.09902302874135882 0.4913244269811876 0.5710565117508359 0.5833678453500185
14 54 560 120 50 -0.1692360962400571 0.14471723577667123 0.03545534918479054 0.255369619423393 0.327762190860424 0.6359352636903559 0.6751848176454907
17 495 200 140 75 0.030718802223077102 -0.028102420983692145 0.17068529583365977 0.25636910197411933 0.5778957779858627 0.4573560598784264 0.40907054807749754
14 18 320 -180 -75 0.23301347238916242 0.012856973464809629 -0.011424792462560118 0.3587466306833309 0.3145970520859388 0.5660326039870436 0.5500983965164369
16 181 320 180 75 0.015198537267407664 0.04890202163827917 -0.23818487799744126 0.7933052981650867 0.7626807662002528 0.7869748118785993 0.8085055577030476
12 444 60 100 -100 -0.07045800406608765 -0.23671105088566186 0.09543831101056094 0.38156618727367053 0.5530017765702815 0.8545178529504087 0.1152516843611654
14 418 -160 -180 -100 0.11595809459765422 -0.0104045244445925 -0.2483576620072911 0.6395555245324877 0.8197238707529558 0.5180443209457469 0.33576260284719894
13 270 -480 20 25 -0.22740155997051165 0.020240044893304332 -0.19648357915267106 0.1052127979939701 0.5789896534395774 0.7870681612650146 0.9589275921260475
11 303 320 60 125 -0.0948522019251044 -0.14803265330908272 -0.18626727613858113 0.25579982419579406 0.8816821689385586 0.4782257095602468 0.22971127288344562
12 246 -440 -60 125 -0.19864987233119158 -0.08995499077657693 0.044876207733357765 0.2628863491662279 0.3964150408079642 0.13583510944322308 0.7763395791374423
13 401 580 200 50 -0.08730362080083137 0.015347263574389924 -0.10497725275159159 0.361128301641755 0.33793763938342936 0.8970713998488627 0.8588733406546355
17 468 -560 -40 -50 -0.007364913812785201 0.21087169031736885 0.05849235294964028 0.7059000420514432 0.24416131599267166 0.6465356788694478 0.866796175380292
15 220 120 160 25 -0.0035775439216915172 0.237815646041098 -0.05101123546804348 0.10626688386084249 0.1664707138942535 0.2049986947241863 0.2954090552945525
10 484 -600 -100 75 -0.10641063981323168 0.004808681962382877 0.09295819866584226 0.37101545897020216 0.12473040089019838 0.012221414256033514 0.8788737260657806
18 112 20 60 -125 -0.11159461558419981 0.24139125868230293 0.15180800142097223 0.06855701059627517 0.2548392448536698 0.808412175553222 0.41453538088071484
20 199 -100 120 -100 -0.21174355547200474 0.016094683025360434 -0.02423331869080736 0.1178145388833054 0.5233411096838181 0.22140024863143515 0.4587468819795961
12 431 260 200 0 -0.23846212015354862 0.17554647763540915 -0.21514200304878728 0.5252876488973288 0.5272189861515995 0.4001897187826493 0.7322087789439473
19 164 -140 -160 50 0.1799077578557421 -0.16044779702405637 -0.15070221446789583 0.3560256233028932 0.8743041250939194 0.4916233399459178 0.7291083654807281
15 285 100 -200 100 -0.05177823861654096 -0.14012229772358703 0.19377327166286534 0.8543594694943498 0.06794146089989017 0.574473387104113 0.5296894949969155
16 361 360 80 0 0.01818889024994741 0.03885562340274218 0.2298808293004596 0.6587546994925153 0.7246984286592216 0.332129283931083 0.9619306955821975
13 76 -200 -40 50 0.06363685147280079 0.136082677155978 -0.032257454038608246 0.5475598530117276 0.887598275763435 0.9998923176490334 0.9718864655030276
17 468 40 -40 -50 -0.11538029288671414 0.0019378099216112998 -0.1084623453930359 0.26361596141767174 0.7821048556530195 0.7853321288856318 0.32439677244466936
14 401 280 20 -25 0.11102957134314956 0.027570810804821988 0.12659817381349459 0.13920887575036955 0.43687530642309835 0.5085113846150261 0.9955086306993056
10 306 -200 160 75 -0.049721506299257645 0.06744680627037142 0.18790133263047104 0.016125283727609685 0.1485470064984632 0.5144377658916891 0.7347833715100558
20 340 -200 -60 125 0.13014830543295974 0.20228834211095104 -0.02579438745650503 0.4714725553420406 0.7920667153417873 0.009228881271446276 0.6613583090330718
18 145 -360 0 -100 0.05214358155674653 -0.06513661659084546 0.11166693992792126 0.3948743101161807 0.7150409571737217 0.17182279061618333 0.3322536708671985
20 275 -120 40 -75 -0.02903224071857785 -0.0654078783242093 0.19905751564188473 0.4157242072824583 0.7980710901079838 0.9448817792011134 0.2731444783493676
20 139 -500 -160 -75 0.0805777209891923 0.17386063088133485 -0.12827757427302922 0.8674048059696527 0.1685484171910837 0.2565286766346654 0.824054089962333
16 323 480 100 -100 -0.04228985559644877 -0.21832052603775348 -0.0865899619722898 0.6284106542360213 0.08622349470026791 0.2831088169165362 0.2163305709702762
13 371 -140 -40 -125 0.1570029128215485 -0.18990435859259513 -0.008479232188556618 0.4772450049755518 0.8658319354497472 0.23979688203073213 0.17199540254515122
10 491 580 -20 100 -0.2377009698519003 -0.12862613382812216 -0.004986833140832814 0.17218503008856278 0.19287609899961777 0.033494862100792 0.9365104093746714
10 310 -160 20 -125 0.14206108656178673 0.06043729330565356 -0.09531931765002172 0.9725605845388089 0.7497022537348026 0.9385077069136035 0.20061390209362273
20 282 -100 40 75 0.07516530379237107 -0.17171275780970952 -0.05334636411684224 0.6051191117875169 0.06802286398435853 0.75194059358786 0.8331028166649508
14 242 0 40 125 -0.1828130280175837 -0.16142233112430165 0.15820594697303286 0.6071063029795785 0.12874666827780867 0.43479361687682305 0.7543944301954664
11 40 240 0 75 -0.07910374768849698 0.08170239987421052 0.1310084366649757 0.5420308166308516 0.8412387986850438 0.7702643965727153 0.2224207082122419
17 242 -540 0 -125 -0.0862512378748459 -0.010728536194910654 -0.12535087652918803 0.2376089373389475 0.8228506430349193 0.11900759013398399 0.4022900098387735
10 271 520 60 25 -0.0531416847904605 -0.13656403339661155 -0.1659889793006542 0.33003725667591177 0.9573684497069298 0.2657541338981487 0.11097298333323302
12 345 -240 60 -100 -0.17684609968823817 0.18962253874539786 0.16406953556596388 0.7924752451736946 0.3157201622294127 0.47453971577272847 0.2803778773457437
12 370 140 20 -100 0.14247411325078613 0.04871475354899879 0.0515895251626462 0.23611447542946284 0.1673692474707167 0.9833459607361581 0.1331443799447075
17 282 -60 0 25 -0.15058368195895683 0.026041912101209486 0.044989005977499164 0.1838589767804404 0.22825912553114813 0.9361082462208896 0.96654694357844
13 270 -560 0 25 0.16835618551802234 0.19137215568159677 0.10947526005704611 0.7469221090740663 0.9044116629004205 0.6907842052099512 0.046630385328803814
10 276 -100 160 25 -0.1899366702757178 0.12568513352833577 0.21734600740086324 0.2888545437883139 0.5465807584490595 0.7763170116138454 0.12645865385562627
19 56 -260 0 -50 0.21541666309124208 -0.06685650851301811 0.19555697383211817 0.1812188209752501 0.6621358662287953 0.13288146036367487 0.3444595940775186
17 124 -40 -80 100 0.016122086481445308 -0.1378905199962177 -0.1003765068246486 0.6208178153285943 0.42664349585858197 0.7020844101670766 0.25350723119789287
10 295 160 -100 100 -0.16134261555154888 0.11123027333393942 0.106434010839622 0.10919859814379729 0.5744377585803894 0.9798271224539243 0.6330469828436481
11 212 -400 -140 -100 0.20963323459506883 0.09719046367411399 0.24207681058900227 0.8531519997266126 0.629194015115027 0.03343520086197149 0.24867273182103633
15 433 -200 -100 -50 -0.08470832920023758 -0.08263802256782776 -0.11976071552253098 0.34662204922184725 0.7550059014916407 0.5863378077826296 0.31122405560064514
18 215 400 -140 -25 0.1557676047504304 -0.0759586216953157 -0.23159752087303043 0.3795297574705505 0.7613503203330594 0.09445204601552903 0.602569995536124
19 59 -120 -80 -25 0.014489296565818377 -0.17203495794093143 0.15790301554052383 0.6302487400431398 0.45137896413087997 0.021213836458229718 0.9455229962664673
16 41 -260 160 -125 -0.2360466795363595 -0.18322586081456016 -0.13961250429746763 0.3056616707333307 0.8363909113508443 0.40418061698058605 0.04832494682217692
11 195 60 40 -50 0.15859789608876534 -0.04654414403744128 -0.24239145278979024 0.347579609906015 0.45903208789099437 0.4624136263719084 0.43241554611787125
12 156 500 140 -125 0.13905908740741324 -0.1273170866724775 -0.06504039914683896 0.5811138471651018 0.5315394592669344 0.3508648044711644 0.8580989991892669
16 135 40 100 -75 0.060292772956452856 -0.07715855171475117 0.11960831112052833 0.9802957975213573 0.2029765560133564 0.66569632696035 0.17677037252705718
13 346 -200 20 -25 0.005318094190490008 -0.08105380328397233 -0.17302215969801032 0.4906897011495316 0.849738723985437 0.8396189158033105 0.2784662925896748
13 46 560 40 -25 0.07830378069199478 0.153934594680334 -0.02459367920769545 0.2970139155706627 0.8078352124584188 0.7284262948733804 0.051753752709907896
16 487 420 140 -125 0.198153719188303 0.07156473274673303 -0.010328488136857328 0.20254781099951247 0.7764092468291985 0.20181992535166304 0.14582034702717117
19 315 -380 -180 50 0.006787227180673316 -0.041146148400241445 -0.012117199675653056 0.28363721620547655 0.34099693448796986 0.33506362182932725 0.8317411487967462
10 388 -540 100 100 0.21640636790696532 0.1488610480102424 0.08157375634330916 0.15782242467079755 0.24186790294932514 0.32641902139886714 0.8906596052263265
13 283 -40 0 -75 -0.11388573420653558 -0.20152843855994124 0.05566022906028523 0.8870693162344934 0.6183920590403745 0.2506354823069238 0.15087141183238806
11 290 -140 -140 -25 0.02117794336529677 0.21250581885564862 -0.03282690373849234 0.24325416642177045 0.9060625326099492 0.1867165635887289 0.8534159485238373
16 327 -140 -40 75 0.2090647519083335 0.023919079612890914 -0.031647064079232734 0.4225379552179238 0.49500530756568917 0.8991268038063894 0.11501861539370173
11 399 -460 0 125 0.1468292396532957 -0.018277007683396018 -0.12818790537050007 0.031569555720580844 0.6889687002192623 0.42537346857225633 0.15728512338717837
18 479 400 -60 50 -0.034003114346849994 0.1717831670213374 0.022387798226644495 0.6374733020581039 0.4118142314443558 0.1064104558329203 0.2550096351568869
10 91 -460 -20 125 -0.15965405491990597 -0.10596679018323901 0.20860217551195404 0.05908319395803163 0.1650994865461839 0.7188636418779822 0.4338806913524813
16 159 200 -80 75 0.07659417511602828 -0.01901739034126032 -0.1189540081293804 0.05421917273722543 0.9177642757492812 0.24182603590422624 0.7070991410088382
16 309 -440 -20 -75 0.11810633064964421 -0.23197068759029094 0.23549680195723122 0.04687955234188379 0.22909966716925434 0.07689551134694383 0.7520871022017959
13 349 -300 180 125 0.14854133639859401 0.14609663466828815 -0.23717214064598602 0.7203958759751464 0.2129336182376801 0.5716051646309223 0.3108842212657472
16 465 580 -140 50 0.04761337295060847 -0.07593225567940237 0.08289528148065223 0.9023614102072388 0.6665233557331034 0.7822214014629366 0.80395859411572
18 364 520 60 0 -0.17992431397692482 0.026714497942593507 0.03514035565032586 0.7598061299653355 0.2896287676389273 0.6236775264136201 0.9541895271104541
10 94 180 180 -125 0.19911073747271102 -0.03598660533699222 -0.043703920554523046 0.6836026416200208 0.7813361027930008 0.15584675926358305 0.5550072257520358
10 272 380 100 100 0.09517309505937727 0.12932212883052396 -0.09767430114968495 0.5592060789278233 0.8320620873068977 0.49013427164845036 0.03806882386851673
14 183 320 100 -100 -0.22581666400874956 -0.001087612486405598 0.011516716632888224 0.15503724426356724 0.11713941499781766 0.9749860884183615 0.6883748908014368
17 257 -60 100 0 -0.13619254379799917 0.20111140607018857 0.2051863344837222 0.6453106653175991 0.24680611478559666 0.18190552130053117 0.7198175064988613
13 10 -580 -140 -100 -0.12361255523318326 0.09281296272124978 0.03213534154092512 0.21216920992280042 0.36411360429990225 0.33738158840578947 0.894884724098567
14 356 -220 200 125 -0.11029420994413064 0.10737773883956331 -0.09378746768068996 0.6935177553620424 0.9338559591174137 0.7967166974237476 0.9483097007518115
14 412 -100 -120 75 0.19899470649594891 -0.20907787051197035 0.13337081936975864 0.34883165630684265 0.4143975922518476 0.3789332132071447 0.313286871050963
17 309 -600 -200 50 0.20982289679559119 -0.02153468384730206 0.08867345178340663 0.0544952784015732 0.5528071939876866 0.559528093327182 0.4354678378669298
14 130 -260 -80 75 0.0639131713630634 -0.052891524818059865 -0.07610961483016737 0.5821059709468339 0.8644951565414009 0.7996821582882118 0.3566239261808789
13 157 300 0 50 -0.23791519696493774 -0.16632643231291133 -0.18620157170650092 0.8430104772861682 0.8654262930650138 0.4471852755656498 0.5202565614524403
14 420 -180 100 100 -0.12416864630681679 0.09650079497973058 -0.009032706411138292 0.8674460080712347 0.37343886481524446 0.4377010373846296 0.7443500699359814
17 143 520 -120 50 0.11756923089539201 0.13273308435628622 0.012397206563890706 0.8331929347877826 0.4412000922399745 0.03512986175437294 0.23441013456167437
15 361 240 -100 -75 -0.15579714369674363 -0.0725345051204051 0.20830932114381984 0.6321734643864627 0.7586855274352915 0.4048354801819499 0.11262634904124769
12 227 -280 -200 0 -0.18713177487520422 0.07639513632662892 -0.07359071596762506 0.9181127104888006 0.1061183821435423 0.30560795822943976 0.5912000817510389
10 471 -220 100 -100 -0.20253099423820536 -0.06177914263628481 -0.046375283082782714 0.6925955877058273 0.7294773197917512 0.6675887922532312 0.32377499798202236
14 311 -420 -100 -125 -0.16164205389506703 -0.017548226984865967 -0.05892356252509151 0.0655910348212031 0.7662072700191467 0.8575486573030182 0.9553466413065855
16 407 200 160 50 -0.03112478812557995 -0.1450227904369486 0.20374401157388644 0.3202972833508235 0.7182927110037735 0.11851964207793675 0.07900988994260805
16 413 -260 -140 75 -0.17284873000102002 -0.06137187416479212 -0.24896545688888444 0.6058180796371724 0.024801081349791754 0.051028573211119865 0.4252565433347911
18 147 520 100 125 -0.12900128997624227 -0.011962997791204355 0.000579893807536036 0.5678569209799618 0.03995625335064901 0.9941829838278893 0.5036011283059852
14 143 280 0 -75 0.23103401054563294 -0.15178724702697582 0.052079738561287114 0.09280675233304514 0.7594496390063277 0.7154401222733928 0.054869789096114396
19 319 40 0 -125 0.09283444710942096 -0.17382640188844517 -0.07553121336935875 0.8165569641594835 0.5755962486865402 0.1170025806265459 0.7674055557227182
12 361 -60 160 -25 -0.04433761040845924 0.08059768513313009 0.1409666331919494 0.5276730442564093 0.6874229114942229 0.13305865234380976 0.23916611608737048
16 465 300 -60 -100 0.23758723153122457 -0.0699057223910583 -0.05473562599675397 0.9709672008916134 0.152643274858691 0.2661437841775862 0.527340824308583
13 441 140 -120 25 0.1464958079958968 -0.15453384904626338 -0.16045338684596905 0.41998930337027574 0.3306848064704472 0.3250544799277856 0.2554049812667557
16 95 540 -120 100 0.15936082448046773 0.05217020637706288 -0.05610053316317315 0.9523040395407122 0.042279646408678984 0.291430346568635 0.8016042455516711
15 461 -420 -180 -75 0.046320038717031 -0.06987028424800457 0.047938447938819795 0.040117835643809885 0.06429741264408118 0.1275792326460914 0.5995026545277776
14 239 -520 -140 75 0.2107234143882789 0.19720677940596992 -0.24094509690106453 0.7109617838030451 0.024883229122873107 0.28723648134676194 0.29321482762860696
15 281 0 140 50 -0.03856202135185627 0.11867501629491534 -0.04450765142350832 0.7929961239195916 0.5029541887497356 0.9179531117977778 0.04520266252437766
17 330 -440 -200 25 0.2080370072143008 0.17010396109074727 -0.020318833416864024 0.7819503003709245 0.8653228400017778 0.5351539247903496 0.32277270733364705
17 141 340 40 0 0.10834985473040137 0.0475412739981767 -0.08676306875805667 0.827974412039148 0.39918764599345335 0.3207008089835416 0.45125811291929796
10 120 -120 120 50 -0.02979518747824722 -0.1422126413203122 -0.21484112099156188 0.103435685752308 0.24366218557722263 0.14949031363272347 0.8952994278617452
17 143 600 80 -100 -0.1398790835364262 0.06862710345576822 0.1417284969581557 0.043418248766273315 0.4824607473703527 0.40982791306357114 0.38465615715334067
15 354 -320 20 25 -0.038431699280010556 -0.016796543738948178 0.21434271445706504 0.11329714271235636 0.3269132888539076 0.45920808696597737 0.7678946090798847
15 39 -380 80 0 0.06546969844567035 0.22007148183520553 -0.2471592908122454 0.8550154929249851 0.7518625861889323 0.2876128150016831 0.10032279697215918
20 278 360 -20 -75 -0.09628581381880547 0.14740697509821366 -0.032814295820365214 0.361518098212512 0.3033972161477777 0.045735590699876094 0.08725157962162056
17 376 -460 140 50 0.16389694315928172 0.0035914132561196133 0.17675906141254383 0.2278248101595366 0.037851396363691725 0.0034210318281736596 0.5524496747172839
17 438 -240 -180 -100 -0.04972925874909884 0.032495302932969705 0.20480597257835526 0.8607142443610153 0.4066822234135625 0.032902616240103044 0.34862618352922925
13 496 -500 -40 -75 -0.07003552766689375 0.01166079454031832 -0.0008808192429469175 0.7518103583020889 0.6482456166754978 0.9860743562990153 0.8184628724896962
19 1 340 0 75 -0.23307426994028546 -0.014629408563872404 0.18517159064419775 0.3763277113177208 0.09296988116557803 0.8980369783204459 0.6469003307653572
17 123 520 -100 0 -0.06786791796656577 0.2234340083910834 0.10819748686242686 0.5460218426771437 0.8614512631442927 0.5959362407642156 0.5071597299266746
11 420 -40 40 50 0.1862357622844058 0.08197830829314429 0.09557032734820903 0.1526070015701737 0.8538453752606286 0.28824617325596447 0.6908187029738873
12 425 -100 -200 -125 0.14350161310042175 0.17318640338164093 -0.19060092250190114 0.49277944065283286 0.7131924499037863 0.11085627239117268 0.35906577480641555
14 396 520 -100 -50 0.10356337945697003 0.19361510044147856 -0.13899640496890847 0.46948790841131405 0.20425975547851294 0.8803768101538437 0.8578649886294953
15 166 -600 -40 50 -0.18371089116244071 -0.07657952022780956 0.096792800973384 0.5286152483170659 0.8720492019144451 0.49832595162919247 0.9437709693992549
19 37 260 -140 125 -0.17636097810258256 -0.20569822467389948 0.05955202489685968 0.011572669438735916 0.18923185577997825 0.8984832672751392 0.8429867101711574
17 323 560 -200 25 0.15277146182458817 -0.06731416449762062 -0.1977814320976548 0.8876155377479501 0.03183460404381 0.40391398693664793 0.6012320661408744
10 92 -560 -60 125 -0.07155268855654129 0.16153885765290138 0.09723653916605879 0.21876554158976746 0.3359373328367381 0.0333315555345578 0.6982911036284889
19 169 -160 20 75 0.10940171494752576 -0.0800606950559371 -0.1587018582833859 0.045752161976039374 0.27927070898618955 0.1835352579637235 0.9075996453167807
11 243 40 -160 100 0.16843229833371343 0.09215219303947364 0.18514847530292095 0.5249585624130311 0.48440857907890955 0.39720694795757416 0.8587164640665373
19 472 -500 140 -100 0.010257947288231595 -0.16598809173778256 0.1042749674105179 0.6113567878677644 0.051493130738429094 0.04058425579056868 0.5991621515853761
14 125 580 140 -125 0.023829016011358894 -0.17508156102232258 -0.058118088408943114 0.07016852199743706 0.16033139468644808 0.29478035357717003 0.3930870416167763
19 280 -40 -120 -50 -0.06692139751148751 -0.15205139961908615 0.0020081601061089915 0.07419794396671842 0.3963678590817872 0.6084325632147417 0.28399404159115227
17 409 280 -120 100 -0.03535623243465613 -0.20894074079662456 0.12616793869028908 0.5167851046954466 0.42472791701372226 0.37720852966245155 0.42542262126874586
15 241 380 60 -100 0.048213175344521575 -0.11599018406571165 0.11487746251807512 0.9454480076073147 0.6308634331515782 0.13546421913322126 0.19169776954243944
12 374 240 160 0 0.008086211912817165 0.19206944520974079 0.18099324715074144 0.15280394385249318 0.7077402667880781 0.24694822915986103 0.67172465283071
15 391 20 -120 50 0.056806518519607385 0.0046410374510118535 -0.17529092228448556 0.18274466126981626 0.36039476422491945 0.9956563812185562 0.4411882020307386
10 52 520 160 0 0.10993070766712182 -0.23828156286566188 0.017777487011285065 0.3321094607424384 0.15529147886425299 0.8075883118040926 0.28672684075787225
12 85 400 -60 100 -0.036777116042591707 -0.22275869385271613 -0.22827637585540295 0.4432808560782364 0.025467013715802178 0.8672290302258432 0.9099961786440052
18 277 580 40 25 0.18106015158912964 -0.02206222854735901 0.13157059848150238 0.6811312545161577 0.9466117446790315 0.8895588681616281 0.6203987775482375
13 285 400 0 -25 -0.10409644167171422 -0.05116648164982185 -0.20576276171932611 0.5558831774531374 0.4328013468883396 0.37837675278211735 0.6592344705069734
11 497 200 -200 25 0.10358376526317281 0.02529397142793144 -0.0004425850084241456 0.4940779907766636 0.4970830667267211 0.2512993346323411 0.7583255167674636
14 216 400 180 50 0.0627427331361683 -0.12924435451823785 -0.06194854261676236 0.06276015978389138 0.5937202701375541 0.6869326245260464 0.8085463035091545
14 335 -500 -20 -50 0.14819806542752328 -0.03707323397902623 -0.23175722609242716 0.8913452782687429 0.0023834269597242663 0.07601177738860954 0.701404548332148
10 410 -500 -100 -75 -0.21199423596594313 0.030851458542512533 0.02694911484092677 0.28971322600189886 0.5860167265493177 0.58862236163872 0.04419468195076004
19 79 -400 200 125 0.11050374925153461 0.22805108984246564 0.22310908682107128 0.3139817132989561 0.4839190838142713 0.6388956488745441 0.9999012116829507
10 84 -80 100 0 0.2332531072674804 -0.13643897651421538 0.07418681542984062 0.28404545264021364 0.2792994363097815 0.23995997777901712 0.7389077214879406
18 102 600 20 -50 0.23758022057856581 0.2056349085624372 -0.1040009834570797 0.46029455801882313 0.32072047422521877 0.4738834924596269 0.5182141396229448
20 8 520 20 -100 -0.0033902381170692886 0.006279687040450954 0.1336222820155667 0.0559209216207226 0.6076639199818341 0.18161377495384923 0.9394501248548703
18 337 -600 100 -100 0.20683629310116886 0.23854811095706252 -0.15584497029537991 0.5993831645305421 0.536235418305524 0.05093509341267122 0.678227751244152
18 272 -200 80 -50 0.002073866189574891 -0.05698323603986083 0.2303886701544416 0.3880322737744688 0.6310105439587517 0.8607156984123076 0.8257474327214582
20 390 -240 40 25 -0.22977657339025065 0.026257171419031722 0.18124770139727814 0.7459743443799334 0.13541112243717102 0.7268272004663708 0.6461339976024499
12 62 380 40 125 0.0027974408576864063 -0.07133373886307653 -0.03840587729324313 0.6373616838502619 0.5849365127583117 0.3735206325531907 0.3258255507729192
12 82 -20 160 125 0.007954973394495135 0.0933368028746997 -0.05570520381486921 0.9921110035991506 0.1410911081415268 0.46478160517935674 0.04936034723683136
16 345 -300 20 50 0.13995196431714407 -0.1518320303145274 -0.1678840344483291 0.7281811152332891 0.5835794154611653 0.8189901265491097 0.0058426502589882245
20 367 -460 0 100 -0.0879236191104667 -0.18241790396665614 0.22025266725349674 0.7429535755353003 0.24816457027909522 0.6993633607204821 0.1525132077361382
20 368 200 120 0 -0.00032667308403855344 0.1958086051417095 -0.2497307767347538 0.05708181484960484 0.1280510492275505 0.5374440734836717 0.8639007562947378
10 72 200 -160 75 -0.09218560740815651 0.07807053670959013 -0.16227307050833634 0.6853969320125293 0.09693145726896102 0.20713458640455717 0.4577381406691686
12 44 100 80 25 0.07440264887978698 -0.16100356789199266 0.11349487523021629 0.46599707896959586 0.6932752534897334 0.8210803765753305 0.8593761746444312
15 112 -380 80 75 -0.21611325304463713 -0.23906023274136873 -0.13277941033564855 0.6602453858328792 0.15578186020038653 0.6940485479938904 0.7017913167826012
11 115 -380 -20 -25 0.1599195422655132 0.1515514175383636 -0.21098986885202026 0.27166452809860075 0.07115821517780185 0.7707265455610348 0.10969013233591107
18 192 40 20 25 -0.23273913598300022 0.13258272597589332 -0.1153049050719957 0.20200147676911928 0.8073260486372849 0.43568889408239864 0.16739798776819648
17 397 -580 100 75 -0.2087730849511697 0.031533607625632176 0.23105139067445624 0.4055056434429266 0.8894627564288947 0.10334482284291846 0.5046287620589275
11 66 420 200 -50 0.21413380049110442 0.0953923921532216 0.16989890940962604 0.9713002372245433 0.4336019936081871 0.6380686163025902 0.4415758001427703
18 493 360 -180 100 0.05379396521842239 -0.04872014577263756 0.23104494937288306 0.7628190635750901 0.682869573128684 0.4646526820274912 0.9891583530428133
15 250 40 120 125 0.1683546020918295 -0.13516519164441754 -0.11291825425138541 0.8459764644469795 0.31518799044508294 0.5249117178284501 0.35562291086610087
11 329 -320 -200 25 -0.13955823810116186 -0.05064450334263326 -0.20160018410971675 0.5356854459242686 0.6057993472876192 0.7555335247239238 0.16525206263204772
18 137 -260 -20 0 0.15429472813189066 -0.045111867142545115 -0.19921638291990962 0.26827055074598327 0.05825213418226127 0.36860730182895374 0.8037399487436037
11 360 420 80 -100 0.1271106165952095 -0.097148124436234 -0.13290586178682934 0.9591999329305007 0.7329058163324612 0.14567655920694433 0.36790359313152887
19 100 -440 -100 25 0.1071102255539621 -0.008246756267846933 -0.006497027466618122 0.9901000521356133 0.4624779596468104 0.9870288986506862 0.4097418550772808
19 38 -80 180 -125 0.13875714641036657 -0.05748869195940243 -0.19850875719008942 0.7314464117813599 0.4376083081064073 0.6470421915528438 0.40065926311736255
15 294 460 0 -100 -0.16974331638262286 0.0811935217753843 0.006511145307151245 0.07324211849504991 0.42180386221110344 0.16719683212454206 0.8673327945289497
19 149 -180 -100 25 0.17195114806361983 -0.06559874834528417 0.13144794553431988 0.9396362793332159 0.7521112587437238 0.09479578809276279 0.9756779123739938
17 148 400 60 100 -0.13776128015772232 -0.11951952570822749 -0.16957737255147648 0.5703625717368795 0.4782133922160845 0.9898488857989289 0.1876472655358542
18 52 60 -160 -50 0.02137786802113789 0.01102418580914516 -0.15561186295977425 0.5955597515930403 0.5191928176109445 0.06288347071854627 0.3497305666840056
