0.5 512
10 143 420 180 -125 0.043309196275573114 -0.12293833810776311 -0.1624715709009396 0.8703266656110206 0.7349908489514358 0.5147725871146671 0.6484462751427503
11 142 -60 20 -125 0.22462739686870736 0.15516454548206804 0.1954776184203214 0.06874292526241099 0.5477379643392187 0.629751092143771 0.04619288329857152
16 236 280 -100 -50 0.1528043309252508 -0.10493542969414255 0.030328975443985717 0.5453185929468181 0.5160210828894658 0.0907836373636488 0.4383384773565424
18 229 220 60 50 -0.11238646918421696 0.07927531391610082 0.005925733068197825 0.33509587154485343 0.43782338311542435 0.9272449826830851 0.4320465572378368
16 456 240 -60 -100 0.05276069235327657 -0.16348906807572028 -0.10418217283337383 0.4204948435634853 0.6936177685637014 0.8352689136624972 0.08784597764875501
14 280 100 -160 75 -0.07709831399802225 -0.06529103132331682 0.1953859777747427 0.6228419629764647 0.6873270964463527 0.8201192349402867 0.45037631703225045
18 342 120 -200 125 0.042142898016878094 0.16425265554918733 -0.01347781343748028 0.5230487091089973 0.7476467349250775 0.7282282687503328 0.40441384166793626
11 168 300 20 125 0.18453031500322659 0.0014278493648419155 -0.10335653857496313 0.12945035887379153 0.5850434548293262 0.39189558541409564 0.04123442603325378
12 197 -500 -20 -75 0.17794512151266334 -0.23582909756954146 -0.01818661911610009 0.8232954733893284 0.16820638785479003 0.5947099705401367 0.2892547813006189
15 45 -400 -200 -100 -0.24408612432614696 -0.0765752292857233 0.23601192581742025 0.5966123833570859 0.5261903579118531 0.03888478637237602 0.09077290491945134
14 195 220 100 -75 -0.09851493659482508 0.02512466709833916 0.1641814380601057 0.13597860124349115 0.06765306267858218 0.5786932613989703 0.3664122475799335
13 329 -420 -100 -75 -0.06648375510142052 0.0955470568418001 -0.11049990006130395 0.20082172971033596 0.5421593969849645 0.8255484640072422 0.6206135765784879
20 438 60 60 -100 0.20752718920445418 0.05774709318954169 -0.15214429638738297 0.9590959340025216 0.5983881254531823 0.2201377009537674 0.11840230746237324
17 149 -480 20 0 0.09575593691748152 -0.24741294925955798 0.0004936624908503662 0.35286969852892247 0.6556683387287534 0.3276102011154901 0.3701119296280714
15 473 -180 -200 -125 -0.2305268982953324 -0.1424917693091443 -0.17835259709546242 0.3396839053647037 0.8231315190930948 0.842754056260422 0.9637673879537031
14 356 -400 -200 75 0.02725958644295301 -0.010267176515975973 -0.12135040688151116 0.9200227638282091 0.4516358936624767 0.6233573016799384 0.390052277130828
14 308 380 -60 0 -0.16431112512969637 0.21769032694927132 -0.21500732575690484 0.43525024177836813 0.2575701317939908 0.9783508254498398 0.7084731913245397
11 241 -360 -180 100 0.015375650617491687 0.03092702933856134 -0.0006794224805166116 0.46873955092469755 0.4904965750348691 0.2903174350689154 0.9578041840950651
13 192 140 -60 -75 -0.20287465679497302 0.21255263940106695 0.21361662782311402 0.000557856278957769 0.11349287271067898 0.6966728336873426 0.2594295984810351
13 102 440 20 -25 -0.10029580976562558 -0.10479548609701023 0.18160929852592256 0.19415121534025437 0.09777390695396992 0.5694093798590825 0.23195802853633474
18 321 -360 -20 25 0.1942011131777308 -0.02781025121280939 0.04470007206441584 0.434399096270246 0.4542726946433787 0.20965827999402442 0.89524353638674
15 195 280 40 25 0.0568267407366157 -0.23281681742569027 0.04637941570700804 0.9834800891014481 0.011851702289587984 0.16770837062680344 0.5433137360200618
13 188 -140 -60 50 0.21314761450825342 -0.19404691619856101 0.22048610676417718 0.5589195141586207 0.21759279514334173 0.39834212211989517 0.8881562476020206
18 269 160 40 -100 -0.02121466292675539 -0.15874436592758828 0.1271363761997089 0.47654904432551237 0.17169548933055345 0.26820252779502796 0.43336781606784713
12 76 -520 40 125 -0.19739944718935604 -0.1326247193450854 -0.06792810624639722 0.14282853750325075 0.5148519884858238 0.7825555192711734 0.1634850297249214
16 44 -460 100 75 0.19972003070432665 0.05468114230017623 -0.1581554793877974 0.2561147926716175 0.25605384187842417 0.09086028157685566 0.49379344706388406
16 206 500 0 100 -0.1326474973865353 0.061517392451369834 0.1436329900260785 0.42532839266563494 0.2525423160544412 0.18057781731677436 0.8122235014044193
12 310 460 200 -50 0.048753718021136094 -0.11100072169015301 0.17770949542186332 0.5983503255979945 0.4770902617530365 0.36959358584860147 0.729592408128737
16 116 -360 -20 -125 -0.006288638506144695 -0.009886631992072625 0.006454314712724618 0.8487238679388797 0.9715046572590198 0.7964723801132301 0.49368864113390476
16 250 -420 -40 100 0.11926466115840556 0.2025146636992845 0.00458840499047225 0.7579653221259356 0.21654017345637977 0.5444874193470909 0.8081049914118875
11 174 -80 -180 -100 -0.054240308846981555 -0.14569293188574917 -0.05300522971298849 0.6974940942831295 0.2264530652554937 0.8227439133234193 0.7323913959525804
10 38 520 80 -100 0.1813636766561973 -0.1584716804252464 0.21692088830771566 0.4625108417408369 0.5554530975906927 0.6380274799468135 0.6905668965599067
18 252 260 40 -75 0.0538221170120779 -0.1431710208019682 0.11731901198029693 0.653410611409014 0.885528320825413 0.6486858354442451 0.47691594438298424
13 200 520 140 -100 0.1952466748891704 0.1137142862181969 0.2449382079555673 0.23673392878450372 0.6912093549801133 0.8943184459823763 0.6680907326157143
15 493 560 -140 125 -0.19627698501336194 -0.04896945936836633 0.0436050831102594 0.5898279493057366 0.5821708078781014 0.47271501617202005 0.13769310231662013
15 150 -40 -20 -100 0.22586849658987695 0.17515168524476682 0.1261539637669058 0.9879765723006743 0.0007363109713650617 0.5243615727896505 0.5805034731975977
11 442 580 80 25 0.09557974868103292 0.24855305941286548 -0.10321856392425588 0.8591722098112088 0.8512815846933618 0.21064970083310175 0.32753848065379043
11 286 -300 140 125 -0.13450008844086514 0.04120982882649443 -0.15194055729215183 0.7954083074034466 0.6128863758093346 0.9406995669569307 0.44191199198136444
10 103 -380 -120 -50 -0.12585339611542956 0.10067996988505545 0.11094431529548993 0.0294449419231394 0.7158601481442722 0.024776003503219735 0.18867472070886981
11 351 -540 160 -100 -0.21319306387764259 -0.09167934377894421 0.1556686068270326 0.08914968176597726 0.7717390221921231 0.7282212584076534 0.7666073608183479
10 371 -60 40 -100 0.17404296789049994 0.24396680351031852 0.12086746523336905 0.5541295500704964 0.13680066420756676 0.8075539758431606 0.7344922528356455
15 176 -180 0 -125 -0.01707696061321501 0.1401286088978737 0.09050201557445631 0.8502327213430333 0.2772290591033725 0.9720963426626692 0.6080236124529558
11 224 -180 200 -125 0.06406842715871325 0.07042640361126379 0.04251733810423508 0.9464686212103697 0.3370968922041604 0.8771172987005261 0.5615105839403909
13 39 340 40 100 0.0004136665381866411 0.1348628687363575 -0.22131525926406204 0.7085011229099856 0.4578623705030219 0.3230757733955224 0.9580020874751425
13 66 -240 -140 50 -0.15083975202429967 0.023299990271167692 -0.17447791182388483 0.5391216693224553 0.8671427678713497 0.05384883778029437 0.46247572148024696
16 356 -340 160 0 -0.06562405809945815 0.08174231737761722 -0.14836427046099404 0.7036143036239284 0.5418758158773213 0.7621830322651738 0.9143704589286473
18 419 20 80 -75 0.18709578146957384 -0.06836859952258934 0.21523506440371132 0.2562672197035579 0.4310966333263082 0.7751093879854632 0.8448522546897592
10 471 -140 -20 -100 0.2309256085504558 -0.19793452628041386 -0.13917899990345262 0.7105300121032884 0.5350381925992981 0.7512794719140875 0.809728519827147
20 381 -120 100 75 -0.1657800620747515 0.16169415880851862 -0.15007778999820293 0.6713806161974994 0.12379545754839705 0.519298553786653 0.14319139203500875
20 341 80 -140 -125 -0.088313401893786 -0.13153473060938842 0.17243847275852625 0.8573571042180191 0.10918561420318873 0.8169696348796176 0.43809968244865327
17 463 -420 -60 25 0.022508835029990015 0.1269311245220262 -0.0016565617286921075 0.8723181707986718 0.29340428787500894 0.6465620039254216 0.8367668203719028
12 189 -520 -160 50 -0.15350979907943796 0.022679898233866957 -0.08849578955025328 0.39921386347758636 0.7419651118667028 0.9666982882279785 0.7081699538013153
11 357 -300 -160 -125 -0.22747003103876923 -0.19971492667490243 -0.21960870612129602 0.2486962897413193 0.012368058731891618 0.7111572932839731 0.874957171417802
11 62 220 -40 50 -0.22257469576443806 -0.15839895379996727 0.17527317885683996 0.9000544067060213 0.8037202674913472 0.4500163577336954 0.7454911441904469
14 244 280 -100 50 0.028843524652690633 -0.05426205437028958 -0.17114359422920394 0.500847945850047 0.4580314029662391 0.08784026635496056 0.9052485533354044
12 5 0 -100 100 -0.04261778764877977 -0.12074684708304556 -0.062493112989480015 0.4412337814560512 0.9535803458075749 0.5906576887114274 0.301252259164985
18 369 -520 -100 100 0.20403440489414232 -0.19142795888326142 0.08487944880384135 0.13457357552361193 0.03268482191007094 0.6233891631330785 0.3957953745560552
19 250 -140 80 75 -0.1749064945098715 0.11555476420681315 -0.19890174936958244 0.7178535449854547 0.08568204384763445 0.6031258543833563 0.4219059672390767
19 15 140 -140 125 -0.1771931338867303 -0.1804243398804125 -0.08850016994717169 0.9008568675822857 0.48518839882577103 0.0045772681637489265 0.6227397490138447
12 389 -20 -180 -125 0.025374939325623125 0.20909886205726175 0.0746055244967222 0.36130990575500643 0.96296192740925 0.6026013526380725 0.16409273985457073
20 188 480 -120 -75 -0.065343968034283 -0.16219218833120652 -0.2360646086118509 0.08111854692724285 0.5426747617630057 0.6324399841138056 0.4760847573653393
17 125 -380 -200 125 0.01644143533571446 -0.10035088425400668 -0.04835854444470905 0.6309249324349827 0.4773691735949429 0.4409173905943218 0.11496579402031781
16 401 420 -140 75 -0.004708066061703542 0.018323574539355292 -0.08452346736604938 0.5404564890122588 0.867863385698411 0.2936324209602337 0.7869210594442333
12 198 -600 200 50 -0.14746614643771838 0.07970358075114742 -0.1119210732094783 0.21795222444687246 0.41615258435657065 0.6575859416785503 0.878422373515204
17 75 320 -100 -50 0.10545588577138759 -0.16070981698965248 0.16529974341877812 0.4079521571029673 0.8304482410310657 0.6600523974353476 0.5996952892223906
10 387 100 140 125 -0.200588214911181 -0.0004538724896703261 -0.16296941380731383 0.5409486212938036 0.8905927217358368 0.08167023540325347 0.5156654157952771
18 493 -460 20 125 -0.18575900293458353 -0.04095480953359787 -0.06352889630764141 0.49788709979090273 0.9542745772472279 0.10154972292544284 0.4408227607201821
18 184 -180 80 100 -0.2446063458644928 -0.1258220764371747 0.10862347032353337 0.915287183356054 0.8471035974870944 0.8676040002995804 0.9533380795648791
12 366 100 0 50 -0.19196369763137738 -0.09777456032450899 -0.056725641729710785 0.3594103084187592 0.4828551714768776 0.4920191091555316 0.5431755846811515
20 489 520 -160 0 -0.23432447183370392 -0.13844724933686225 0.04791123217875226 0.07022009346302205 0.8725222107863718 0.5654715925502721 0.005914728213176068
14 235 -280 -200 -100 -0.19962470759813522 -0.08194665517820104 0.07540017985658037 0.0639172747069533 0.2812310289106067 0.038816410669728185 0.5265928509124211
16 483 80 140 100 0.024776408651621562 0.10070996538540034 0.07258766002216832 0.9448125342443437 0.3229644852383744 0.17284129119491942 0.9696469275771207
16 155 -100 200 -50 -0.17981179136008058 0.011401740338984334 0.10858663759106568 0.5176974282582887 0.961721726746483 0.9860183056583118 0.28210616369801556
12 221 -180 200 -50 -0.1574064565395355 0.038564277439114614 -0.04854751703736615 0.8543004639688233 0.7164864555638323 0.2609201862875685 0.7443994926372951
18 468 60 -180 50 -0.1534993278575325 -0.23843514498444407 0.05911292591950529 0.4806942670784493 0.7053156789936513 0.5911797428489416 0.7797400032998758
17 289 -340 160 -75 0.1550993612652028 -0.06975899294795646 -0.15491061877015905 0.3920115073297773 0.21416143089646078 0.6287213454156314 0.5212816967153472
19 65 -560 -80 -25 0.033176822986600296 -0.0696087605429011 -0.22700975434390153 0.7754869489213998 0.20726982955327633 0.7830592555413347 0.6534821710919765
13 252 360 -120 -75 0.24497961856699257 -0.12426627316946065 0.14267570945078928 0.561744356327216 0.7126061076988199 0.38777348027751946 0.17875451919687246
19 214 160 160 50 0.1945318749251253 0.14490998427132384 -0.12151345725387608 0.5737117225828641 0.16277663252286012 0.8419969616703704 0.07712165881633115
17 60 280 -100 -100 0.027332138083951962 -0.043809869866049844 0.05915111913631804 0.5394375131928223 0.4249502236272421 0.6041235840931978 0.30795553234102124
11 336 240 -40 -100 0.16586881936446402 0.027609259763946237 0.21429709022607474 0.9674834137932155 0.8024452310280241 0.16309845141509272 0.9284145017843936
14 208 -200 -200 -75 0.07836967224904251 0.10631891814978361 -0.09515156538315589 0.1292355470654395 0.7377155401020282 0.7367073860474472 0.014970279927580599
10 227 480 160 50 0.20289348921086153 -0.07819405592672002 -0.23752222210144508 0.7277080583287369 0.6136012570562426 0.4415327017896866 0.6723350332565053
19 325 80 140 -125 0.10946368047808719 -0.10390015482718601 0.21250048532343124 0.9806915389081912 0.47941151616031774 0.7911844407994274 0.7110509028467722
18 220 440 -20 -125 0.20178300731437215 -0.21336879390885105 0.1393264452056222 0.4257165407783501 0.7007210022743414 0.6311457793243833 0.9584367187426751
11 391 360 160 75 -0.16580455388519366 0.04264783563432112 -0.15142736450473743 0.09286342275078563 0.8576496127914185 0.06778885665441725 0.7607881109018658
10 209 260 -60 100 -0.008727481914339863 -0.2437546475525626 -0.14154234062047966 0.2968672017124624 0.043652219973927764 0.10823175020545417 0.35507480468061126
16 259 420 120 25 0.013347297765348765 -0.08957840367726044 0.10563156575457366 0.16203142807496684 0.6380963822815998 0.568480655664253 0.8536796999173658
12 408 -80 180 -100 0.036809173609854584 0.014987279305089696 0.23403386724073516 0.5517645875939113 0.5061290740661776 0.6840748687803746 0.5969182602329244
11 468 280 20 125 -0.19732211818754908 -0.22496566234476373 -0.19520302247560056 0.6682566512364351 0.043831997355537 0.6617833811913497 0.818573728366489
10 211 180 100 75 0.11389727581344716 -0.24561781308725456 0.07904123835593507 0.8905154444602972 0.21184083403402332 0.3914020816002376 0.561411883189035
14 185 560 60 -50 0.08219816528128576 -0.17986319394978084 -0.04890825662258452 0.3626783729341354 0.8621479382302237 0.02286699010236759 0.9972198176436403
13 110 540 60 100 -0.1328815314327409 0.11879134569110084 -0.05284900954306215 0.6469669131766158 0.5128045831256365 0.6205485694468919 0.11751612659435107
17 157 -160 -120 125 0.1639177051686902 0.17801182210945565 0.13985248161004138 0.9649605549534362 0.8733985002937397 0.37206127908669584 0.16844192454354412
18 48 580 -20 0 -0.171077882055307 -0.05281289263112815 -0.15895697655130048 0.45776989708048343 0.9028967301831907 0.5309770441908587 0.21314458715073448
13 264 -380 80 25 0.07191660280979378 -0.07247207568467079 -0.20449211737347378 0.056432755045839444 0.12525023380843026 0.3744477727970368 0.12406842326280332
13 77 -520 80 -75 0.11574650218000615 0.2497309741588803 -0.07504725668763507 0.8903572941283978 0.6131474613804133 0.481428783998891 0.11644342584136047
13 293 -160 0 -50 0.06206619019770693 0.19667893108885842 0.23981056445662058 0.09732020453429224 0.37005053510361074 0.02917589931383413 0.4449311751999834
12 145 -40 120 -50 -0.18552892781560776 -0.12106782237513625 -0.08813960890800238 0.02928063950786386 0.31242109499775217 0.08931187280023312 0.3128209970892406
12 11 -400 180 125 -0.23458333619711902 -0.14366335474630676 0.24122732669627756 0.9975061339249718 0.9076093882644385 0.33531821206958823 0.8843472125192899
20 365 40 100 25 0.025320693251499993 -0.11579221949494894 -0.20650170230980536 0.8834887342549742 0.7307995297787031 0.6698399044358744 0.9614791012991301
15 42 -560 80 100 -0.02133844570279103 0.16254014998636074 0.17929110103081453 0.9833463173402941 0.5945761177683536 0.1392040962592147 0.8257995643301275
12 458 600 20 100 0.06806737163253374 0.2043232708375433 -0.1809099917734424 0.9037527332933477 0.7605080345203798 0.8568387588003401 0.8280446537462618
12 74 420 200 -75 0.13057101493685852 -0.10903479396358723 -0.1734475903896036 0.5099187179085382 0.79745647928755 0.2942204664261645 0.5054174066308631
10 252 60 80 125 -0.11758688571472714 0.1320181051417056 -0.212499090422767 0.29676977663665505 0.38651215187537025 0.6806158068324961 0.5318811666538203
17 5 -520 80 -25 -0.08842578803821222 0.09278861841868363 -0.000710989873523804 0.3539650701139604 0.807772466234162 0.10931387108219603 0.6333526748817132
13 325 -180 180 -25 -0.04229238785974926 -0.11101914715707767 -0.08601576388646359 0.021198564284751864 0.5606624700425045 0.41937414169976994 0.10348852713197232
14 178 460 80 -25 -0.04692662429146233 -0.009792456835099439 0.0356582462471326 0.5159572975644129 0.6233420454054367 0.7847542153462225 0.39109701209344394
14 445 400 20 75 -0.2128262054165092 0.08766494867938862 0.02972227901406188 0.8089367103516517 0.32141315588769026 0.2751749062465042 0.9328808652037534
20 430 160 200 50 0.20247352062838775 -0.1690148602760303 0.11347597629812667 0.9838026201365264 0.38093566313928595 0.3076003495114472 0.9432711737058804
15 116 100 0 0 -0.042396888329260196 -0.10056265584264379 -0.05487873761797035 0.5244445269290341 0.666355707126925 0.31398753517886413 0.5671854552995471
11 329 -560 -180 -125 0.24591627585221687 0.0007524652178597102 0.20818941418691644 0.3902654192269045 0.22558138120652182 0.36706965765278465 0.41948321903275343
11 348 -600 -120 0 0.1221402330111877 -0.1747878519223356 0.038343848064341435 0.12366329370194751 0.6597296449340132 0.801511402907146 0.5745830824171444
16 220 -240 40 0 -0.07779965966972674 0.1305615705930087 0.12203472957336559 0.22503358122969042 0.11399235214895698 0.7703740568458447 0.4008839226568044
18 491 -140 -120 -25 0.23103115850444894 -0.24149550846103957 -0.10921221836676542 0.6992915363079545 0.23256229870287382 0.5635538487947147 0.8832011234759439
17 335 40 -180 50 -0.1954117580439812 -0.002787880727507963 -0.19711342660545172 0.9806517615989888 0.5900233188693244 0.0018732006630091114 0.545980437647143
12 353 120 60 -100 -0.09184620079932665 0.229962684184155 -0.15250184587638316 0.0654032242185959 0.2912800429674156 0.9533514158799554 0.46153735262511486
14 476 -600 -140 -50 -0.1122165473686309 0.08933780165610111 0.10309899826250535 0.2959195170027751 0.6361616308735851 0.8491840109143749 0.5664579736351927
12 132 20 80 -100 -0.09391336686308155 0.05933796328794022 -0.14409074431116053 0.9747362323991917 0.13917972000892487 0.6145884927195425 0.416220665275029
10 364 -520 160 75 0.09472117043805156 -0.07927087104240138 -0.1333044313120662 0.6889147685427444 0.4741766350022598 0.7535777573854375 0.05555799247472892
12 240 320 20 -125 0.14699932645485797 -0.018334405127996 0.20783091561295525 0.5666860104855062 0.34237254807566564 0.7923067400050721 0.17231038426259304
10 111 320 180 100 -0.001392839658349354 -0.2417059849909201 0.20309614534413117 0.2804864153354424 0.773891251383328 0.14739460682982308 0.7295205562137295
10 272 400 -200 50 0.010473018022481795 0.11619054284855052 0.06726126061339094 0.09887399460690594 0.6043483168590481 0.18144668436682976 0.7149246069644801
18 162 -540 20 0 0.002807083889331985 0.030419642545216063 0.2316305063435502 0.0200930923741085 0.1340842920129307 0.9056700932731854 0.1327689074972358
12 343 180 40 25 -0.1258049413871269 0.08430861986642019 -0.17552617417862654 0.4760883574015913 0.7761954418462675 0.3784205623782474 0.23273534006585628
13 220 400 140 0 -0.08364915480385254 0.21358786912158834 -0.04575613357990449 0.5306089216337775 0.2063954848596048 0.9914222206428868 0.01358700450623418
14 149 520 180 75 0.09930761622199596 0.05278147585499304 0.12938880017228865 0.6222568637970844 0.7863054701349745 0.18681815126748247 0.19349040709957943
20 370 340 -200 -100 0.01248161806317033 0.00765145584186544 -0.037391709173691834 0.969127658854542 0.7988216765331143 0.23311456186018586 0.7481656386998966
14 245 -480 -200 125 -0.21092888271653704 -0.1909937909615208 -0.07994813326856887 0.8045567461100473 0.2572617276761029 0.08865017689751675 0.9351397624823429
11 160 240 160 125 -0.08671796238239882 -0.14227070646726414 -0.12940304261534313 0.7063836592435317 0.0908974314669303 0.6265143730675528 0.3689072766876189
18 43 140 -60 25 -0.051264518388950076 -0.020501205466843253 0.0604839924982134 0.8600653607648929 0.027121634592607635 0.49041086434538894 0.0017776277643457572
16 108 80 100 -50 -0.17757163005017834 0.2218778270911037 0.1469076392138745 0.3723642858490014 0.22847637216278294 0.932116729153204 0.18119424352243063
18 66 -260 -60 -75 0.15928867409446534 -0.1427282610556591 0.09818240187012356 0.8619218368151556 0.5209418951692857 0.6564346760663283 0.7860666646813101
18 206 220 -160 -125 -0.19193117534672988 -0.14271240262836404 0.24548242775939977 0.0659032756124246 0.4118827004747171 0.9682478438301952 0.22173482470683203
15 477 80 180 50 0.09698997167675172 -0.007114791712684254 -0.15800517868696806 0.721941360186934 0.06350961029671487 0.5900828639557619 0.343646432112678
18 259 340 120 -75 -0.05581095680766712 -0.16230360102044494 0.12699551436366718 0.11545579240062553 0.7302302765868651 0.4259402257842706 0.8011628247009926
12 384 -160 -20 75 -0.17781496355847404 0.20985890237677757 0.1568770408514858 0.549810548757141 0.05342865710742983 0.3150246014493141 0.32641699642719635
12 432 -40 60 -50 -0.20344852911962036 -0.22342044391033627 0.0730844687681918 0.37258219343152943 0.6158268984098099 0.05637075286547588 0.6512437802747048
13 352 -520 -160 100 -0.1451202209245901 0.246115990433941 -0.10733365676823942 0.591573839350937 0.08090183336042933 0.31716728362202207 0.7824909156161036
13 284 600 140 -125 0.10687164376035957 -0.17675101837114698 0.22086071481544245 0.15565379969311888 0.7714530134920569 0.5313679016820051 0.6611630066256176
16 148 120 80 -75 -0.21914338540406225 0.1388577477324917 -0.24890050047331813 0.4686914783717947 0.8233152091526985 0.3836085958802061 0.9099310431125447
15 453 -40 180 50 0.06078771565801083 0.0716103674722206 -0.16260138172154098 0.12417231315529431 0.43337063897277317 0.6606980740582491 0.5730400919413394
13 423 -60 160 0 -0.12019814054173478 -0.23961013036542855 0.11633767478675178 0.6487371428555299 0.9160160741607039 0.7827975819676721 0.768935274516464
18 41 200 -100 50 0.030341998323037078 -0.19619605037908017 0.23777413051869828 0.5775546712822252 0.48852985971166196 0.9907543472122851 0.7144221058277366
15 267 -440 200 -75 0.1591505133616561 -0.2363988275057205 0.2227811910250973 0.041951919375736835 0.2949181255319627 0.2972126092040954 0.41815912191204985
15 232 -240 180 75 0.12147976047043174 0.21893585968928198 -0.02038549406857093 0.3922383899278442 0.9870819747045674 0.5603249062634763 0.8477950820765341
13 38 -480 200 75 -0.09530861457923201 -0.238115604187505 -0.1033587476530709 0.7486147006118107 0.5531080212034905 0.5320541106666096 0.4126653616895928
12 358 360 40 50 -0.2074825080653953 -0.07063045070995849 -0.21842359949490658 0.3118073483182062 0.596599764351492 0.4207112891815773 0.873615728413415
12 179 -20 160 125 0.12580233990122697 0.1625916920402315 0.20681706688295587 0.08035376303173158 0.4422643671074995 0.13579248270296052 0.2888983761882865
15 385 360 -140 50 -0.1917394168720737 -0.1501920397461951 0.13408597053142884 0.38063272733472375 0.39001248606605066 0.39791481086135905 0.3721819624438888
15 181 -220 -200 125 0.1503586610799445 -0.039526411334518285 -0.15665309836433677 0.3584625874895222 0.041026813150385144 0.19162809183923313 0.007026862735988848
16 318 320 -60 0 0.17343158665111752 0.2317212440583319 -0.22284310545582275 0.5825841521508789 0.2608314185881493 0.5812155588918587 0.6814615720327205
14 210 600 80 25 -0.07889558512454359 -0.23244879816149772 0.21219577174795334 0.9423990081055158 0.2503703040503308 0.7684055627818293 0.8453478544953803
12 157 300 60 50 0.13404489694454996 -0.10749708705100053 -0.23074905250679117 0.09046005194726836 0.43474295567672616 0.8029259470493292 0.8856528485806374
19 457 -560 -40 0 -0.2489250638570068 -0.06618635920010135 0.029588415757087427 0.4732027130945965 0.9427721281024865 0.36232484133152365 0.29146246852546753
18 334 560 100 25 0.05452833611724367 0.05723519820711004 0.05625984006014101 0.30257381683004403 0.3515361815834094 0.13510346104035142 0.4082819023716482
19 76 -380 60 125 0.0027318669174858923 0.16904745310879066 -0.22785356691081393 0.13294062452066713 0.947753994725191 0.16393571093151915 0.8819401112646871
10 230 540 -140 25 0.07893940913481134 -0.16717334803407002 -0.20138678367411456 0.5569868550326158 0.5424947100847326 0.5936097176573826 0.04570724312297636
10 191 -360 -200 0 -0.007034842034047473 -0.016705477675861724 0.12384371935581123 0.06263938032599203 0.6056717321474397 0.06735246135204453 0.296832212540697
20 200 400 -180 -50 0.1886407763984192 0.1771821690059333 0.16080176603242408 0.8860119276374324 0.5354369169650797 0.6194909986468026 0.6492140656474137
18 487 -420 160 -50 -0.062432596854381184 0.05432275254380198 0.006324527558336124 0.3139243346822732 0.11725410556695615 0.5349261970421804 0.23153911589345055
16 441 -500 60 125 -0.20718779345398286 0.18437376591841115 0.029576699897691905 0.773016595231461 0.41120454822142727 0.49660737035047653 0.6565507363250418
12 307 -600 -80 125 0.22346858891471794 0.09439979698196865 0.15048266922399806 0.9278464663874271 0.4684162517990428 0.42838927763454626 0.32208314327266885
20 168 -100 -140 -75 0.11004814618551673 0.14136613696646644 -0.03840023442756302 0.42315875117000046 0.5939973714764263 0.9044456182174284 0.22768622143711525
13 376 280 80 25 -0.12009033043714218 -0.23778622773109565 -0.15542135837149323 0.9897682684236618 0.4906561117635071 0.524120986368074 0.6530533937559588
19 467 80 160 125 0.10153510220947948 -0.07053571547821763 0.07581178496469954 0.5272666506943795 0.47997628541189574 0.8114891178443472 0.03854620200700043
15 174 360 -20 25 0.08368182353428577 -0.0786726847014308 -0.05730382815130097 0.7805536660605444 0.7338596603675085 0.9475219972348986 0.704880180027622
17 203 -460 20 0 -0.028247595040781448 0.23722011417892214 -0.17665802659238528 0.9618263907651047 0.6126049089712303 0.5846184880290953 0.6212534549473456
12 492 400 -80 50 -0.1693303934373312 -0.18211118293714434 0.19309516054772558 0.17028165927336014 0.34400211456011964 0.024047225096862412 0.9337108264540325
11 358 340 100 -75 -0.21278029586249847 -0.12930193346225993 -0.05268194534690018 0.2775066767600167 0.38217696202990814 0.0722558043756023 0.5900209279405035
10 270 600 60 -25 0.11926376764057639 0.11112773895025635 0.038306628680962906 0.35414613760737057 0.2598445973919453 0.29424997442227196 0.6006226675994368
18 114 -340 140 -125 0.17735669440878793 -0.06740532170690178 0.05984096682263251 0.48326723377701897 0.4091828316229196 0.39858626719606916 0.7507988555288323
11 131 80 60 -50 0.1165293080321087 0.22438788859598835 0.021526546828468884 0.5664483310734002 0.41129598361892816 0.32946738656929 0.5375341579897133
15 83 120 40 50 0.12024440800412856 0.15859732609469696 -0.1711623114795326 0.2863802622597069 0.3761799718135874 0.36642118697393566 0.6339813316650785
19 189 440 60 -50 -0.09611653427908595 0.22444908275859632 -0.02191094607446764 0.3042609674735741 0.6423540908927311 0.9914913473169498 0.3480626162621029
13 70 20 -60 25 0.1661370483289964 -0.2249684773302098 -0.027867420562807776 0.5366004816974868 0.01805585132376808 0.7319244708767945 0.774138502426509
14 137 -240 -80 -125 -0.23534894661974387 0.1376122153699582 0.14701462298458384 0.7536045332699153 0.17448270822941836 0.08362347822108163 0.25679073693016996
11 377 300 120 -50 -0.12401911263493448 -0.15357899591707758 -0.020037415361989053 0.23882719721027124 0.7548169505635738 0.12761167973582144 0.4940478854562187
14 139 -240 -60 -25 -0.17189896137961197 0.17452372919770143 -0.19577328944086586 0.11786168162297916 0.0733002995904084 0.42794161936423136 0.6044819405929639
12 169 -260 -140 -100 0.08636893980220994 0.02600092268289933 0.11984228057828233 0.1475275253186158 0.9287916746797283 0.6626277862894289 0.5387075046418495
17 256 -180 180 -100 0.0634505433106804 -0.2339030634369939 -0.23107669159512906 0.35464631314833484 0.1604794754079507 0.9054795840051507 0.9071053599006714
16 329 0 0 125 0.21878902565775732 0.042582959989350355 -0.15380838263574892 0.30991413468679996 0.7286529041499169 0.04271316314913742 0.4974355473612012
18 480 -160 -120 75 -0.09798776618321503 -0.15742118123479515 0.07440251622381272 0.9662004996335285 0.8494713496571297 0.4138088660321868 0.7527749683735555
16 248 480 80 0 -0.004792676230564563 0.07594186182626095 -0.15289393107339871 0.33831267977538604 0.3135239935454617 0.37287542633577364 0.29844013101532596
16 52 600 100 -100 -0.22045758779543934 -0.057660028640422356 0.04135756222655562 0.8154385301024473 0.23508344928715086 0.5212969543426542 0.5017006222376021
15 300 -140 -180 -125 -0.03339239168594099 -0.07913387115954329 0.10288195453256499 0.9699156376692187 0.8786189186992114 0.2867266911700138 0.2997163177388662
11 249 500 -80 50 0.13451033989244782 0.1836384665521123 -0.2073121304214019 0.8856479117212656 0.3260695846221705 0.6053774858093756 0.7592284670075631
19 69 -580 -100 125 0.19615205433252486 -0.09742506130081663 0.09661373779577631 0.6911931956307082 0.8489876028197817 0.9571961596912921 0.6158050406182971
18 436 580 -20 75 -0.18113819495218375 -0.130930891579565 -0.22083416844321074 0.06809833138300658 0.3554956592898242 0.8978554205652497 0.7093066908409316
10 222 540 -100 -50 0.12506306068173034 -0.1890849288324557 -0.05011320783202855 0.8876651200093565 0.1530161600906863 0.045323924270848304 0.1366461470431457
16 314 -600 -40 -25 0.01914728642109531 0.01380418792243815 0.020849087992016957 0.01585619646582659 0.6797680941920891 0.6821839831921456 0.833024001783856
14 33 320 -140 -50 0.16600216264838646 -0.22082566416261173 0.17668882668252567 0.09936527742188994 0.28979651147356966 0.4682159719068736 0.9780126595728359
20 20 -100 60 100 0.21204467298397323 0.11299324546095374 0.13803857190829938 0.520162106041829 0.37550768604988516 0.08985030364910884 0.8070294910215029
20 81 340 140 50 0.017873270289727072 0.17484858811008358 0.15589736025134776 0.8342774279092068 0.7505973800090228 0.7309444142058238 0.5000041630154939
17 73 -460 -60 -50 -0.12055113431165992 0.019376022719452102 0.08103668747089132 0.4404949744178389 0.2256441286328309 0.8413755231679423 0.9187732711914934
17 467 260 80 50 -0.19329965691183382 -0.15118178666522386 -0.21794136451493262 0.21605114539328707 0.8125081961703574 0.2501000839033354 0.370059067173096
15 494 -80 200 -75 0.24988491739610091 -0.08118978923861048 -0.13569620040596653 0.6032100412300168 0.19056369112232652 0.4652048916471865 0.6114027749771788
12 486 -540 -160 125 -0.10958119001995348 -0.2428456856853431 0.14364886053057185 0.5999640306366562 0.00032787386317589817 0.33091396753915114 0.6855301245784674
16 409 500 100 -125 -0.07624065060741053 -0.2068202721272976 0.0013295449558513028 0.8303738395729244 0.3697236213630114 0.38949711050910185 0.13985847940739804
14 173 20 -60 0 0.14953194377022316 -0.20267101721453074 -0.2021739726758261 0.7731827063295422 0.37788760830784585 0.5334520231200433 0.28241609478153784
11 64 -120 80 -125 0.05104633628224747 0.019492273927508963 0.13002378955470517 0.03869759352573532 0.5795338908067909 0.13711782900598446 0.9081407354340734
11 389 -280 60 0 0.24196524792444318 -0.24836374914945292 -0.07016145537715684 0.7971174886876521 0.7908889994603311 0.11834301326272012 0.14663986485355884
10 241 380 -200 50 0.224496695779287 0.16451439204730672 0.045665535799322976 0.3822549875576554 0.29534276975706353 0.032816603625291485 0.5644409508302892
14 96 -400 -140 125 0.08729785063302936 -0.036589660008846225 0.19136232978480106 0.11107111209550047 0.503208493715884 0.8404715289565541 0.6794277252552721
15 303 540 60 0 0.013381960758476086 0.015171516559107368 0.1813718502304128 0.26119538176976964 0.45742680599444696 0.7476223276810667 0.6402310097203311
11 478 -300 180 50 -0.1292102643431402 0.12108048997242299 -0.16746594685094868 0.07672469712910235 0.9662624313367469 0.36433742488599796 0.6031739852196666
18 307 -520 -120 -75 -0.24237690641497756 0.03713178862593847 -0.02183349224880865 0.3362171446749692 0.678442655331283 0.7490005302853534 0.7362358622476863
15 284 -600 20 25 0.24171041596083426 0.17419506799206946 0.15742612419758983 0.9877952007088525 0.05118116026744379 0.13689868946371386 0.681000362752256
15 410 -320 60 -50 -0.1337460433130711 -0.08762212582672874 -0.22318239702507536 0.286997415817153 0.31921551255029834 0.9305219412108214 0.8131111584541311
13 444 -100 40 25 0.04559292581424795 -0.0874660385857367 -0.20263887960092702 0.13078183806528665 0.21788422007344 0.2572834286741216 0.14507137804090853
17 274 180 80 -100 0.07321829167946092 -0.01365175602277291 0.18735895954052917 0.14180887368029205 0.34261850387925963 0.44799139966762147 0.59487668302953
13 89 540 40 100 0.1420850797467189 -0.14788498073755918 0.025477924680735176 0.9593792596831834 0.5329365006291832 0.21164416073120085 0.3518665862502621
13 462 -440 140 125 0.11897705960934957 0.05231296718470679 0.14467886225752286 0.07321751300321977 0.4506172530889663 0.5997552494646233 0.49898948858928793
11 3 -240 -100 -50 0.1162974203434573 -0.21295445617333614 0.09118245129444918 0.3171663086540031 0.1149713567935734 0.9917894692593845 0.00834764688300249
12 345 -480 -60 -25 0.08787010850256938 -0.17728795652104862 -0.20364454966713974 0.8546888867099558 0.6768999042144594 0.026661923819139455 0.5858749349169902
12 122 320 -120 25 -0.001680969481785033 0.014985465122008879 -0.17431078696965457 0.8122075990876022 0.8575599217256704 0.4099410906296437 0.374635043882799
17 402 -120 -120 75 0.046656665484521964 -0.22718675904942692 0.03325929297946012 0.804858333367447 0.9704253354947385 0.2985311966891926 0.06120039459352955
20 204 -400 -60 -25 0.19409353286542397 0.22877317963630123 0.11976209653864223 0.5953390280139143 0.4775301233751994 0.8615465006602787 0.3744259789641954
13 479 240 140 100 0.17150998832047937 0.095234510375732 -0.1693225456468201 0.24161006553092423 0.5096661147972827 0.18359939617253362 0.9049212230745156
13 486 180 120 75 -0.11682430780984948 -0.06346431841864458 0.20772349284425945 0.05556842684313634 0.10208349692082086 0.5156180465820247 0.14227041794220285
17 493 -320 -60 0 0.008313204855509848 0.017632069581727694 -0.1428509309000614 0.7573436337414907 0.8512697297283691 0.010343223299837612 0.976026467427089
15 177 20 20 -75 0.12557623847796556 -0.01568668441073434 -0.14781607441007427 0.45302959870157644 0.7138215258031482 0.13564085008110216 0.5799675917399975
16 486 420 -40 -50 -0.07145723892582884 -0.06273903095312405 0.024500822279283407 0.8310679672765899 0.22095031434047308 0.23428805339267067 0.0729751733714652
13 214 -200 20 0 -0.07527667118805964 0.21359819473714559 -0.02814995482536764 0.5198548844948971 0.4706045394361603 0.9403741902435631 0.014163724616287232
19 179 -600 20 100 0.00250670320738533 -0.11089161725243368 0.09832555195269149 0.09607006743137836 0.47648519214520946 0.38151327417737557 0.33768207788200655
18 444 -60 20 25 0.13969964461652695 -0.13487831877276946 0.10283467014626857 0.2405259716193815 0.2834543819660773 0.9923310740891294 0.6581541523333627
16 455 320 -80 -100 0.16198033128776018 -0.07108752179399952 -0.07638180819637097 0.05252507625572411 0.7150464173044165 0.5167158106935811 0.3742513717853697
13 171 -560 80 -125 0.1878000473908008 -0.1901249868735514 -0.216658536289768 0.8942998011933574 0.008163677649929313 0.20106362793513766 0.08778073104225237
12 196 -400 80 25 0.05862248886485505 0.16268599388109456 -0.026601243986240086 0.3317954337566159 0.23902564291211292 0.7823088300853929 0.886245186364767
13 371 300 160 125 -0.17647073883395975 -0.22769494787876177 -0.2437259543695972 0.6965941066786366 0.21361101738550214 0.15829856686480392 0.9868451405950668
20 413 -560 60 25 -0.02720787279839798 0.23374560301836594 0.16213510979938284 0.2226703870808674 0.14241798090926228 0.3584766577395988 0.018474560537846685
15 305 560 0 -75 0.03243826744410511 -0.15425787288871756 -0.21424216850789024 0.33691175854325495 0.6640672593070188 0.19030431004586024 0.08893465194811123
18 320 240 -60 -125 0.10491341194238318 -0.0222045667691792 -0.06817170764594488 0.6706348834813856 0.6047121068926965 0.04969463821472142 0.22195386575831688
16 171 40 -20 -75 0.029195163547736547 0.10920929398889584 0.17338334698731972 0.9966967896905222 0.46991078752369264 0.8291992681065167 0.9655819618293539
16 496 -580 140 -50 -0.11837321857393979 -0.21446824134710757 -0.14519182475012632 0.9891564035706916 0.5915326780308618 0.3384663390850079 0.5790315630531345
16 37 -520 100 100 -0.17688576105775916 -0.2127584728623887 0.17518210041672422 0.8111062808060359 0.3062344047293688 0.14130570943956855 0.22753396204948295
10 60 440 -40 -100 -0.07540196321938752 0.03526283239692474 -0.19225519462563417 0.8945775212772699 0.9026587993717077 0.18241426169946562 0.8746302807382395
13 9 600 -40 -50 -0.14119981973477097 0.13883970535129825 -0.22931286950073249 0.32893478332941883 0.6258613575800784 0.5543459749903823 0.17929136835975612
13 84 -540 0 -50 0.038146103181308344 0.12648747005019068 0.2164959392564651 0.4383261102624427 0.755579495179226 0.32788836021308043 0.4925409789310089
13 273 180 80 125 0.23543953448921667 -0.23103312968538997 0.02409011407741235 0.42612549748649275 0.5439242919104077 0.06717963596235332 0.08625390648592235
15 275 560 180 75 0.2319445869092463 -0.216743939236346 -0.12638016292731868 0.48979948728717815 0.7437373477272125 0.0476307902126516 0.9351300800897461
17 426 580 0 -25 0.11541307119017824 -0.021768282622792956 -0.027596921385062867 0.600076507032356 0.5588767717863675 0.27325703183483596 0.7116255436031396
15 265 320 -120 75 -0.24412204345730487 -0.003945974482238879 -0.21110764326082715 0.6443134870116287 0.18327358288500684 0.7649673322940517 0.11611979263105432
14 423 -180 -160 -125 0.05184453559261232 -0.20431537017499735 -0.06007447517452241 0.2420905599292119 0.31536990837942036 0.0415974919994907 0.970270689011774
12 382 20 40 -125 0.02391883231767078 0.22335037219559734 -0.193256375009971 0.9797764005351629 0.27597482871197 0.7561196174752791 0.6021609535894185
12 176 40 -200 125 0.16976703573173374 0.22681938845877525 0.24368001688616753 0.441111893600747 0.13454384800874186 0.5423070712217662 0.2433392085025473
17 173 -40 140 75 0.07172632411814356 -0.13157831508393203 0.0658902688024347 0.934909777357886 0.41265351379472026 0.7474779921908414 0.678413757722232
13 453 -540 -120 -75 0.047184043839985146 0.13223889756608848 -0.056758826460468315 0.5586439254019483 0.7222674757801508 0.4688453542873874 0.34174362070151176
16 54 -180 0 -50 -0.15289414804358714 -0.12217523392367086 0.1527407169386354 0.38938212292794394 0.9976604538822632 0.15137233193841526 0.030156522818361564
12 219 -180 -180 0 -0.12751895789971224 0.1501329210276786 -0.2127432051013904 0.9927440606501092 0.2377861177782027 0.41858232423260333 0.5515607589075048
12 487 -520 -120 0 0.027120031536203626 -0.18888259606609836 -0.2470683740894163 0.42881970037117356 0.6581167886255648 0.5772879631290515 0.45866454801543255
16 254 -420 60 -25 -0.1710420531667528 -0.10134059467679662 -0.11984763762510575 0.12312741163258656 0.8296451962030096 0.9183476364774295 0.9120250800916305
15 253 -20 160 -75 -0.044457504991235464 0.2453308416927688 -0.15940921025744242 0.7293935915227102 0.5126313336292264 0.1573265681784649 0.8356215949544638
17 398 400 80 50 -0.03749375404642952 0.05914661947862532 -0.06168305699862303 0.4198275789743249 0.8252005239959416 0.5555229774900822 0.5446589132442213
11 302 -340 200 -25 -0.21422699087414504 0.20083093153912474 -0.22347612654846305 0.08990464199759052 0.8772784379905543 0.09112499687064379 0.625041168586757
13 447 -460 -200 75 0.2363069788450664 -0.2404690547621412 -0.16628941918997048 0.6823311662875718 0.5909151880641792 0.27037576581466416 0.3413165414365168
15 331 160 100 0 0.22043662106838185 -0.17611622931634258 0.16912427623336168 0.03259320193663717 0.8797195448789199 0.7340258251761557 0.569276291764845
16 18 -540 160 -125 -0.12816705741482531 -0.1478269968708691 0.20528973014608787 0.2895924017664301 0.5771172175525897 0.80112023018886 0.6994639112203678
13 222 120 -120 -75 -0.0206758660366414 -0.03548794523796256 0.07552652258396264 0.9192740512828302 0.9128131507352915 0.8767483158582058 0.7263371965118334
13 166 -20 100 125 -0.14508252791096865 -0.08579913199742362 0.23566521675671354 0.4456795138039499 0.8944786985597093 0.5207206392323049 0.5740092041201982
20 322 340 -160 -125 -0.14884460662138116 0.08483966022860573 0.05583134884117158 0.30720308437637667 0.5686956828654764 0.8980036175243876 0.8077795204628531
20 346 60 200 25 0.21295016065521039 -0.2400187342059072 -0.16328237903149373 0.3241385980346697 0.12275518321549106 0.7794381842061371 0.1136159336430328
13 231 -360 40 -50 0.04633867473048581 -0.06068812869744128 0.1366592957133263 0.7147639309500764 0.4953173742772873 0.10871721360136066 0.13664392585085694
12 224 -140 80 -25 -0.09859412563452957 -0.05184949412141432 -0.08169138830675465 0.12432087132313518 0.6857464288753997 0.7754734119195141 0.1536738383697791
11 194 240 -80 50 -0.15374557159776508 -0.048206664380282926 0.11565202291430648 0.975215732335678 0.25873783887204993 0.6473810171977509 0.3035356623315366
13 348 -520 140 -50 -0.09638178248333817 0.16141139040606733 -0.1405141722702381 0.10694515576837094 0.8475212192195747 0.519631832045393 0.5527979684449364
15 211 -60 -160 -75 0.00816596549758708 -0.02213663361244511 -0.222102104241319 0.06584510015465617 0.9317591724625494 0.6664106317164938 0.22097388770653115
13 165 360 -60 0 0.040194466142748075 -0.23843853569464485 0.18973200667864737 0.3923625085490776 0.21406129586206113 0.2756199622570098 0.4189597303208983
15 327 120 -100 -25 0.04061315755971523 -0.10376512365485469 -0.20425262512790576 0.32687042588435067 0.1996865539183229 0.5653208680753128 0.2004471503663976
10 442 -380 0 -50 -0.05460076266519348 0.006611951292700757 -0.12489499256451109 0.13541717277749077 0.5412563043073993 0.8858562084430522 0.4053119537373545
10 343 -520 -200 125 0.17438125031973517 0.07847006056239048 -0.13459731404829434 0.5668272903175195 0.12628284909671628 0.8588244071332116 0.9958812257065164
11 305 600 -200 125 -0.0950367512115805 -0.16817794774836253 0.2390273317279013 0.6784014301234804 0.16783633515387553 0.9134338344562781 0.05265582594335072
10 37 -220 -160 25 -0.14020416277806041 0.01779875329007985 -0.059906891581042065 0.9463426293598209 0.044308816483116464 0.8031026111253069 0.9772033523541136
14 65 300 -160 50 -0.010483251268308347 0.13584176538145087 0.23221379043827084 0.8297591275211097 0.6366015645999805 0.997329201771231 0.9817724593779127
12 128 -560 0 -125 -0.053275272230145 0.15197565616115372 0.12197443188753743 0.8954609297156247 0.02622841057302694 0.5783330201546361 0.956948952557869
15 497 560 80 -75 -0.013983629341955295 -0.03111913308078279 -0.16302011073439282 0.7297435430085202 0.4161594777645954 0.4246576570759859 0.08169978242198705
16 402 140 -180 -25 -0.20737008648280164 -0.16022020558208988 0.12794930967222523 0.5951974284370509 0.4937276658468833 0.1729679197492271 0.8705743311970348
15 3 180 0 -100 0.011091948985646805 -0.011739220027970232 -0.211292065042748 0.6970402983290845 0.19290130500860003 0.19845809846098617 0.4978276904533786
16 96 -240 -200 -50 0.2393012326077345 0.07555313400561742 0.01822495661268292 0.6941555356889134 0.9445253587957286 0.49659726240913316 0.39627957169532957
17 99 260 160 -125 0.15346896786932895 0.11116365386685356 0.13889714674659143 0.6173260760130701 0.5751375727242584 0.670608311101907 0.9047880902542544
13 356 400 20 -100 0.045477564252019154 0.17397928894451287 -0.09313861445706773 0.7608734047614816 0.8457914749501021 0.7814389643408904 0.7355220125370386
11 230 -500 -80 125 0.010766233872699094 -0.16360687195823287 -0.18324933165402663 0.2318522494108588 0.5800507930533684 0.7486936048033639 0.03508902430185934
17 107 260 -140 -25 -0.04982522039826348 0.05247888282597135 0.11207087202747407 0.23345868220450694 0.2240227636516603 0.10540828063711727 0.4175036560546759
18 263 -120 120 -50 0.16598549748366792 -0.05009015325395727 0.19695687269125717 0.7149689967730694 0.38041593288618203 0.7626523702120912 0.2108357097206769
19 83 580 100 50 0.24728042198407385 -0.0826120330673254 -0.013537978020093544 0.9376669340431724 0.9296486609977294 0.5206749630328509 0.5998765492796463
13 35 400 180 25 -0.019478028347106324 0.09629768841737851 0.139420777052306 0.5666407093086451 0.5794829656589209 0.40589472174534247 0.8331163293955972
19 35 -80 100 -75 -0.08465428781349293 -0.12134929204206651 -0.06349030409100431 0.43963001260676915 0.20958224996503727 0.036855831859561095 0.9497804875731483
17 274 400 100 -25 -0.05006368028730984 -0.24384751301132107 0.05017814664697867 0.7568072765905515 0.6758694555066932 0.9796391227341519 0.5900175790912666
19 234 -100 -100 -50 0.048022492004047346 -0.009963189288720087 0.10194719900861882 0.015379398053999238 0.038233113080749725 0.1815402452252285 0.33465938784634075
14 265 500 -180 -100 0.10885220225647263 0.20067316177387617 -0.1778118800812577 0.9792598267960436 0.24154200223780775 0.8252104837035421 0.3801142591168789
20 447 -100 140 75 0.23465434442480393 0.05659106633792921 0.015826121379000024 0.6539501083823008 0.8924664543475018 0.9202264089029881 0.12687864779423863
11 497 360 -120 -100 -0.23750260327981704 -0.21050091090298645 0.008283241981462741 0.2762541982653729 0.24627165238008109 0.6834703854014977 0.7460377041719672
17 156 160 20 50 -0.2302705091962145 0.006490217893307948 -0.13433198898075444 0.22352240846995763 0.7772553492150781 0.17864706397910646 0.14755692540046672
16 433 -40 -40 -25 -0.19163238622710732 0.17013220264958012 -0.011963591877524493 0.924700953047602 0.27295958139122556 0.9600366010057388 0.5875858067429665
12 346 200 120 125 -0.17061888975980116 -0.003262103984622511 0.1499867720496182 0.7548662478472946 0.8984727143576532 0.5837048639754548 0.11376449041178327
15 424 180 60 75 -0.11020006659969883 -0.039129223232870824 -0.23212817235805971 0.6332410246143699 0.8816667384460382 0.11447654003250973 0.7906849264481146
17 124 80 -200 -50 -0.0927585209197408 0.035161539531120445 -0.03697003013554123 0.30522429980822885 0.7612066648520535 0.977972116137616 0.13209126814076722
14 79 -580 -80 75 -0.05484956349765513 0.1044612135074855 0.08937515512974925 0.8531439725961261 0.6775789169161355 0.2898337013976434 0.9833396656754348
17 322 -240 200 0 -0.11999927083634487 0.017599266622952747 -0.17357288493441092 0.04839404941263392 0.2547726418375882 0.7627429904147182 0.007942920884690285
17 262 220 -100 75 0.2490122758290494 0.03361280520328819 -0.17281716871896946 0.12733630968182652 0.8578038535916404 0.46480814221938016 0.858105466702054
11 361 40 -100 0 0.04916735981752296 -0.027869531609680864 -0.20115507606323513 0.6874732136858546 0.1921846576443651 0.18971164442473532 0.6323951658684293
16 302 280 140 -75 0.007802288528471424 -0.23246379721208665 -0.03698553641545732 0.6932717554797186 0.8938608805523798 0.21626248336992338 0.7648841511412949
18 300 240 100 75 0.18241591974239463 -0.1663095000440573 -0.08390123787155379 0.8761720188468389 0.6069533382490664 0.4687899291795964 0.2353468303797187
11 440 300 140 125 -0.16048212865351202 0.20525160166169037 -0.03629518962917544 0.698553601962594 0.08123238427988344 0.03438218269345805 0.7589854679788245
14 366 220 120 -25 -0.005937256879801733 -0.2165314452610132 -0.19792286638212836 0.07955342079304573 0.5720045775185258 0.9973009409479269 0.6363810757987213
18 190 -540 120 -50 0.2274747800554412 0.1348303842199709 0.18823845957436836 0.5157573718126994 0.6824968338746901 0.42061700287927684 0.9352500391994679
14 225 540 -200 -25 -0.1899082106252541 0.07405096503178893 0.22794082396882365 0.054679538478104694 0.29058747471789415 0.3259715806756437 0.8332464021857543
13 390 540 -200 75 -0.12662963586725073 -0.18828674694765374 -0.19391191129005775 0.022161704108233482 0.717813273907713 0.37025793671266993 0.5015827613256129
11 170 -380 100 -50 0.1683174300080037 0.18370281463416582 0.2254981232826997 0.3460311634071396 0.8375215428447914 0.962653209535178 0.5238368279195544
19 483 320 -20 100 -0.11120012682097585 0.1533082205426829 0.19875782932135905 0.9463739871271373 0.7695425897067361 0.7403464998536277 0.5544055244189166
11 123 20 -60 -25 0.07616597143126042 0.07370629740102314 0.23321735115354414 0.24509685422220573 0.23887924481602818 0.37674419442598783 0.8062484612948413
18 35 -100 20 -100 -0.20363653097326523 -0.0012723565983395746 0.09480743602097136 0.3536502855604021 0.6426248554283355 0.32851491580835857 0.9559180366685921
15 475 -440 -140 75 -0.16473458988538958 0.045115835341988486 -0.022427465276255998 0.8329164297719203 0.07886652100800517 0.11781457604831236 0.3715339518208127
14 79 -320 -100 -125 0.06745164582548557 0.12293988104973375 -0.11889442422649266 0.2140290298653319 0.3987163142494392 0.11198323794846754 0.23350634188817032
19 436 80 -120 -25 -0.026602500876425794 -0.22415504097378808 -0.16862729847260494 0.9712467105947046 0.9314515011262973 0.973351525112732 0.16924542304717805
11 415 -500 120 0 0.0038344252466159245 -0.05715167020285605 -0.03627310606936757 0.17755440783052834 0.6597743039713211 0.6222127917028213 0.5751990694270989
16 96 -360 -140 125 -0.21128466523794887 -0.014320222301254015 -0.002868985759229614 0.8689703873652863 0.3924823668126841 0.8176849319613607 0.22176662346793408
19 81 -480 -120 -125 0.048181331452322784 -0.07941123306206904 -0.22592893184721324 0.14370452008834766 0.5651687550439378 0.9980236895127296 0.37797317564647237
15 128 420 -40 -125 0.04962460785277634 -0.07165378045642501 -0.024226808339804062 0.9091529446710712 0.8196604708606895 0.9098222362523898 0.0853587535979391
10 35 -240 -180 -125 -0.029044012877475878 -0.11211726849812176 -0.014957360635285799 0.07897928321412728 0.4295358940102483 0.2809781555482168 0.6436208490055966
19 41 -100 200 -125 -0.11676029486438888 0.08783913916289882 -0.18518348671472407 0.521791278715568 0.9552152660136649 0.31114346416538596 0.5229092873425155
17 421 280 -200 50 0.09426482278399889 0.02658618516897876 -0.07186765260826222 0.7874569160938295 0.26913974189153744 0.4679222181524386 0.5855675040333195
13 316 -20 -60 25 -0.15734199536656546 0.23640183593073438 0.028580526061917466 0.2357617887697352 0.6449452887649132 0.6030564680149492 0.2895141450807007
20 3 80 -80 -100 0.15710884812243758 0.06915290236461336 -0.19343099512877865 0.5848023373155691 0.4383040088300947 0.4352272367730946 0.7407592016262234
12 128 -220 0 -50 0.19104435944214476 -0.10981986191461668 -0.15415578105484623 0.11489889148037202 0.39734519111817534 0.6550341477423578 0.8671890420640872
12 357 -560 -160 -125 0.14120851331777928 -0.20302413487054422 0.22268762413108573 0.43288827945784925 0.3832717022305131 0.9818944197732141 0.5325982419321841
12 36 580 -80 -125 0.22583975648575433 0.03913570758298701 0.1268294681791931 0.27060815976303765 0.529676709804595 0.5197772024544985 0.8697844673753938
11 16 500 140 -25 0.12901659978469443 0.09616852658574787 -0.196428609172766 0.7546893235338324 0.0007857907819350807 0.6857286247332822 0.840253060187839
16 217 -200 -120 100 0.17779923193482444 -0.19646294778422763 0.014468469300291165 0.2993232471165229 0.06421306755955314 0.7860409618548316 0.47627720532683626
15 463 400 -180 -75 -0.0006316340208470939 -0.15161037574790942 0.1247601828618417 0.7189254391928434 0.7743552282485391 0.07101122952322836 0.44730602404208664
18 346 -320 -80 75 0.17423079051922008 0.0657527615439063 -0.2435691361294457 0.49895301350073984 0.4580662446258288 0.2293975992088899 0.6864958611886692
14 284 -360 20 -125 -0.13426927663463628 -0.20927548831873405 0.19600356580481199 0.17561061430454383 0.7545045012871181 0.6083717135353437 0.15953875272682583
18 250 540 0 -25 -0.1576383904318452 0.060618589703508974 0.0276910229533347 0.4819115054604759 0.848069038074427 0.5805609742529583 0.09161738654880303
19 459 40 -100 125 0.0045116775241652585 0.055037129789962 -0.10057376487078334 0.19932203176690266 0.1163612931229916 0.1733765684296067 0.33092838437790684
13 378 -580 160 50 0.08927043558282671 -0.23458349078363772 -0.10994482990861221 0.9957928444061435 0.9955665407579201 0.2635783424112268 0.7501343378262845
10 314 -180 -20 75 0.029209246158912128 -0.052509903798169055 0.18090813155855312 0.16332635817925933 0.5755239696374311 0.8909506731715832 0.09190066841810884
14 283 280 160 25 0.24155801568592083 0.14937777141018144 -0.11686473656233687 0.4721792154685599 0.2801465343196333 0.48734912159042665 0.6038503714319075
13 326 520 -180 -100 -0.04409771858398592 -0.1323971053646768 -0.23630575250164615 0.3036288513661287 0.6493382508108961 0.7743680482624761 0.1863384121474554
13 39 -340 -80 -100 0.14226313189428225 -0.05051019294794329 -0.08219548552631256 0.8009125086991592 0.991735350400939 0.9015295285765954 0.5799613690594544
16 113 140 200 -25 0.015302677385071961 0.02291462916495346 -0.0939828092593919 0.18828441984044675 0.7807843660286533 0.7673331885105765 0.38233561637547486
20 203 40 120 100 -0.019681241806611627 0.017754727309530982 -0.2306332239372224 0.19404169881268152 0.35771784933564266 0.9707579806655389 0.865085705038294
14 217 -580 -200 -100 0.1836136953204089 0.05441604003733741 0.15825591733256733 0.8206606533010112 0.46223776153484075 0.33673268656143107 0.8769335410521779
19 341 540 -160 -100 -0.16384936566809932 -0.24852590325266893 -0.13157991343494896 0.5120662079219194 0.6809000857952013 0.96876483041038 0.9274620863688557
14 401 -560 0 -25 -0.07716649903379796 0.1518715274940361 -0.059977299858404276 0.13217221592412443 0.08756597601377047 0.5312670550681302 0.6396274319697266
18 439 -440 60 -75 0.012006835662076887 -0.23688035848822792 0.025576512560915754 0.28777207177429054 0.08249759197113482 0.9724081491309157 0.059050382066012874
10 432 0 140 -50 -0.20979456857432122 -0.11393948165648599 0.08768033841013517 0.9806023838536081 0.4637279635303456 0.5255850985691229 0.49351365110902057
18 450 220 60 75 0.011102415706207514 0.10896390315062476 -0.038429201220363585 0.69340984007498 0.1430710238479158 0.019202600523918867 0.6604824290909341
15 99 280 80 -50 0.1518710390660944 0.1995580548789178 0.19802509299756055 0.9886709088897767 0.565723965109791 0.5302710486327975 0.5675159510037981
18 165 100 -140 0 -0.17823770176252712 -0.09552411381050152 -0.246525601241862 0.37365811270611005 0.1053932784664302 0.4155625163046942 0.8041450279761644
17 61 -160 200 25 -0.09035497206014059 -0.20295924163263002 0.02871338561002834 0.6495032210359771 0.16694272927285658 0.2625272035577775 0.5781408230345684
15 311 580 -160 -125 0.1633302153597434 -0.04375815532571231 -0.044384305970058324 0.7301658547707046 0.5653488217535747 0.16134806873838659 0.6265907935155841
13 35 100 -20 -25 0.09330648820065618 -0.19947476574425993 0.15446618107158505 0.16474198641700122 0.7138528654540393 0.022988856240082844 0.33649548078730107
16 95 80 -100 75 0.09039372737794721 0.10649925747844058 -0.05498667058617385 0.8306950661887742 0.09098391399389805 0.8266763685930132 0.8544330332916689
11 228 600 -60 -25 0.008924850731497014 0.017046287089258372 0.23412179490850582 0.2163067135915716 0.9613682487906275 0.6377977166932224 0.705825768278891
16 365 -460 0 0 -0.07054935487038122 0.15493093779235373 -0.04986984518136145 0.84028858169374 0.21465013464086258 0.4826530539812609 0.027531107294328838
15 232 0 -20 125 0.04263161035797752 -0.1736940667262411 -0.07509470646640704 0.176563844751788 0.32171196168229155 0.5147020855504009 0.9331650610798963
12 500 -220 -140 -100 -0.21024515345005923 0.2143446923326101 -0.020210191410909795 0.8946590929405692 0.27382415282677364 0.6942015147472311 0.7263518440655409
10 399 -20 -200 -50 0.24291299617964107 0.07345292594317893 0.14952263223305157 0.8569198931379158 0.742117356887934 0.18163386845532026 0.8138621883614698
14 354 40 80 50 -0.1047717889924587 -0.1656582441073038 -0.008510594799670201 0.07997371519219232 0.2508556621519509 0.6187491689917471 0.0757766728669308
17 438 -460 -40 0 0.005635401337291235 0.1725385028965899 0.008605164701646184 0.8516452853985433 0.9619648423288013 0.5198531626440704 0.5953490028195328
14 361 -60 -80 75 -0.11198001501690841 -0.22299477895004427 0.1626811092956596 0.21948229062439506 0.3577707453719693 0.5006281044820025 0.7524362018573455
14 353 -160 -20 0 -0.01178363672524968 0.2110105789207179 -0.1075048746683907 0.968484669073981 0.8018651248341708 0.39915527323534417 0.19527512011600456
11 343 -120 180 -125 -0.1413362703995043 0.046511875784030265 0.06923918799052092 0.3545300866761075 0.5530373870185177 0.23890701662689562 0.3510778523668775
12 37 300 40 -50 0.0809444617784767 0.03708912958620847 -0.025431406210047636 0.9180658018880817 0.23416972195951402 0.07322812622244235 0.8229825899285931
12 171 -260 180 0 -0.015985581839672747 -0.05049076961083404 0.05657575168069828 0.754161563072143 0.2159986309673284 0.09650515634017243 0.7383842352565192
10 499 -20 -120 100 0.19559849514389432 -0.0899442695250865 -0.036528234868490106 0.44171127408112965 0.9248539179227292 0.4553134678235685 0.49921095968561124
16 173 -520 -160 -100 -0.10255280544127354 0.12147255639377602 0.12849888829150286 0.3662064830334797 0.017222927722337578 0.039405399897122884 0.5990307641460875
15 339 -320 -80 -75 -0.15001744018993174 0.13309961385077657 0.039846765874799295 0.3384244688661703 0.8513506980216088 0.6065660827489251 0.5398672791630734
12 131 -340 -60 50 -0.06118435638620123 0.17642339872753243 0.2150898065599104 0.7488132038273797 0.8711692895820397 0.1721133243019627 0.6206011892888389
17 363 20 200 75 0.07395252056861151 0.07078096264519856 0.03176794778235287 0.37176439310708587 0.04234677470768744 0.07707026088922186 0.40692510079099575
14 194 -500 40 50 -0.09186452622831187 -0.04002983946068589 -0.21090993499058375 0.5134569130682535 0.19486771658370972 0.7943435187687778 0.4581100348499334
12 120 -140 160 25 0.12491317560044102 0.16797010471627905 -0.24728892215013004 0.09237336181164968 0.7439157302200984 0.739857521239371 0.6754189307517346
18 449 0 -140 0 0.24737039251477838 -0.04759307944769403 -0.183558933614078 0.06190012460750938 0.38038745610381 0.26906698040854293 0.22042129847505165
11 154 -20 -80 0 -0.036345695886483675 -0.2359114334027601 0.06921223206131144 0.34952546440322574 0.4456660145576492 0.8558944510053084 0.28131413849499454
17 223 80 -40 125 0.040815922193069676 0.07565049913983457 -0.04159199934239671 0.33426030386592454 0.10510778028919754 0.2762534323061805 0.5591343971843467
16 47 -420 -100 -125 -0.2281604842401294 -0.09174697557480604 -0.14776132022392818 0.20215449906464722 0.4455413888587857 0.7818244519919308 0.38649505194874445
18 279 -20 120 0 -0.23186024311711706 0.03883202279978076 0.08913330556521398 0.45762977084809064 0.15102391394646586 0.08666905333440811 0.5368679076698648
17 484 500 120 75 0.15725514605126412 0.14637849938452646 0.2123827554721811 0.21804015523123488 0.7229488859797895 0.34147812819847223 0.2740282426872356
16 380 100 200 -125 0.13653152259115187 0.020755663669307423 0.14238164588300112 0.2128017769645103 0.31831072577248054 0.24865486530758596 0.3800527034498231
13 276 -460 -20 50 0.1499109398485406 0.24402999696608313 -0.1018661359874165 0.49845633395990574 0.0639591726686014 0.8044720518288297 0.9517577816486625
16 363 -100 20 0 0.05643790550322586 -0.02056636458291189 0.13013847463841133 0.928463140098892 0.3317124810110371 0.033534804237581484 0.6551148008901635
13 136 -360 -40 -125 0.22003655484580076 -0.2192542977966973 0.20034801805049746 0.2353457746577401 0.16570548547353126 0.5557434246711409 0.7120762916133269
12 235 -160 200 0 -0.17404568288351685 -0.0637679720666866 -0.11130274381131938 0.759977388126594 0.2714795645800935 0.8613068513483383 0.6144288935176913
12 60 -520 0 25 0.1802339487865376 0.21421486011820734 -0.18050229530769146 0.6843102174032135 0.47479372441255596 0.5496884419278699 0.980182951741746
12 178 380 -40 25 0.11994756783965449 -0.13093290710343475 0.21077520961675772 0.7203756387281126 0.025168084232679466 0.9889400189109675 0.31545440060932883
19 48 120 120 125 0.06571801487739004 0.004760445853979556 -0.23097568451088984 0.12833958946913226 0.7527253215556893 0.47605147970116446 0.3158295132308512
17 51 260 -40 -75 -0.16707099140966963 -0.23791083709684957 0.16211760980360673 0.7384167434830136 0.7620498161333188 0.3024575149656977 0.6740871309313206
18 276 420 180 75 -0.057955742613725714 -0.06340180519540939 -0.19192621548244387 0.7269559446797514 0.2657619309843965 0.9231660707038128 0.5340696663924416
19 34 220 -20 -125 0.16440826228805333 -0.09295721218895525 -0.1040883814942612 0.14891970624452433 0.8689267038303407 0.2242460908563596 0.9275611327357033
10 52 -100 200 0 0.03209772599680821 0.1411012266389326 -0.11342595535478489 0.5219956311094464 0.058629175215356044 0.19163579777381134 0.6719613825185229
20 300 -40 40 -125 0.16883000037714702 0.05730561231509096 0.08042661627350639 0.8993952073975048 0.3046355762253765 0.20566227172186025 0.0019470260081765334
12 364 -320 -80 -50 -0.07542222723684777 0.07916625046848391 -0.0324088796349391 0.7031663736918948 0.13534100941856753 0.597842717073182 0.05389105682575135
17 88 -360 -80 125 -0.11013643305126603 -0.18524507848176947 -0.061621976809436096 0.0841932944078938 0.4655154941572509 0.8900345250033965 0.569768953064379
19 488 140 180 0 0.22477105578711415 0.18314225547626667 -0.1327970715723551 0.5764791843526874 0.4859406145253168 0.36007237514383617 0.41330658182242697
18 76 260 20 75 -0.08472006612328659 0.03827132291714386 -0.16944026164149817 0.3454216402388981 0.4597974934672848 0.14551998907044927 5.006631582860077e-05
20 308 140 60 -50 -0.12500352567148398 0.11176327947746795 0.24520733677886208 0.9208525487278457 0.96478957805541 0.9901268338474575 0.027807565397249268
20 239 -220 180 75 0.01017104309083705 -0.05458333844558805 0.08138299893828166 0.9210576743012555 0.4811739834378167 0.5829398197537186 0.9680106933330909
15 151 -140 -200 100 -0.2452932263597215 -0.18026522766222886 0.19179893137504817 0.49644593282815075 0.8738364621287201 0.0339074611044794 0.6114745318363878
11 475 -380 -20 -50 0.03398113740653391 0.13925935758931846 -0.19009401146754795 0.39174031420536404 0.5750171214996527 0.4330617960220664 0.9726946861158114
10 261 -260 -40 -75 -0.09409821689125347 -0.19999930829706902 0.07634778693839284 0.5114618900133568 0.48918841442379835 0.7332980587806835 0.6869088980818402
11 205 20 0 0 0.19177296585566422 -0.19476708360016987 0.11729770522684402 0.3075761646161893 0.4116677322275841 0.35830242739535 0.4566495285049824
17 226 -460 180 0 -0.10262050380126014 -0.237417161960628 -0.15826794667762556 0.30400832323617666 0.713130328399705 0.028739098821650044 0.5079875478491181
11 406 200 200 25 -0.0585040896055955 0.12525217201317895 0.06410194187090434 0.1586267467283825 0.6595055976713056 0.3240280357856061 0.41720381904743054
12 317 560 -140 50 -0.2113283233719495 -0.11191744519395003 -0.21859738353040187 0.8547454440013612 0.09271750869728224 0.22018953504421968 0.09204192679002632
14 161 -500 -60 -100 0.19097064964372584 -0.24402997166307216 -0.12219390296496213 0.7274414070633888 0.11659524897236673 0.15597207761354026 0.8856927660498131
16 380 -220 100 25 0.2255066339124318 0.19449934608170105 -0.027826397232325495 0.39709328187824644 0.6373585546934488 0.1219532147551261 0.8235131798445176
14 122 -20 140 25 0.1392688940677459 0.20262713819744133 0.14363236299837517 0.555120083884795 0.9792087850844071 0.734952212411257 0.024849205368184135
17 209 440 0 50 -0.17402023241908748 0.20604158186898164 -0.23758037497231937 0.6966782334728391 0.021033261493369593 0.5820299321819615 0.9622840305776073
16 487 -500 80 0 -0.18206383274345128 -0.14131950710170998 0.1382508534201486 0.2820295323328108 0.19508426882712715 0.49058474825383447 0.1954590192964164
19 334 140 0 0 -0.13570268664222696 -0.04505979401874427 0.01054153459376339 0.11288445784214818 0.7750041225385805 0.7619516555058534 0.9128120028847426
18 37 -380 120 50 -0.06808890589890282 0.06458706512517098 -0.053481589456101486 0.9132625416783748 0.7868825412841155 0.6824194272964399 0.3300478752932976
19 286 540 200 -100 -0.17057432468529582 -0.1692243019233306 0.005361251376908904 0.5555324779767932 0.21053533540494374 0.0837059838091192 0.6981690842806141
12 325 -580 -80 -25 0.14467332517562365 0.22549732824270236 0.05178173422892496 0.7986572356072819 0.630866661442179 0.6390986175943432 0.4378277293607995
14 235 480 -40 25 -0.12445309238681695 0.21506953746571028 -0.2076201447345517 0.6657807520706075 0.03898924774175627 0.3222937360992433 0.6018377258039715
14 264 -360 180 -75 -0.1369294737863037 0.2307411107736984 -0.036081124788297 0.9977818015011465 0.07053531804745494 0.16326292054417835 0.30270038046099346
14 388 -480 180 75 0.18571928285649675 0.1967722097925126 0.2025966211693893 0.4924019810212782 0.331802036717435 0.9959553367801588 0.6445453352201682
16 377 -500 -20 -50 0.1287886488547349 0.06245174646722956 -0.12321555677334262 0.5730176229743837 0.8290123134214594 0.027373131494688563 0.13523985371375247
11 59 -200 -140 -50 -0.0021367795088542696 -0.23450848476598068 -0.1614675613986215 0.9658079954693033 0.7076737191583345 0.6728341150413715 0.06908433184764728
20 431 160 -180 -100 0.24590947458304024 -0.23608139373204573 -0.1608410535649477 0.18013756100098677 0.3197416915445539 0.5611386659585976 0.9481287638813881
15 277 300 100 125 -0.012382540101048445 -0.24683934184702594 -0.008078676327243295 0.1387455809323367 0.10597899858174475 0.8748384469453203 0.7225820482495342
13 397 -180 -140 25 -0.031113858644151282 0.029735607876641756 -0.0782970895876674 0.28106714651992915 0.1462573713521338 0.679451221320582 0.27322691259695964
19 198 600 -200 25 -0.23828511421069754 -0.013464778118294995 0.18263239408482396 0.6816958381335188 0.8060524852592567 0.28704085758328224 0.8060925856499186
18 186 220 -200 -50 -0.19634729261062212 -0.20543231914818538 0.13251188731963298 0.12536062367994294 0.5536040635918384 0.9386507984910434 0.5626520965516384
13 225 -580 -120 50 0.07643998535097551 -0.11770203742791835 0.12960813803080456 0.9577267499453127 0.5635520636369615 0.07605757721872508 0.8087318789593193
20 19 -480 80 25 0.17336161389777915 0.11964895493296812 -0.03653206466294734 0.8031948814222152 0.10759517000119068 0.2596652165344584 0.026835779382228364
14 36 -260 -60 100 -0.13602759613604742 0.016494960493523392 0.2331902313209911 0.8014678769851379 0.1153902218509325 0.5617729536323376 0.9447441989538756
14 72 -160 -160 50 0.19365641338596995 0.01469652533269794 -0.01927799980591738 0.012617247644407081 0.37704956278249946 0.6085187557325632 0.5905836012486267
19 341 -60 160 100 0.1218297504833698 0.2020790062937508 -0.17914803166553217 0.6747680780721153 0.3843699989611532 0.9230120893999192 0.7506313534610857
17 228 240 60 -75 -0.027150793510696047 0.07151792490876296 -0.1925750253516172 0.8415499249449545 0.10255947547311839 0.3550484988755561 0.42784062758759733
14 474 -60 -60 50 0.21011015479005252 0.14488531816261463 0.181908091247388 0.7245596542409448 0.5412919767973497 0.03998588152752214 0.023180067725289133
15 108 340 -40 25 -0.0969703772164614 -0.23612336857933874 0.0705785334337442 0.5300899352120345 0.03937606187290432 0.9609559261560754 0.9570612286025459
15 183 -500 80 50 -0.23164090001691762 0.2294211602985491 0.20020100842306526 0.1396598948254597 0.13807193813619323 0.6291731491989464 0.20470971068110888
10 204 -600 -180 -125 0.1748817202963437 0.13145236651624193 0.1702958099755814 0.16890514212917174 0.8367624307687394 0.48823165793065104 0.9803153435244888
16 35 100 140 -25 0.03437822716378336 -0.0049080921965697355 0.027340450373840974 0.1843867313738503 0.10393099234434044 0.11190047722903296 0.5993027292774056
12 109 440 140 100 -0.05231113307504631 -0.13189765954271648 -0.18456638973529477 0.5158315673424255 0.7574910132426429 0.1803881073859408 0.7309796641589451
12 377 20 -80 125 0.1607919412435913 -0.03151678371832184 0.16682670520358506 0.5297606245514157 0.47491370907212715 0.2876137640144125 0.21979966743431056
10 435 -160 200 -50 0.19457251918178436 0.06011108837364637 -0.1338657896829738 0.010052236701054817 0.493668697204638 0.29919369630851866 0.9842238974759451
20 225 200 0 125 -0.22613491296806065 0.1304413055784892 -0.24410548418181677 0.490992101179458 0.46678603446965594 0.6193093612846913 0.33175222085224043
13 335 360 200 25 0.06404778925783461 0.23496572484066736 -0.04424593968539631 0.2414264732868382 0.07105511237451878 0.3286543783632069 0.3976557264120967
18 5 -100 0 50 -0.027369691323806067 -0.006722212049439125 0.015610449496486822 0.5115043713424299 0.6268579255230303 0.15125237868554364 0.16150946690474421
16 110 300 200 25 0.06854694494358832 -0.1027151064417205 0.09671802975179444 0.6811575977754828 0.7963561658660574 0.4066092996238463 0.08663727232877627
15 160 140 -120 -75 0.24666210890937684 0.20503326273966216 0.13948938148393475 0.5233907285747071 0.7302197815780864 0.010297129566779417 0.1260168955733133
19 6 320 -100 100 0.08777262908247457 -0.11762413450828202 -0.018144028235166865 0.42270718300928056 0.09499100898396151 0.04688391035004624 0.4947881746707249
19 362 -600 -160 75 -0.03782590029063826 -0.14819037138715502 -0.15521669942712724 0.9508809629310389 0.5122504976653088 0.9095382223783172 0.4300928057838532
13 126 -140 -40 50 0.06038566857510008 -0.24678508292903134 -0.09493685174428967 0.39015763231330547 0.9578062686427028 0.33713056592931967 0.176600617376381
20 403 80 -80 -25 0.20501839631878116 -0.19855683010034814 0.14199085350708934 0.0872172837516002 0.3777097578844869 0.3180446803392676 0.8224788994027717
15 233 220 -60 50 -0.060766583204317326 0.053480356683196284 -0.22720619561282973 0.07542544792290284 0.0007314255654022883 0.5994010674708581 0.02942270298760863
11 197 -300 160 100 -0.04096377133726087 0.2285647359932771 -0.15479545697964414 0.5126357478673577 0.8255494099273238 0.8463279315012173 0.7001936368125273
14 426 420 -80 -125 -0.12158151874433087 -0.1968277226454963 0.20721663112753558 0.545911961000012 0.7176420512078018 0.26926585507947676 0.01865699900252693
15 76 -300 -120 75 0.15201839349429974 0.1346280492925893 -0.18615770450405583 0.9225250748466902 0.8447758165414191 0.04565758997711167 0.5761223276240625
10 326 320 -200 25 -0.06460549349714578 0.23588839751919566 -0.016575709222477697 0.5519315077019707 0.5681329387506403 0.07388565896104626 0.25368616385416876
18 417 140 0 100 -0.12133562053227648 0.07691088648787775 0.021716148590226247 0.021509498464026833 0.1075196374617069 0.5869987471132152 0.08409575112539436
10 147 0 140 75 -0.16950352455419054 0.22554464326787982 -0.20346947428019468 0.6606014727430832 0.8735507730219272 0.14177384848078867 0.6434822105224272
12 486 -240 20 -75 0.07281240166860697 0.08155106124392164 -0.026771405745141863 0.28146973225944427 0.5628870433050797 0.8967858294427872 0.3864131779181761
16 293 560 -120 75 -0.2210043003205603 -0.13166677676614652 0.12221104103680552 0.49500654669663746 0.447018609456342 0.7079954620967738 0.060533701529840944
12 311 520 160 25 -0.10780690939093046 -0.20479762585789213 0.11480217953771654 0.9721487302010816 0.10463647718728586 0.25970620212415885 0.9328866018663889
18 411 -100 -60 -50 0.06162416691063494 0.1004849235880988 0.161907876968303 0.09901863792432553 0.7387622521519801 0.6688882632285229 0.4457087696214249
20 110 300 180 125 0.16826044882831298 -0.2460936329193818 0.07868300405253476 0.5356113534825753 0.7317880283388458 0.9718636498219229 0.2796357275624165
17 95 140 160 -100 -0.23206710257071633 -0.1431323938714415 0.20516992805332807 0.806568473101728 0.6367929341766198 0.4168359648796288 0.634409415046214
13 489 300 0 -50 0.1967463369213452 -0.17274192103000074 -0.006449540711515878 0.34509159554053725 0.43653620653644665 0.3145110597900691 0.6839960645395707
18 166 -220 100 -100 -0.1615539755681612 -0.12399695384981152 -0.07414737727221105 0.49625168769829864 0.34169692034920085 0.935420503832895 0.5330843257402483
13 227 360 180 75 0.04849751527344848 0.1749060599115092 -0.12175666763858045 0.6393938120457627 0.24656232200321915 0.9200299871949437 0.6259244496491629
18 352 400 -100 -75 -0.13260301792111756 0.03953502101722017 -0.11664698409464419 0.9189759664933036 0.5234577902947072 0.16100256832293314 0.052901328933759206
10 461 540 20 -50 0.2497902285049487 0.08086826215042031 -0.16931331784799836 0.36025239289439015 0.3180508614646592 0.6829644026805223 0.3984180817569728
12 457 20 -20 125 -0.09713162807002335 0.1781608114251928 -0.09967325732744742 0.998576582289223 0.4746456705806952 0.9822691850706028 0.9889814306125524
20 149 500 120 0 0.23139465311490437 0.03524497092991097 0.05161177181777926 0.015632663706606764 0.22391242099058017 0.5700275428004349 0.5046278542071467
16 12 -280 100 100 -0.154192670221993 0.10465555701994012 -0.2472320093628601 0.025518048703656593 0.37392058614046564 0.595115852534127 0.1706065649464985
11 37 420 -140 -25 0.1456643228562171 0.09720730342041517 -0.0065747237774412826 0.5957611501852496 0.9157273291198482 0.8096071352205214 0.269428553635377
16 236 40 80 125 0.008068575427836622 -0.1572297199762041 0.06447043391874752 0.4173994379192836 0.6066529323761062 0.27867457309505717 0.32110825289963996
14 496 20 -140 -100 -0.03276399718530193 -0.09424041211734918 0.15053420438819437 0.7455404600724641 0.07657414541322949 0.15318656010189147 0.4118387303537778
20 104 -120 80 100 -0.03254818718832997 0.16633852523180714 -0.028634986574882615 0.41305140176066957 0.28867314304399727 0.4131299629179319 0.689637894092502
11 87 -480 -40 125 -0.0575961262068419 -0.08083563550148071 0.08066036647110886 0.6340241751729844 0.37911402468651356 0.04441726032810267 0.09634310799894652
18 448 -60 -60 75 0.044077205118948415 0.04801320510608392 0.10765129496751347 0.5120588694847745 0.9128466906258533 0.5202929477568831 0.11831622183063617
12 288 -440 20 -50 0.041431552239290514 -0.11597334574328655 -0.20793088497889461 0.8382734376136044 0.9628155341444157 0.9804894160672274 0.7470461558163054
19 482 -40 120 125 0.03225731211372146 -0.043445428394877306 -0.12272613243081576 0.8420063221390074 0.32640031492457156 0.22248810817582088 0.3025035088560619
19 143 80 -200 -100 0.022919507868637223 -0.1514273248230965 0.03627476464008911 0.5616563650207191 0.578386113428298 0.3694534213699139 0.16729437673947545
17 41 360 200 100 0.21576606012789068 -0.031111837099365658 0.20805507367991977 0.2431989739039856 0.5925402122260932 0.9465094255077372 0.12710874354972612
13 15 0 80 0 0.15042465587971593 -0.10098025129733873 -0.1548437843061808 0.35459428756249833 0.6014034698493231 0.11707504449403172 0.6981037931388692
18 83 480 0 125 -0.05841041975146888 0.1798546715291648 0.2148186617828448 0.9046562425559358 0.5304005067112955 0.7095109154397561 0.3096638939859063
12 159 -520 -180 25 0.04168845573964214 0.1103347345334525 0.14292007025335285 0.2987884326293603 0.007716175443022721 0.07817848949105788 0.4151781099047336
13 451 260 -200 -100 0.01829893607817573 -0.18320785527515626 -0.07752979978105101 0.8376693549514596 0.9414187725317616 0.17152023338296118 0.442406758024923
13 397 400 200 50 -0.00355127501364233 -0.07636669594547624 -0.13059448134382068 0.12084331385832059 0.5626057806535203 0.4683468916474499 0.8183032945262391
16 260 -520 120 -100 -0.14939406424447838 0.048249975629895525 0.0644997732162893 0.4447562258643962 0.003379435073671555 0.039351816904387715 0.40628451671354726
10 121 60 140 0 0.20297760752183364 -0.039074543886128965 0.06659643451177216 0.024356109656337943 0.051603128487001104 0.562071688785284 0.7187843648277894
19 227 -580 120 100 0.10930733524745351 0.17223552751559262 0.06433678041820884 0.40430904468474227 0.6861334253226499 0.6684657128005674 0.7547114943879975
14 5 -240 -160 75 -0.19248362672821906 0.13934393894478814 -0.17049868404937552 0.7307613841080344 0.3273477940458088 0.5864966704106798 0.12083209895214564
10 112 220 0 -100 -0.24426726639783458 0.22239047864925743 -0.011021036780316795 0.5934992060955859 0.45448395799685715 0.08469355633301845 0.9532359788458202
16 113 -160 -180 125 0.02889978502184415 -0.1191781594780224 -0.1040051682827251 0.9021322769675564 0.9580201824512602 0.5687034621331328 0.48662937948071605
15 297 80 -60 25 0.036561605733847424 -0.10504482583532804 0.19340969409901204 0.6114739392893499 0.628245333275248 0.6759931220688131 0.18353546200115944
13 295 -320 -200 -125 0.13861420609624014 -0.157564593000452 -0.024062849748214266 0.44663266106176913 0.1927802684880967 0.6937312043328535 0.03470017637867351
14 407 360 100 -100 -0.2228575128241937 0.1609875337049907 0.006334005123379838 0.7303007848424704 0.44995920648791055 0.462029275878593 0.47833663284928685
18 202 -480 180 125 -0.15740569395376713 -0.09560212192589801 0.23566880259435719 0.43655091647885713 0.20598714260788809 0.9611968030760559 0.8299498156809513
12 482 -120 -160 -50 0.18222342972296263 0.24173050928447748 -0.10013123641883542 0.8135317330253611 0.28767322134154194 0.996482732140996 0.5033361538050408
17 246 -360 -140 100 -0.21025336566309588 -0.18976326043404484 -0.03327841578462931 0.10736051813951586 0.5885489694542885 0.666594254560307 0.1854162706285044
19 378 220 -20 -50 0.1364747865398952 0.10621511885898594 -0.059728026335993833 0.10295901756093784 0.1655833078342852 0.5876470945850896 0.5558821635387337
14 493 140 60 25 0.24744190105758734 0.18712569914004717 0.051331791046238306 0.3260698712110487 0.5860605538061566 0.9069007862067133 0.6897883030105338
13 5 160 -140 50 0.2196580098748086 0.024039594132884756 0.10818560992746673 0.45631334289532677 0.38462570675335583 0.9717696482430839 0.6232353833102551
17 144 420 40 75 -0.18395699187330639 0.1301387753713052 -0.23187374872551725 0.8682656281283327 0.7309279950940225 0.9330907546212269 0.2670625592334439
20 387 460 40 100 -0.08397197979851695 -0.04588683188588394 0.1668027655956787 0.1193177097951581 0.9647625308998042 0.7067688500048439 0.8267073671634295
10 400 -40 -40 100 0.19365005513936828 -0.17891597309739904 -0.05502897712640503 0.00491026255372462 0.9731479693354241 0.7894806968275394 0.10570141659353649
19 225 140 180 25 -0.06635693676774751 -0.05230231985802947 0.095021496199723 0.6280415291561737 0.0962435574372611 0.6458842012528152 0.11775575835641372
15 161 -380 40 -25 0.24883027717745354 0.06750401502829778 -0.10178898825826965 0.9601947774021667 0.5234391650040812 0.808904818043708 0.6760261974979629
20 484 280 200 25 0.05423436442317037 0.030464210895860322 0.1042426468710484 0.5999078148743862 0.716366449404774 0.5468103765794401 0.9466466651597963
11 45 -500 60 25 0.13431237533012697 -0.16866004070009294 0.1734025630620893 0.4076917910099651 0.6473814757202303 0.5194616926996944 0.4566925882299788
10 169 -580 20 125 0.1161204001996794 -0.16666654148772736 -0.15819613324025739 0.8608418313847973 0.9514424477881613 0.7973927443885103 0.12280071735006137
10 142 -60 -140 -125 0.014818518758890786 0.006860218369661719 0.048740921252399094 0.6208796181600785 0.5874312272397555 0.5007247833236972 0.058352827393320816
19 288 -80 100 -125 0.03713233453614556 -0.03372330580092542 -0.045390915887890126 0.7665875636981231 0.7933520141179641 0.9399608843811242 0.7856880164583201
16 411 -140 140 -100 -0.10343192798778439 -0.18807359265003243 0.03092630993345047 0.7724752333019654 0.3545550732028411 0.817238794666942 0.42427255649491014
14 299 -80 -100 -125 0.009877070147342182 0.0938932018974194 0.10535278726600633 0.7387619456777806 0.07322159951409335 0.7587326048287584 0.4439390568507676
15 488 120 20 100 -0.11599103282493622 0.16286040394550122 -0.14704789786190375 0.14174654580748514 0.28858932826938677 0.14495538946672448 0.4436594153920721
15 368 280 -160 -125 -0.14889210786018187 -0.07732517611825912 -0.020867584076590062 0.22340895339070987 0.6496427499748252 0.6637366405959823 0.7947493403680304
19 497 -280 -100 25 0.059529650015432645 0.007633644244169069 0.009977911189196553 0.5705702535009988 0.6343149258111436 0.23092449484918998 0.7140195442457508
