0.5 175
16 185 -420 180 25 0.05616324925485888 -0.05325098957449603 -0.24756008756441206 0.18516166812763402 0.38436619068502476 0.7274188951463582 0.012981210265274656
20 85 -520 160 75 0.1512424306391828 -0.023474934880968246 0.23040625763302336 0.055526599963040324 0.5336326059371406 0.23364488646585402 0.2449727427571574
15 217 -80 120 50 -0.02540137338380488 -0.21908815800013676 -0.1328497191580919 0.16935440809773583 0.8263432745888555 0.9863200572799953 0.08290117323887325
14 471 -200 120 -50 0.14767882949854422 0.03386707279263523 -0.005055205177825761 0.8555395738765351 0.40074850624611835 0.9954832342805914 0.1817328660855928
13 495 -20 0 100 0.23292358924981454 0.09152889182972651 0.18679548410898472 0.8106978287784025 0.8099901335411998 0.2754354454669433 0.19384850767490813
14 491 -400 -60 100 0.1750046270811484 0.1712466780518841 -0.1477740452592915 0.9835182729709959 0.8546285233368744 0.8754981183923456 0.7190478336869901
20 4 520 120 -125 -0.20640086157974963 -0.08849247387040021 -0.09285510249597723 0.2787103962799483 0.7571917849075264 0.48228638238702415 0.7269084905040668
17 461 -260 120 75 0.24913485647250228 0.19374187741473864 0.14689654222988413 0.040566777760517314 0.11133094703352908 0.41008370516236015 0.4293942125924226
11 132 -180 100 50 -0.21142691332531977 -0.21202230559957314 -0.13344115272035778 0.12211765283643972 0.14238338778623605 0.38814043280421384 0.19360918744613453
12 382 -580 160 75 -0.06188639597135953 0.0935202298654233 0.0416276043682286 0.8142698523394684 0.787341851814324 0.46541937026708013 0.24916207604113128
11 36 -480 -180 0 0.10187135423056592 -0.11268730023561474 0.014052016815286894 0.07617106215443348 0.842488265013747 0.516933914038296 0.42532873663828563
17 384 40 -60 -50 -0.11650305450450682 0.06705563212651056 -0.24690368981404753 0.6428052934411823 0.47323257499773586 0.18531159051010815 0.8890785314681112
16 55 400 -180 75 0.06304260195101968 0.0418497447656167 -0.18734376848030676 0.8602198185852343 0.6081390934796351 0.5439882184577443 0.8492076643313217
19 388 360 180 -125 0.041614983600552824 -0.21264818294937848 0.19252126800200692 0.2938479156917315 0.1055097284322708 0.7129415429766809 0.6974799316002658
20 77 560 -180 25 -0.018637438338111878 -0.008693282494619758 -0.10576499778582527 0.42535914634915417 0.6171641216564651 0.8785261956239652 0.7623272317298447
12 364 440 200 25 0.1216929139042508 0.1580946156219133 0.03349762705390902 0.8220974424121782 0.23213008609782282 0.06605728235841957 0.6679554567082382
16 319 280 20 0 -0.1010413050347268 -0.017425475879658314 0.21437057122532677 0.22594320969419102 0.1636323956087803 0.15459004634142848 0.7506329811094604
12 456 -80 -40 -100 -0.10374632729559352 0.011637582192167761 0.24318158906044035 0.20228034964398756 0.5340050349596366 0.7124170298281647 0.07445074777288485
17 379 -380 80 -75 0.006967283583907913 0.08959998456014151 -0.21172119868799183 0.45732218036395167 0.24859046574275667 0.3972769968394544 0.3002047511045829
15 158 400 -40 -75 0.012535550973319431 -0.06218408485572846 0.12029219256796853 0.236625765502825 0.16054098164677266 0.35097804609131544 0.5196680516030864
12 164 300 -200 125 0.10881235652766519 0.023643797271822253 0.03157883320351956 0.04148279441236746 0.7049277744652831 0.9249186096473818 0.9183719958995268
13 42 -580 -80 -75 0.23258414363953667 -0.22227830109906993 0.06781852538202521 0.6296093276697794 0.5635505191570528 0.6859839810562908 0.5059194763421272
14 461 -340 60 0 0.009769210676936091 0.2454315204268095 0.19281251091953105 0.5848030187605558 0.33120779271808654 0.6862229458631903 0.16373618003402268
10 213 560 120 100 -0.015304716539038477 0.03914419534885294 0.05083085709719032 0.5998863414031728 0.5937551787944324 0.4264753898285678 0.8545246641825073
20 300 -600 60 -100 -0.18528036827353533 -0.14969854660698184 -0.14595940062341745 0.9895177255600509 0.27391317406880933 0.15165690195563486 0.016536766389020907
12 461 260 -40 25 -0.14956711997009264 -0.10016302924341325 0.10082825514557003 0.17313214608304628 0.7338505651683168 0.6880527444906058 0.7409018451884265
17 66 -480 -120 100 0.018271283393685167 -0.1856426429059112 0.13013540595707385 0.0988613158872137 0.47733357016680733 0.24240349727266508 0.8113349302474805
20 144 140 0 -25 -0.04498525577385931 -0.14140391689059645 0.23697976539920385 0.8177464948352321 0.8614666929401575 0.9572518066956324 0.3267239666802275
19 13 120 140 125 0.13002515959373329 -0.15534074502827766 0.050425291206903755 0.08157992982202733 0.32992959914139586 0.5952207970116219 0.4716217080401237
19 79 -560 20 75 -0.11510893334709704 0.016084493436354208 -0.24374391924652128 0.920038650959299 0.9684442404651049 0.6029362122891068 0.8283610673603011
18 96 0 120 50 0.07101132586382891 0.012050827960347232 0.22207810107724169 0.9899968601654638 0.721664125675622 0.7666154332887207 0.7147723823216195
14 440 -320 -40 75 0.09232264924446626 0.0179633509920748 0.16939357018757123 0.818914983956515 0.4013138710126687 0.5306578553699822 0.288830806053304
18 75 -220 100 -100 -0.21260624993744354 -0.07620100889074727 -0.18295491434706557 0.895982774617856 0.6295141317147166 0.04998693846791691 0.6446803066429216
13 215 -360 140 -100 0.046611105672494046 0.02227006285566452 -0.16496039760173575 0.7267661742059953 0.6748820616447443 0.8134204328862994 0.15123896597233744
14 39 -420 80 -100 0.13246056606380946 0.07515967404907709 0.22883308367266086 0.2584411449733196 0.5875203898615348 0.8228280634627462 0.6542035363661574
18 160 -60 -160 100 0.11858185995751103 -0.13715882940451424 0.22826837799744992 0.981189096926372 0.5079483078442184 0.499960264137816 0.20972243907872334
11 294 -380 -120 -50 -0.003040551338720776 -0.006420307228723443 -0.015313059825060982 0.3513034949815157 0.5866861757163451 0.7696075254183005 0.153624020105955
16 78 -240 40 -75 -0.21773225852781242 -0.18907032903695403 0.2335396015459965 0.9294475007143796 0.5655429972102731 0.5031869079341899 0.5869196822834153
18 60 540 -140 -25 -0.115305865499851 -0.09378794501768434 0.040104878687197865 0.5329394726103559 0.07575108707707345 0.8838289744128598 0.6798514200289525
20 24 380 -60 -125 -0.19448421751576933 -0.0855603395611802 -0.14277488619747436 0.2773210061879282 0.6629836448396341 0.22099526466440755 0.43685364878889443
11 308 -480 -100 -50 -0.23631180379155953 0.016740685046708892 0.131326818534931 0.03855580988959817 0.5925201287871934 0.8570393760428847 0.888369381659043
16 204 460 100 -125 -0.16408109555364664 0.2210686850837601 0.022864421918764588 0.28391315074918 0.00478879022102674 0.646849151641415 0.5704159826028562
18 44 -380 200 100 0.09724892255337958 0.14366078035459035 0.05937429299619279 0.19942000193174425 0.2613989233826981 0.6791689926059975 0.34990798312535365
11 37 420 -140 50 0.11918432904869314 0.19961377428463517 0.15651862175452924 0.48404933705387265 0.13140547916097745 0.7542193780653382 0.9700594024754424
18 156 -320 -20 -75 -0.043114451938693565 0.21595191272287428 0.07194533650140006 0.4675689276349797 0.3604887401593503 0.7409126341852432 0.3479037601666872
12 177 540 200 0 -0.22464247426120454 0.017445816850480356 -0.13254940075046 0.5686488639913081 0.7406906127007165 0.5819704169812674 0.006147226318336196
12 233 80 60 -50 -0.02712742112892863 -0.011165210648602986 0.19813123175071845 0.1799754037618989 0.7766770583210428 0.026349961788570964 0.11313994629716051
16 253 -320 -200 -75 -0.205760670529138 -0.2388121045787061 0.05362162299047002 0.09709828698557521 0.30513861203639947 0.5304953760825358 0.26012313591169056
18 30 -240 100 -50 -0.19935009368285478 -0.13737161775554718 -0.07397862870626587 0.7596494418461429 0.2342079771539899 0.6885158757014781 0.4225771477635262
14 212 -140 0 100 0.23752130953187228 -0.14944528469819457 0.10138277080348274 0.5240777101246255 0.022241702655795392 0.7724711157471463 0.40547849746010556
17 491 220 100 -75 0.19150976593432095 0.0938402176926526 0.10391315383938826 0.9259333343447231 0.7692051133854682 0.6671489681434639 0.44272854373476633
20 242 60 140 100 -0.0991713420736598 0.11007420498606024 0.06541963283285324 0.8236999838009402 0.12329268157064666 0.9907404363952983 0.2243607185896509
13 383 -140 0 -125 -0.0037921709295693495 -0.07950813169348042 0.23764282872074793 0.15037999446758554 0.05897428718299469 0.6069008191009219 0.996385152123001
15 67 440 60 125 -0.1386035102473338 -0.03458673755706154 0.11019433721803279 0.30700631674997325 0.20005270919177398 0.5632087086633727 0.5875365983525844
13 173 180 100 -75 -0.033649203667115046 0.04529293469073781 -0.008965246764967905 0.5337443298302073 0.1945720359107228 0.10754581663912743 0.9059710889503314
15 463 360 -200 0 -0.020889572336829088 0.14434839116108755 0.016507798575467747 0.04026230172553413 0.36571971710046014 0.8165215727400165 0.3229867964357429
19 110 -360 -80 -100 -0.11125052139163522 0.20198432554004775 0.07671677393192605 0.557259657586815 0.08284605670875345 0.26955077610359757 0.9280137781391724
10 249 -440 -120 125 0.22024922975863198 0.0007495498120774768 -0.0036546752418425976 0.3006589102123872 0.23483857506894312 0.09665053765198695 0.8486390339575075
19 157 -100 -40 -50 -0.08548360502127689 0.0032573704189601815 0.21512739837071226 0.5338570582861804 0.28699570899405724 0.16198446372766773 0.5224261705892682
12 283 -60 -180 0 0.2142250292149966 0.13779964973869047 0.2068977509610574 0.8447314349698626 0.3100661830391833 0.2366971116048585 0.5219637471833758
17 253 40 0 75 -0.24453814749932518 -0.09188938077037384 -0.1289935870295013 0.47482652553605886 0.8604198123563807 0.6671107516603959 0.6656118594079847
12 11 440 20 -100 -0.19780231308218998 -0.10950804966222477 -0.1860522864728758 0.3732178472274894 0.7314151240801812 0.9036184124007772 0.6759474871866982
20 154 400 0 25 -0.1463188181319317 -0.05234476838299884 -0.24571969878732441 0.9583844451499455 0.026356414917499293 0.8465957711018807 0.3812034753234619
15 259 340 200 125 -0.18930779994332592 -0.04982162529417833 0.02699583983010101 0.750786762466793 0.49064093423758903 0.9306047342522782 0.9052061827672131
15 285 -240 -120 -50 0.2312378028534336 -0.239482149940841 -0.21166956787285568 0.8411324604248702 0.22065458350421197 0.7819242700249934 0.7721948136826966
14 140 380 60 50 0.20049982728076615 0.038574923149089335 -0.03779505757280455 0.5878882861494977 0.09417933211889451 0.3270208068904744 0.6800925889890945
13 84 240 -120 -100 0.029505442664136128 -0.059430845475394845 0.21353728002537353 0.04850900123553081 0.5191125083046402 0.09433436772878157 0.6517726634955682
11 272 80 20 -25 -0.04582362784995442 0.017083542755358394 0.07401677685260372 0.02791655836737017 0.70779692597198 0.02794895099650241 0.023511839099064402
15 338 300 60 75 0.05866167435373315 0.0047151113692500135 0.007654853518600124 0.9077961180447858 0.24991919599716028 0.7901546216792367 0.3248015420485495
14 256 360 -120 -25 -0.09795169375460056 -0.06922540981003411 0.020063642885000288 0.8311443045055106 0.46559200443674764 0.1302321064908395 0.885588557136884
17 332 80 -140 -75 0.15202182139019282 0.2075892075653279 -0.23348609604823367 0.5414345420069236 0.021143750988792953 0.13295562038296627 0.7095850962366549
12 48 -360 -120 25 0.21840463336532412 0.18224405842412755 -0.1569540598546772 0.1532459085197425 0.9676906763419597 0.22074920980436852 0.9276106322260251
16 268 -420 -140 100 0.0674162138369665 -0.15440717381268 0.16869614515237236 0.6921970604407114 0.5168995669151388 0.13869402940655806 0.18045225992644875
15 437 420 -20 25 0.04240900428343641 0.0764515692838037 0.173916750349894 0.12477764245764389 0.6902418279686168 0.42564944340741007 0.7120052246701964
12 180 560 0 125 -0.22585777655456807 0.13378711144727945 0.16731115844523414 0.2375446373297434 0.5333670926161862 0.2752784591643257 0.3411332560214009
11 389 -400 180 0 0.15167032966336258 0.10890422447667975 0.2387978388576097 0.4320816024014168 0.3748578347894126 0.5183941998408207 0.17046182157973488
12 102 -560 -60 -125 0.2062870894847999 -0.23108839087301009 -0.1582793146524311 0.1600957118747206 0.9276523131800986 0.6726584218104608 0.2954510792619972
17 192 120 0 -25 -0.05100256557847305 -0.18988654676390737 0.1007938347336978 0.2637650100529856 0.787561842650407 0.636436639867981 0.5656574614977798
16 35 -480 120 -75 0.133903716085014 -0.12894939342893907 0.108029352449515 0.4761330932626876 0.3423465244004309 0.5735630139291774 0.2681957987811291
20 317 -460 120 100 -0.045566384852878894 -0.16868727752995216 0.11245852089534858 0.9077936821026409 0.9357769671647165 0.6257218529221346 0.20480878985234174
11 306 -260 -140 -25 -0.13224132454876825 -0.0040489212004847785 -0.15906090269216183 0.945249629986477 0.05866923843135441 0.5087019429529035 0.03332560667397533
15 240 140 60 -75 0.07534440899999217 -0.10012668739314184 0.02265335859034001 0.8312803724116546 0.6526503658311534 0.14532193598018572 0.5589235173844623
10 148 -540 -160 100 0.17701897940906614 0.18699929275190524 -0.07359705663457056 0.9785354944614617 0.43845000109413435 0.7753248733202148 0.4834581761969312
13 245 -480 100 50 -0.09895567509321679 0.023241109561295048 -0.21261020634604227 0.7909138001091076 0.691717472090055 0.252409960985844 0.434177093985609
18 475 280 40 -125 0.14200388731186475 -0.07249470769375893 0.20460552782733654 0.11415957106419017 0.21684874406849097 0.7312165221067758 0.423831684537886
14 107 560 200 -50 -0.21061668109585774 0.16598119115723775 -0.014169558996473819 0.8469188785291635 0.41482280588264253 0.7873434371772264 0.28627371333616336
17 285 -260 -140 -75 0.15727959793061563 0.051640107356600295 0.15193184361014372 0.9375032070566988 0.736285397357232 0.5627903549141704 0.3334197520807388
14 291 320 0 75 -0.2348721098474274 -0.03874630282524533 -0.23410295976285533 0.14657819821171947 0.5214501024255097 0.01633247715178321 0.12530427419571277
16 127 320 60 0 -0.1913436399748571 -0.03553737343126534 0.09464066355774625 0.4172548700321784 0.1346154074086856 0.44565363479363806 0.07830027539635664
10 382 600 -120 50 0.051108468210520064 -0.21180916594890525 -0.19531004990185452 0.10102680457482194 0.5515456711583321 0.0027860386436989737 0.23888096172641327
12 53 -540 200 100 -0.09228842765535233 -0.20851346937845505 -0.18054398117445253 0.05839535251680028 0.3358526886300297 0.8882629202614052 0.17732230390903347
18 306 540 -60 75 -0.11574468925444759 0.03604429461987957 0.05137584120117605 0.6070387722328698 0.5888368050680561 0.7479475301157529 0.7267435576664542
18 52 -140 -80 -25 -0.09002974532915808 0.16138010020003796 0.01956592679463154 0.022989508866865682 0.21116956125890318 0.0015809224673128952 0.5520907608038996
19 53 -140 180 100 -0.13026074745073246 0.03011411092475863 -0.061931840122721404 0.5623638764574268 0.7876619299619613 0.6262800431909539 0.015295339279519204
11 330 300 -40 -100 0.18696959336979785 -0.052133457757691626 0.2102537216520352 0.6599635659334001 0.5262377859186511 0.904005977037512 0.4521883574602532
14 42 120 140 -25 0.16898464105781424 -0.09779422950024469 -0.14680972012343718 0.34591497394493365 0.09922974492617354 0.08026252361038377 0.7993156436181321
14 191 -500 -140 -25 -0.1835622513590699 -0.17243138034066602 0.2088958773707948 0.6622019010231234 0.6059682867224809 0.4207776984204715 0.07950900582012765
11 177 -560 -200 75 -0.12868385322141468 -0.20747605154846366 0.0593205236240012 0.5744004284915206 0.01382881977901973 0.5752693702656763 0.13564197530716127
13 337 320 -20 0 -0.023356205005604702 -0.1876957192996901 0.14127184146853844 0.6914670823949519 0.3538832754055554 0.7839078687791836 0.5790297322965703
20 315 320 -40 50 0.06529011962275166 -0.02622807067562044 0.02555735820033278 0.8325307910865882 0.5830767661517396 0.509119864507528 0.6938639841214039
14 67 -40 -140 -75 -0.04841594744173511 0.04152161410331778 0.2458592560632618 0.2219477899527329 0.7648785208233181 0.3704195377517636 0.5784419864039768
13 171 400 -60 50 -0.18410135841020742 -0.07651780480218862 0.2055010513040399 0.6705417233511376 0.7500995573867322 0.6940275456758201 0.48447323484208915
15 102 -200 -60 -25 -0.037281027707075254 -0.0989364994267557 0.22125418225819793 0.15367394620374486 0.5676737515379245 0.6815363981011278 0.9975511498923666
19 243 80 -100 50 0.06516107519575826 0.19833652402162683 0.178825375661608 0.7724619728684232 0.6558542522707537 0.4279267344043435 0.2381006118955915
12 207 -440 140 75 0.21086312225711096 -0.12693947188200805 0.12057277703333552 0.3888800960644795 0.9628295750392609 0.9796761892347463 0.597963592110822
17 498 200 -120 -125 0.08865253358265884 0.002220665085711504 0.1605380716623881 0.149073783680302 0.5081529276036597 0.25915802306493874 0.11180753340194749
18 24 -240 -20 50 0.06534632310695776 -0.1786780970585739 -0.011240042741424261 0.07341901797308048 0.7560763936954634 0.17280312999417657 0.6411788218950611
14 199 -460 -60 -50 -0.02732609794264479 -0.24855706154068102 -0.17982712554251307 0.9907308090197344 0.34789114456329295 0.7600402048392377 0.5313984380899114
13 40 340 -200 125 0.04497985490233297 0.23539927273458694 -0.1429284392494407 0.1833338026842104 0.02144107413639129 0.5247879115049637 0.5172933337655584
13 351 -260 100 0 -0.1512042209464639 0.14669581356991074 -0.05398540913601663 0.6527897517924083 0.1931949091393379 0.5714941865780865 0.19968594211197022
14 181 460 100 -75 0.11671775219624747 0.14328418061967724 -0.23672654335826565 0.7131003071743534 0.7254781472318954 0.6694480084922326 0.1571682442745468
18 362 -260 60 -100 -0.006737850617143271 -0.05233022974465862 -0.009484409950672179 0.20202361892348009 0.1984719068069366 0.19969826841970628 0.08545438808978367
18 210 40 160 125 -0.19909160323848774 0.0682934648536288 0.04939892359402126 0.4403403301972434 0.21765898813357243 0.25950163115937486 0.8977288292405159
11 309 -580 -140 0 -0.04897405434583946 0.09057857976938727 0.2171635554928893 0.6293898825349891 0.0716835977263166 0.3993859006211563 0.7496738328477506
17 175 -540 80 -25 -0.1351441547036285 0.20202062270928134 0.03405208701209406 0.3282355332416993 0.46130179801321003 0.5178088985746956 0.8892082517236876
14 276 -500 0 100 -0.15521665298765192 -0.23680121832658962 -0.13153484877238564 0.38818779356702393 0.7655586070489752 0.7567930312166938 0.9116954395231458
16 30 400 20 125 -0.16977976592094512 0.02302467543289549 -0.24200752023914024 0.11809550051629525 0.47006270099970726 0.7006671038318344 0.7761868758073046
20 306 420 200 -25 0.17577922789644834 -0.19903179236526503 0.08855478253441218 0.5536190008161012 0.3774303784775558 0.02129721456287481 0.5388276162823129
11 362 -460 160 100 0.12660703486897257 -0.12701493269193387 0.060863410156690945 0.8417698313896909 0.04856105555162504 0.895676619077841 0.14162308819567526
20 64 520 -180 125 0.13742551083351895 -0.08890054086668014 -0.21996905834208597 0.8921588001734673 0.5317602032954164 0.2695415924254678 0.4330328989145691
18 63 120 100 25 0.08975004434895467 0.0021163295044044905 -0.0409464431569056 0.2441624710928758 0.7149808182785559 0.08026270795105517 0.31535418091135414
15 76 -380 100 50 0.18245454937495342 0.07607965042131243 0.018541846206299506 0.37417959870877526 0.08803526859547806 0.12991094647238077 0.6953753332113386
13 251 -260 -160 50 -0.15472734315112602 -0.17499938628489192 -0.1723290896072341 0.8149372318634867 0.4539005167237842 0.9073149594448182 0.6193821381596246
16 249 -480 40 75 0.16108916380101046 0.06490331810362887 0.23767446798356712 0.2838772815401248 0.29647913635487544 0.24492804671631174 0.7454514283065924
12 240 520 120 125 -0.00739476606193834 -0.10276499949872259 -0.1851091415687232 0.4725928299960136 0.9187482451178823 0.4902226018525365 0.6217722806701914
16 441 120 100 75 -0.23783924184366595 0.10035982805928467 0.21845709329092233 0.4655506976822654 0.28215108999462246 0.5468434369239061 0.9081872072369898
11 179 380 -120 -75 0.038521212907343116 0.2134743260788114 0.04584886591206505 0.6879984342861851 0.2589847534472979 0.7019579579607481 0.46536879860547264
10 168 -20 -20 -25 -0.23344488086575632 -0.12784910652934522 0.019579223136737933 0.46295152720669186 0.7515328649919752 0.11232859100117876 0.5950445014740702
14 272 0 -160 -25 -0.2040912026300032 0.2247676699015667 -0.20617194482045315 0.046261594516898596 0.30726986951117896 0.9175279519157878 0.6869899987446343
10 225 200 140 -50 0.12419019581628404 -0.15830384467464553 0.2092591500394449 0.6550235336617656 0.9313381571203717 0.4514848933684388 0.23915506946858156
16 13 440 -140 50 -0.16418089038196237 0.09787872555098365 -0.22418688195039704 0.5106846602476779 0.3708334366148135 0.018958553598607986 0.43953893509171094
18 256 40 20 75 0.031485583063522116 0.010985970887777474 0.027671577686058324 0.8275911683975126 0.7641597539572207 0.021645463581853597 0.9826936130014955
14 204 -340 -140 -25 0.07827635677084238 -0.18951348347032781 0.10787193227134811 0.42035493124286205 0.6419769854980149 0.12062565635679134 0.41833966536831213
14 189 -300 -100 50 -0.12357324177879347 -0.17541532074129013 -0.025138248404728447 0.7253911474632341 0.9702249938830738 0.35578888412822995 0.261079348255987
16 122 600 20 50 0.16379801483142575 0.02610577649950918 0.21114489210318987 0.9377513157854118 0.4677381877182353 0.06973248081844519 0.10810613768144417
18 96 300 140 -75 0.048859344518138004 0.0734193883477548 -0.1848029479073584 0.6702344057450538 0.4037698584441326 0.987583313197291 0.23805368218972034
14 252 40 180 -75 0.1859929164605867 -0.18315495623406092 -0.001190129452571742 0.3959081059433578 0.045471916705657645 0.8409186208954749 0.9231094836614224
16 224 440 200 -50 0.09085900814020392 -0.02670192839416491 0.21531537482072283 0.25363339642455496 0.23861573254797952 0.0841541636639076 0.5516121369236672
12 214 40 -40 -125 -0.13358798114389936 -0.07949911908336849 -0.22251253171096247 0.6648525854931259 0.6926818523661398 0.5123429820600759 0.42295594191685226
20 319 160 -20 -50 -0.21633405146901502 0.10950236965571447 -0.20805529955357577 0.9038974445357777 0.7082952738740641 0.7944496181746478 0.6205401915215222
14 416 500 20 -25 -0.20264270902718884 -0.16985678753170913 -0.026984156071311383 0.9819573760953804 0.08412759876752973 0.9353226747348222 0.6371828203520054
20 36 160 -160 100 0.16805446342950897 -0.06386039393659665 0.18619631626199173 0.8817800269927032 0.42302420405847463 0.9565049399261356 0.23870690444746523
20 221 -40 -100 100 -0.1541875696215379 0.17220648735987865 -0.22416088541624257 0.07212540571675063 0.5862950282924572 0.5530092905531768 0.9670892569776596
17 86 -600 -140 75 -0.2198495082686206 -0.03802044382963021 0.16391119697810175 0.3979611463991194 0.2176332424806079 0.03633625058434575 0.8705075919728602
19 96 -120 0 -75 -0.17290006466065178 -0.23921059014189883 -0.2291206917453592 0.481058867252549 0.7040499056775079 0.2783055042370002 0.7025138909911309
11 434 480 120 -125 -0.20583444330032524 -0.037061962614685307 -0.2420226160244371 0.5145309034442972 0.815702668864755 0.9384544742562149 0.6033520112075181
12 132 460 -100 -125 0.2284986736255732 0.13673017668005194 0.22190399044512027 0.21345407780385273 0.9033537946775061 0.038801929256457424 0.6615955790719017
14 268 -500 -160 -25 0.061786265939794416 -0.23667553060581464 0.11230072745081066 0.9589191189026416 0.37654863285458573 0.6647680442880306 0.6662166749618935
14 449 500 20 -75 0.055441946288615596 -0.10763659339251791 -0.11349631393850396 0.8499010177032422 0.8622651270611855 0.08291864178997133 0.6375048844690312
15 259 -520 -60 0 -0.04145496814814903 0.062071017609143186 0.12000646997883274 0.2182117497317685 0.5472567298422933 0.6694549482846213 0.07350166667580926
16 462 180 160 75 0.08218118878058817 -0.21200782463051482 0.10275036004916066 0.13665017933784607 0.8380054758562654 0.28387569143246527 0.9267555020374093
19 333 -260 180 125 -0.18305809038192256 0.23172656157071908 0.004000976695480329 0.7396258260780582 0.7141766903640976 0.9559032520487939 0.8850962475466836
20 304 420 -60 -100 -0.00401432677029967 0.020394830263700592 0.11105156757327367 0.5783970138651006 0.13371197100895504 0.7611759092774654 0.6662516462768757
18 28 -380 80 0 -0.09610810171747186 -0.17271074250659102 -0.09836122122853802 0.4773050302510138 0.07472889082736534 0.16439442654927927 0.6852712869788399
12 198 360 -180 -125 0.02521269918225083 0.14049860848382573 -0.18874126559631027 0.40441343825056164 0.8625916988947043 0.2526794123616347 0.5297808193325704
16 408 100 200 -50 -0.24865708841260076 0.05450066461509806 0.23914558203051894 0.8647734784491984 0.8815886234443904 0.03145580101658496 0.47630415125848624
17 421 -460 200 50 0.24874216347897293 -0.07736030570789365 -0.12331910108734462 0.15082077194268284 0.3473369247759951 0.9886746820656519 0.033075511839799066
14 188 -300 -80 75 -0.07643636608556786 -0.06552228505441571 -0.15400458671311262 0.9881248291604149 0.38294046542073557 0.819251522741455 0.17858064521246753
15 346 460 -120 25 -0.043227989670889866 0.08436990249129678 0.16104595277110567 0.8614734803755892 0.3990107897389955 0.2865465287133604 0.18044177416437146
13 5 380 -160 25 0.027219289207703 -0.13922432284014558 0.16718866501659074 0.2846154857664317 0.38918776140446953 0.9977049303886675 0.533400148017557
12 189 80 40 75 -0.0878938277724336 0.1201353309477165 -0.16584086359874373 0.19769149790756702 0.60194045286284 0.6985983604474145 0.3573902373686728
16 142 160 60 25 0.01525185929829942 0.09877583168147547 -0.18901659931757997 0.8835953334152216 0.20684849183116938 0.06269143928171528 0.7146100988032908
20 271 600 180 -25 -0.17369522324062692 0.1969817300155265 -0.16949227731907146 0.35253536553780895 0.14143134510830802 0.8964300910428308 0.9844189951381677
13 27 100 -80 50 0.22740886573071778 -0.2387006659420121 0.24567730602554605 0.06331498118919521 0.15843386281744587 0.9644999942148553 0.3601110950853713
10 165 -60 160 50 0.012389508428841955 -0.06036089691656016 -0.05195232579678505 0.6324878610811537 0.17949495559718442 0.7256752944646876 0.6482727601322079
17 97 140 -200 -125 -0.0905890841911065 0.14607598976219638 -0.1949492143032906 0.8701018100627524 0.3953502194371833 0.7520788659764901 0.789145556199048
11 331 -20 -80 125 0.04188849734918665 0.15856978677875105 -0.1524520207537079 0.2446463911469524 0.919354006018321 0.16947800285683412 0.490414835188124
20 418 -120 -60 50 -0.2452841412786818 -0.19251724751920907 0.14919234434332707 0.3206881130520457 0.3427288962490941 0.4199229626325024 0.17942299233488335
20 62 -240 -160 100 -0.07632987653581536 0.19966410638724436 -0.21959935745032144 0.9898889809840059 0.46572104928588054 0.06062303525838508 0.26426854529852806
17 71 480 -40 75 -0.0983444400742921 0.20839599346852344 -0.020852909453414503 0.1537579139466475 0.13324743695142205 0.4905377657014416 0.8650367083338866
11 112 160 140 75 -0.16554147986942142 0.048489207637367804 -0.10909210236692118 0.488669796269649 0.03365666473897111 0.8663898651334228 0.3808950305759522
12 168 180 -20 -75 -0.17496727105155108 0.07027887074431444 0.012585645899184872 0.4644944174697556 0.6378859768522793 0.11130701179938107 0.5660548399311028
16 77 520 -140 0 -0.1361508705962332 0.1600612563759743 -0.1595029553631776 0.4778864102759789 0.34620843264398193 0.9764983682882811 0.05281724951488387
16 44 -580 -180 25 0.13304939923464099 0.170915092964948 -0.24686949470529201 0.865045164945041 0.7987843419583582 0.193166906020663 0.3065325740318121
11 60 -80 140 -75 -0.08205545387631608 0.05990758660766382 -0.09738222389505574 0.6436027199439287 0.43385147226302756 0.621393485660814 0.5975868020126793
