0.5 375
20 344 -100 200 50 0.021209221588493476 0.19305111833520722 0.05250520649546486 0.6916927421417205 0.6551654695114376 0.25182047755179193 0.4049111468404558
13 86 -600 20 -75 0.06608510110394639 -0.04669844327608835 -0.1949290306386699 0.7261626221010541 0.7950571706718875 0.3954555843143538 0.8942544856097653
16 266 180 -160 50 0.15876076192801258 -0.08471566559585342 -0.14610054172363857 0.5020276402085733 0.22843425658709793 0.5154047611330191 0.4712966663211917
15 209 -360 20 -125 0.20253327491796624 0.12385416258716125 0.048655470356758934 0.6336261826231694 0.3674935249648291 0.07019698775631711 0.7264546114842204
11 372 180 140 -75 -0.20933773789287935 0.14951128846898487 -0.10327633660050772 0.008313464820386307 0.9725497822749996 0.7013052833771591 0.5765719924399334
15 303 200 120 -75 0.059964229916151746 0.040905482361333456 0.11994226515832246 0.7452912064195031 0.4216032172867741 0.8831954051574259 0.5617352664805765
13 310 -20 180 -75 -0.10717134401849071 0.040535646900393796 0.05332404022732429 0.11345811378702853 0.7756857149983492 0.19747547034783575 0.4979744735212823
19 426 400 20 -75 0.21258162107396023 0.2074675970893866 -0.12715621802224453 0.21901990438035113 0.8529055364429875 0.7639217890924452 0.13656806161900858
20 458 200 -100 -25 0.22475118047401987 0.11150222251847658 0.20669221138857086 0.7044389804578844 0.08672120361687585 0.9988924906338248 0.7526408189370898
12 390 500 100 0 0.17841845435638815 0.18130743637957875 -0.13645847211650608 0.36192347180568296 0.8082858994475569 0.35864918589814576 0.9501728520384666
20 21 -380 -80 -75 -0.04722103261231014 -0.1985440098295143 0.13638310874121423 0.15740376655755206 0.8344682943957629 0.03292498796646515 0.35196499885920896
19 432 -540 20 100 0.05826324407832317 0.13605711795831382 -0.09439708036497702 0.30968715877926367 0.3540634737395155 0.8379326081946745 0.16768440513397753
12 249 20 -140 -125 -0.21680326726274357 -0.10910827837642184 -0.18998965487914066 0.3558892380072828 0.30708110535152433 0.8344632553156991 0.2359368852468865
10 136 -340 -140 50 -0.22918106295678525 -0.1384218582547046 -0.1569727150342421 0.9702761728029543 0.7293572158967436 0.2959972629895832 0.9215960294601945
17 440 140 160 -50 0.13222030966599058 -0.03863607360959559 0.0590107834846752 0.2219477839806694 0.7858072055429182 0.6679733664880302 0.7295845936873467
12 344 -260 -20 100 0.11580078165442509 0.15351480538980822 0.20141844006675608 0.09094474576126366 0.9732955049614818 0.440312747364901 0.8479280977071549
20 42 -580 60 -25 0.11173326742384282 0.12096005275527544 0.223290365872167 0.08488851462291225 0.8157224085540465 0.462563497489502 0.3554650531772925
13 210 -260 0 25 0.18327879109045653 0.1541309392603435 -0.16305518552463805 0.4876369248305251 0.7606423984887761 0.9832572921938056 0.5858481220978102
18 170 440 -120 75 -0.11171903963169616 -0.18704158817761812 -0.03147712458088253 0.8340467813311231 0.005790113347608705 0.4624087577142877 0.9378378010974221
12 173 -40 -40 25 -0.13224850463232896 0.053185391740107724 0.1158991156743634 0.6918227654781777 0.6809424446810262 0.9357141510751635 0.2252323982620712
14 24 -180 140 -100 0.1790957141423562 0.15317470776708159 -0.08406151080054813 0.6758826506652453 0.7458467147850444 0.9752900352291254 0.5941781388488103
13 56 -600 160 -50 0.09743966140579113 -0.2187153724203656 -0.23211119322970913 0.9542937475212896 0.36652300655928105 0.40684923746222057 0.46005482147142573
15 299 -180 60 125 0.1583054755901453 -0.19094868306191265 0.14485429431585461 0.9381571555888977 0.7788852803529362 0.6662544375881594 0.27295201625388843
20 21 -360 -160 25 0.21696346004528405 -0.24061715236594367 0.08509137726168625 0.5734030316273123 0.31512622826927617 0.8070475473735184 0.6933407549471203
17 407 560 -20 25 0.08354845408323969 0.1828161024675995 0.07600402506044796 0.3691197538715397 0.3949581943202092 0.7091174905447047 0.45569268620612824
18 102 360 -120 125 0.048628770376903274 -0.025674517900486304 -0.16124263884743406 0.5445430736589832 0.047246383907613376 0.8992900796946434 0.7192615461128824
13 457 -140 -60 -50 0.22529134265239448 -0.08098628858867657 0.1675283547123913 0.6851991546438633 0.12623783255388799 0.6291273129504261 0.16738706008768545
12 449 -200 0 -125 0.036240492539519775 -0.23722331743405634 0.19126875724834314 0.5564381881699296 0.5407679124458117 0.059257527357943096 0.2516622066313715
20 193 -160 160 0 0.045833486670877444 -0.0068363124823631605 -0.09461596167896658 0.900303646109902 0.6126132219353049 0.9251766037516361 0.0016157218772916426
20 414 460 40 125 -0.17273492879542457 -0.21974126168306934 0.0984217561100107 0.8349849467589816 0.351088714457652 0.5495312705915165 0.41612694917965043
20 142 520 140 -125 -0.16701718825264011 0.13543876307866054 -0.23939388950179707 0.24439154579706246 0.7076516222932716 0.5593009843063034 0.9224547041999959
11 128 300 60 0 -0.17229449878253883 0.11319522738870802 0.16455456353319936 0.06390073656961581 0.22237434038759296 0.3529446782642779 0.28276357878107716
11 409 -160 100 25 -0.023802992224999542 0.2018411565959014 -0.20164756275456502 0.5032794357672576 0.059266431976231715 0.4493233597737111 0.5744435877243955
20 130 140 60 100 -0.2077240229001429 0.21264975258328978 0.10949557923605402 0.6262597311330916 0.3646544830192341 0.7444914142654785 0.39784274491074945
19 85 -440 100 100 -0.18610528154982675 -0.0406356409722054 0.07907212590004525 0.8858931294422505 0.9513998719337659 0.994980408979809 0.10833389341180111
10 412 220 80 125 0.21579554223506775 0.09019789420013302 -0.10330586260580171 0.0197542297606752 0.6707478298290434 0.6767241614868532 0.6410138216919389
13 362 580 -200 125 0.20714880577610917 -0.2464707923163566 -0.031023732721501718 0.6340716610621854 0.8599265454270044 0.6966355938517375 0.21951815826258558
10 32 500 -180 -125 0.052100426367211516 -0.14055771246647447 -0.19382457668747893 0.7721146883810358 0.47880921619338035 0.5651629354171255 0.716100726961778
19 310 0 40 -75 -0.0794523224226229 0.02417489017366542 0.04688437261125561 0.9698199022577335 0.25772470833406635 0.6088874993997575 0.7797890901928981
16 393 -520 -120 -25 -0.09801318465443332 0.23710852417751854 0.07383804800939775 0.5007044285111415 0.2259861065152845 0.616581549987607 0.8360408960357
18 336 -100 -60 25 -0.2236236591462244 0.12189709203926047 -0.08219670318262884 0.9334048989831079 0.718397338358346 0.3918112287627472 0.5980332022192473
13 346 160 20 75 0.1717634121512035 -0.10802575333586506 -0.14564093684558832 0.998889631717345 0.8756962930578398 0.5068654748682062 0.5898053166878993
10 95 600 120 -100 0.04427766067847555 0.16196320863084174 0.09357862795276367 0.9829570607411473 0.8965582905954478 0.0501060894936457 0.07189882608455622
12 100 220 -80 100 0.12304916247713732 0.05215630827062462 -0.0099421945369087 0.7581646348609867 0.20814245059710335 0.6824832967700337 0.28605921492064135
12 134 -360 -80 -75 0.1908270810546433 0.17626846562113363 0.05223150670061061 0.22038428219204598 0.9639882436331045 0.6492866885142421 0.995048600218656
11 391 20 160 125 0.21390835954990378 -0.06173884583756428 0.21692626171699436 0.4629933100168667 0.7726189319055465 0.03883024248391054 0.891089710174236
17 309 360 -80 125 0.23151194188440766 -0.0237812006930172 0.13390714549434102 0.4490978118300407 0.6971385429364139 0.9025378497178772 0.16614136763237342
11 318 220 20 -75 0.05982728776144269 0.06056620916449551 0.09290991784955477 0.11407449736267239 0.2470082690874411 0.2705773177849313 0.5022082128604777
14 286 -120 0 -50 -0.21599843597542873 -0.17665375110781528 0.20647372714497653 0.2627161952575603 0.9275785905986704 0.4889584222606209 0.6027709410993608
19 269 -380 160 0 0.1823118021161021 -0.08857771613986182 0.09570039583866707 0.5489457256187915 0.1955749564799597 0.10337821675208492 0.35711649419745817
11 309 480 140 -25 -0.11171855801091984 -0.24982070474085444 -0.18104327851278923 0.630435069418462 0.9052076690132939 0.8814596077944961 0.8034958407988823
20 380 460 -60 50 -0.006343179355518591 0.24518855496623515 0.21885945711067006 0.9002863681014066 0.826135468970615 0.2732067836714617 0.24041498971797104
17 25 340 -80 -75 -0.13982337478509038 0.028388500518407578 0.1445939881202441 0.3165455375727235 0.903058666896141 0.4515514949847058 0.9647200533618133
16 185 -480 120 -75 0.053758348657441335 -0.24573086249125287 0.09512767082549961 0.8771543103088636 0.017736560632090392 0.5717689117844168 0.2612569648463665
11 256 -520 -120 -50 0.17183944532274942 0.24671119858671176 0.05400767951003066 0.31476572883363296 0.300040168294896 0.8102578361328292 0.9638124493160514
14 468 540 -120 -125 0.02290538089807176 0.16019402307104375 -0.19100927496988068 0.3154820830620966 0.09382970042032801 0.7310768991197036 0.1865026741547916
16 372 -240 -100 -125 -0.17266691085719543 -0.053141003831720046 -0.12270791057094294 0.7501212110199273 0.36842070567374763 0.19954266821773825 0.46380928188434334
16 227 -520 -180 -25 0.18406941248793512 -0.18904850821887137 0.0035314349236374443 0.8186583962111192 0.7556740678930344 0.5349368400160142 0.9969271093763844
19 122 120 120 -100 -0.19391154370074393 0.073438055294472 -0.2162271956658567 0.28887104270004416 0.32479764427150304 0.560643916882874 0.36797986564649066
16 492 300 -40 -100 0.1510345679918041 0.16517711039954114 0.13541481787962117 0.38202061778299534 0.8628622665953721 0.0480814634872363 0.3849147529929554
11 220 -160 160 50 0.13003810212503403 -0.1918110585569151 -0.0980255437500025 0.2688284189127449 0.27882764439329777 0.04862857524401598 0.9681655695909175
14 469 -560 200 -125 0.10020966915359236 -0.18941927413976245 0.03390967433925729 0.305587139087099 0.9684124262760356 0.6574826648735459 0.6339060033772186
18 496 420 -180 125 -0.19173676951064422 0.005319905250225798 -0.18615839595747236 0.5958837856844553 0.4185340550115956 0.46505176135161463 0.36281634734094903
18 446 200 -180 -100 -0.2352450871125386 -0.17126129249608063 0.12286426220570584 0.6571327057123988 0.5134471617891181 0.29475099475269295 0.20119260919636772
13 233 340 -160 -100 0.02455860524689285 0.18883360507399793 -0.05934525957563591 0.47461969137263194 0.22661491348587737 0.9738110766232807 0.12169280474590205
11 316 -280 80 -50 -0.18910947525760335 -0.12254576201827533 0.16502439217455545 0.7268111598710446 0.5308787401914271 0.9268890064976805 0.14998738365436415
19 133 340 100 -25 0.15948232520041672 -0.15551409498797436 0.2012699509055874 0.5795248217003642 0.3689343049734819 0.19918324358259176 0.00023446474850918886
12 125 220 120 75 -0.1697327622482237 -0.22875318489961965 -0.1294328470043165 0.2239144781134399 0.7697808524735547 0.14988752376488146 0.9369580940508964
16 461 480 100 -100 0.048197539598274775 0.08944563476183798 0.24072900625241306 0.23589991618079797 0.7043515701147077 0.8364466557448836 0.6226963507167127
12 272 200 -140 25 0.0037152102512483243 -0.17683564347610187 0.06495229630915222 0.3869218258303556 0.5941988742764719 0.1549035607870074 0.5706912187469713
11 71 320 -80 -50 -0.171962461368952 -0.010008936778002131 0.11572854001967481 0.6173308115927071 0.4310271352736992 0.7851197704005809 0.630090947309566
11 124 580 80 0 -0.16074613723036063 -0.08916364372924024 0.07664139384048141 0.5181625170765777 0.9461652171022162 0.07786878377661566 0.11425790524692969
11 357 80 180 25 0.2045454999402403 -0.06238682666660478 -0.11684723814516235 0.8078524723996837 0.0992718306248257 0.051383563774688334 0.19151624978261772
14 149 -520 100 -100 -0.11058418839801404 0.03601518088668987 -0.2307490329709322 0.17468147890580832 0.7206713730243341 0.33955871176644914 0.08703867570154722
18 402 -260 -40 -50 -0.20163633032589734 0.11006944554451525 -0.13166081763889387 0.8016479043878739 0.044919542051542916 0.31580545755507006 0.02970440614746317
14 4 -140 -120 25 0.040781529353990265 -0.10517300980817912 -0.12598990881883448 0.3721688295582205 0.41235968912847387 0.7824067867325987 0.6510049854782651
20 389 580 -200 -75 0.08227940830007158 -0.19875631636876828 0.040911833994826285 0.829340202068416 0.06170740681410125 0.9292037793564407 0.9504926974138103
14 10 520 -40 -50 0.07450264369178189 0.22492551704014668 0.06696931759325925 0.11309593792409611 0.8683157767275314 0.45652907726347125 0.727304310258098
20 77 100 80 75 -0.20706850209454747 -0.012768480024227813 0.0070904101358531535 0.5612251992241339 0.8069109951496821 0.5225544083157156 0.07597450325760102
10 257 440 160 50 -0.0733120628604092 0.21215300762811018 -0.061293243174242784 0.41146865351685924 0.3398461468514924 0.5828037781668682 0.07936783385918933
20 90 240 40 -125 0.21662173263692336 0.20826816037612422 -0.10353027854606067 0.8098884890365172 0.7584350978539465 0.4957505874056294 0.7639499066465572
18 319 540 -40 100 -0.17804846619714843 0.18675353013326867 -0.1616588088550983 0.1839209528432061 0.557237967658853 0.8106037992971987 0.09262156887846706
18 366 380 120 -75 0.24011638804771124 -0.24448983333285956 -0.017955559588519188 0.6322610186292604 0.3690399494301728 0.7749308209265864 0.2536676821869265
19 244 -200 -80 75 -0.18109350779682054 0.16919392918238685 -0.05306934874667529 0.1622409377369558 0.6520621141535385 0.367781628636746 0.5384740956559401
17 123 400 80 100 -0.051383743428547846 -0.12665966114966937 -0.05973939373184639 0.3026748647728503 0.2207877107643601 0.6465860628699637 0.46711517970421856
15 212 -520 -180 75 -0.14624966970226633 -0.03095207201978406 0.02183451368519429 0.4465829322274396 0.8681629825537569 0.9429552189896169 0.8608726405086979
14 27 -120 40 50 0.14549542853531755 0.2106530989561874 0.18961273348448432 0.3136933901318739 0.3281708166867219 0.5923577276989574 0.6031247557300005
11 425 -580 -80 -50 -0.1033022710993951 -0.21322789500903078 0.1392318742421894 0.9532691719405201 0.18774285168288596 0.3780828999370991 0.46226015726243563
11 287 340 -120 25 -0.09352212283070688 0.15073214373640015 0.2279033095932526 0.9717477024842198 0.18174579310446382 0.5628848541851191 0.5714919702684703
11 458 560 160 25 0.1402768169777147 -0.1184776129636323 0.24288324163376168 0.22932068102134007 0.13256373766748042 0.5933804378850116 0.5738725403165512
17 228 160 -60 -50 -0.041698272636799205 -0.12981962672449676 -0.24571380415849015 0.36136643718164785 0.3949834047857915 0.321370512761904 0.1951482155044012
17 58 -500 -140 50 -0.1390070532295027 -0.19441397927064363 0.045103495704676255 0.9640140894568199 0.2533132962533986 0.4533531409282996 0.578242255598671
19 342 -40 120 -125 0.045450207382747077 0.20007341140366464 -0.110583245881406 0.1661430682159727 0.4031313326670055 0.5263972687962049 0.6977603213570951
10 170 340 -140 -100 0.02294501345778499 0.12425852718958003 -0.1668667122800861 0.028497384482041754 0.39254831105322474 0.2265999039249912 0.6983513694055404
16 239 80 60 -100 -0.18507142518204162 0.20488522177903967 0.03919556559327386 0.7374348756272275 0.5532213098018836 0.09100857951300312 0.6409018196253954
10 88 -60 180 125 -0.1112010130459703 -0.1736057180624005 -0.060432826678676665 0.7143096941472193 0.9965127051029284 0.13133592863631138 0.06889925924607176
12 186 -180 -20 -50 -0.04995584389001523 -0.03847975520315888 0.24311995017271565 0.0926019365276769 0.7076421347490891 0.7649950385673239 0.4181984155728109
16 221 540 160 50 -0.0591250683063938 -0.22989000417527516 -0.11654012889567444 0.27378913594342247 0.8604601443440476 0.5670016677255987 0.7270041839121723
11 128 -40 -40 -50 0.001975485458299342 0.038742676574294865 -0.14161754738163113 0.863913250854953 0.09382530772802455 0.13611355858272878 0.7752179150014072
11 471 500 180 0 0.24788907035159707 0.06138311680425973 -0.20783182121777677 0.48185593927825454 0.013443807300380195 0.21848273475339297 0.9655938541503453
15 449 500 200 25 0.08990228557109786 0.051472011226372294 -0.03569421057644856 0.25919069412326934 0.5160161264865858 0.7171974158000096 0.9893574765031897
11 217 -580 -100 100 -0.03357957248421489 -0.18515916778539104 -0.08926370492929264 0.6540237047604462 0.5306937647504703 0.4756840352682854 0.36477748964011003
15 155 -540 40 -100 0.07132927606410311 0.051504859163863326 -0.09005554854375858 0.30830972772552045 0.8885611076210961 0.21726841649770778 0.3915620190039021
16 12 500 40 25 0.14963152387053585 0.05331078255862398 -0.15454399718870343 0.7778358830358822 0.9098678114515265 0.650683097930544 0.7123678765091479
15 491 60 -120 -50 -0.061988774501234245 0.24869870931019844 -0.011795825198948062 0.6685317085371963 0.2540821448284277 0.7903088433877261 0.0030994465327233156
14 28 300 120 50 -0.08502574367697158 -0.22220023949863577 -0.03410092311566093 0.30144994967467886 0.5974370181125337 0.6510895815054675 0.26051022165731574
13 248 180 180 0 -0.19321842104603426 0.17033357784600922 -0.06939640367149552 0.02181193117258784 0.623346417107949 0.830531803096237 0.14296196821317075
13 293 -580 -40 125 0.22405369513371887 -0.018645109953838168 -0.027287443765329766 0.7122088607881424 0.49347337559029447 0.754508784190853 0.3761600685331602
14 188 -40 -80 -50 0.0007881523033453908 0.08718927481814082 -0.052491798549470614 0.9532617757051328 0.9633552099458138 0.2635362386322869 0.42414588195292413
16 346 -180 120 -50 -0.09311152743319501 0.0961619858412075 0.18601979731739776 0.7508743963529313 0.36961684410518436 0.8018529591848248 0.055548331232323944
16 218 -360 0 75 0.013812374760858559 0.16971179710572815 0.17609775357365193 0.3594335795461434 0.1754374481055968 0.41027046378275867 0.9758671192750032
20 332 -580 -100 -100 -0.1562862803877455 -0.03892987465057424 0.05471791167131412 0.33652464419386674 0.6487417319756713 0.31579564942597793 0.8475955618516906
11 97 -560 40 75 -0.20128173855728315 -0.016853716924601636 -0.02897695207043738 0.6652480363997166 0.6101370995588082 0.5330868560131165 0.728055021566342
13 275 0 100 0 -0.2144207775815989 0.14449234888887463 -0.028625996241179452 0.38624989829024114 0.20723241159891737 0.28575667604551 0.7594704126451067
10 461 -440 120 100 0.17899026409205215 -0.020605626229773133 0.06829391718810124 0.32662973084100255 0.36301054970925695 0.16546301241854622 0.9805766913776021
10 25 500 60 -25 -0.17034533043885425 -0.013263122328303178 0.1303708677413568 0.14960559895823833 0.6327535822735888 0.6765399140525701 0.14980456549162535
12 459 420 160 25 -0.10624955911716527 0.23592947765212519 -0.18752049588257808 0.5640411612257602 0.327117579483296 0.5442749893544835 0.7864645551197349
14 326 460 -80 -100 0.18115880742530682 -0.0724236044836088 -0.015347809539162094 0.44734560395230394 0.6380366081303712 0.31290633281826563 0.8098108630399221
11 29 -500 -100 -50 -0.15722478823105535 0.09113938066588345 0.06536837563572157 0.3189546088718186 0.7969566311332027 0.5457609383531138 0.2650414718086226
10 350 60 80 75 0.10902640349005815 -0.11406443301778074 -0.16484389453654164 0.4261813495728136 0.6807881838281562 0.6920981921224083 0.7018620947758227
19 447 380 -100 -125 -0.20611797538110377 -0.15236853266049738 0.07075880542396179 0.2617639897477726 0.4185141850704497 0.8740706310146505 0.19668405999204552
20 276 -300 -180 25 0.10446213215806555 0.07515873121443117 -0.034717674405263965 0.9654690440164605 0.1856036303520402 0.3134680536667933 0.8662571759807899
13 198 240 140 -125 -0.10583248136331486 -0.12523220959719084 -0.17865639891109697 0.9953694676079268 0.7217679054099118 0.3018590048145465 0.4685254155311216
20 27 80 80 -100 -0.16741878800019538 0.21907475527458503 -0.10303461789805901 0.8224434553997185 0.7295456183055486 0.9590633735246247 0.8594592676874294
18 320 -200 -120 -25 0.18431569422098593 -0.02747697208647748 0.021578038107257558 0.5317884641107528 0.9722388174491542 0.29144613222001814 0.006378062241836235
15 416 440 140 0 0.050216788984826566 0.19362026868760612 0.05619230107045997 0.45410285203775136 0.15450280688942175 0.5784554021520751 0.6750159280155104
16 63 -160 200 -125 -0.14033553391068826 0.18737110112549477 -0.08129805814326702 0.9115809507741315 0.09032038480707316 0.2160523459006387 0.4107016753054745
11 121 -160 200 125 0.05765842969372609 0.0360583048491247 -0.1755695831973128 0.5080499159773291 0.06263849729278848 0.9334718069736232 0.6536158877018055
10 205 -380 80 100 0.23705834360485117 -0.06412312267981918 0.1271325157210519 0.8611802377703921 0.7458389159714162 0.7265201723690222 0.849834123001787
20 5 320 -160 50 0.09329581245021029 -0.21770660267869668 -0.0953258606960451 0.25241392519790273 0.06401297749568235 0.5993807701393031 0.2753044932332349
16 83 -160 140 75 0.07801777190101039 0.07247099370270405 0.20549733591629138 0.9417762862395505 0.9260227260976417 0.4238604996399311 0.07202050206875954
20 184 -460 -60 -50 -0.17716023304477252 -0.01484239482512062 -0.1686963380774485 0.5824309473318842 0.9912271825662841 0.9481008971740528 0.6088491653556231
12 297 80 200 -75 -0.17414785194911797 -0.08098710341090692 -0.14314354226693682 0.6546696467086074 0.5878796277781653 0.6835517552071326 0.7685142033671617
16 342 360 200 0 -0.2382244089305416 -0.03570215111346675 0.09674082327115657 0.4109626573464913 0.9411707767349061 0.608443780826141 0.7235131172595387
10 139 600 40 -75 0.21792393863745363 0.16762637931397506 -0.1572935647617713 0.17738487251427038 0.48196435020661166 0.1893362321237122 0.18334718589460408
16 75 400 -160 -25 0.008325907554811218 -0.19282438412626557 0.1477385854461548 0.884132271151717 0.6483981492778145 0.9497345568540054 0.5926248619930553
10 474 -200 -80 100 0.052125591030215246 0.09629733339264113 0.14158558990929965 0.27430006246440797 0.767710513148096 0.17381705045750662 0.723205941974269
19 269 400 100 -25 -0.09763358529286137 0.23088651744648442 0.21249179732197382 0.37804940860851544 0.2526614023032535 0.48120932545983885 0.9027792296311097
15 194 -460 40 -125 -0.14995553419532526 0.05301408081447234 -0.05377096504426526 0.6490399881079564 0.2757164212359571 0.8525656202052939 0.2592209322784699
18 105 -140 20 -100 -0.10278914163585906 0.09566894394627107 -0.13968789248269042 0.09319075533460863 0.9194145801351826 0.5040896285871808 0.7226745535081127
10 184 -440 80 50 -0.20767626152434793 0.09841656567934604 -0.1335422992904426 0.467803724286867 0.7962978821948254 0.572518632817994 0.0705236090799588
18 44 -500 -80 -50 -0.021805732607410977 0.09229481353966207 0.014218387079059258 0.25519639143427353 0.44588570306690056 0.24929792555159336 0.3674634479334795
19 199 0 0 -100 -0.09770062195902568 0.24339847834484352 0.10008875918145016 0.5934342158605872 0.9029942548159713 0.9535162050326855 0.9914627075748154
20 466 -600 140 -50 -0.05195704711819571 -0.2019123623887431 -0.026120412615408595 0.45532346388217526 0.24730454517514056 0.7052013997342783 0.4228902204010333
17 116 400 -20 25 -0.13341055070559238 -0.06957729254067213 -0.18856462676163827 0.23639861527249917 0.6416981475933655 0.720756164721492 0.27912236567352067
11 335 100 -100 -25 -0.24617854443837278 -0.1392929701829479 0.14363730443800782 0.5854919584023978 0.6390880601817834 0.3976725982635476 0.6728493009138983
15 180 -120 40 25 -0.16240428367895343 0.19949633260774358 0.10229424029206535 0.3010766204118932 0.1417126981411545 0.5473980794208182 0.2993856201922963
17 357 200 -160 -125 0.056635597615625755 -0.15486501357238835 0.09412901107860294 0.004142436538543293 0.6559602976862743 0.8824773141852816 0.23781110218587442
12 60 -500 60 50 0.03460832156464677 -0.09652888965459983 -0.1365042066440998 0.7071788494192766 0.5389556924537384 0.2924255622903461 0.6007177839275738
16 124 220 -200 -75 -0.10408522230272099 0.11717437639923295 0.05187587319937509 0.7257297010994401 0.02909068489051625 0.9613068262417614 0.43226093529878684
14 278 -60 200 75 -0.2133693584227528 -0.13613843215779264 0.15116755087154948 0.33083592666526096 0.6896670895955997 0.881277492405112 0.2947131780505551
11 204 -120 60 -75 0.017699081877627088 -0.056737670348707525 -0.1422128946074913 0.061148546879713606 0.5261572992183396 0.27036316747412603 0.35216501870529604
18 157 140 120 25 0.10690352498486455 0.12238264186664938 0.20643627139319737 0.9871859513375212 0.6631384402904206 0.1538399914374482 0.4785981899616155
11 38 20 -120 -25 -0.024976183517711636 -0.11976950397804248 0.19028436855228492 0.06686874933276499 0.5776627793675033 0.8703504373271278 0.9228910793486385
11 33 200 80 -125 0.21352195039798477 -0.10717820891720692 0.24550577926836653 0.5811536478698699 0.1712002154148795 0.036084596746833286 0.975909669268289
15 268 -600 -200 75 0.10127132072611456 -0.04379601673814615 -0.08204968428090353 0.5537941311433451 0.5470910991944383 0.4316270713839314 0.7942917427663669
18 234 -120 200 125 0.011942142344828266 0.12111970344810097 -0.18321774823145187 0.06287354508668841 0.009443770178423572 0.3777371436016618 0.9054318105743789
14 250 -360 160 -125 0.10339799299460922 -0.18578436432005602 -0.08477778970148453 0.0676050199285726 0.7762683803323805 0.29832940027848553 0.4084355320051677
13 45 80 120 75 -0.05917789318309441 0.023015066186745814 0.19926179775443847 0.11553502816917283 0.013554841291331665 0.09205982151761272 0.22683850062573763
11 186 560 -200 100 -0.2454179150995341 0.24118194469105358 -0.11485374276440136 0.36568814501953006 0.5392923269806496 0.45545496604289726 0.5719694716368801
19 485 440 160 25 0.24985080545565952 0.01035232340931408 -0.12479647930433346 0.25248822217155875 0.5573507930394992 0.42310387548897277 0.7237385658251934
12 178 560 -160 -25 -0.08772954942418715 0.19533213411223038 0.09036466543066574 0.5443963492709 0.8348058955221592 0.5535893070537631 0.7909136467558165
13 375 -540 160 -75 -0.15099008162695948 0.20879701944076767 -0.018763328769339505 0.4016049739362819 0.20064268646977923 0.9139890137902624 0.3621475575363957
13 77 80 140 -100 -0.1831543449852781 -0.19763259501234376 0.0025504392158067213 0.5584142163898059 0.14504546871270096 0.42967483386627836 0.3172673110093619
13 195 400 -180 -50 -0.1088707505184327 0.09462331133461926 0.026139203366531194 0.8130626490101437 0.5194292763332272 0.37230317852164285 0.2966883224078062
15 500 360 0 25 0.03572329025961374 -0.09285554127652418 0.062207284572320776 0.19274464475073294 0.8576029004485806 0.2097726732572046 0.14420695306152387
20 203 160 60 -100 -0.014452103290333862 -0.021205235532656186 -0.1661468307399221 0.0954355110024131 0.6893138098533548 0.1878349168612603 0.5032311791351315
19 7 340 120 25 -0.010332251218987065 -0.23189459790492095 -0.02493173162562823 0.7696757010022185 0.035088989786523084 0.5074802399606486 0.8335752490011336
18 337 440 160 -125 -0.006448649462093614 0.047399028822415534 0.06814428256257749 0.08321764657501307 0.753455848946269 0.6287425349072248 0.2540928690069342
16 310 240 140 -25 0.007023603993252914 0.16287178711016925 0.2187508661233704 0.7233673242806743 0.3843695194958884 0.8669934108019174 0.23820277081830632
18 431 600 -20 -125 -0.030928709916063002 0.1722791227754003 0.1527834901619265 0.15862021250237768 0.4308609787857961 0.1135301704908096 0.9754540235258996
17 484 180 -120 -100 0.16853306373424332 0.1836683121810369 -0.17509895332633996 0.30745908628586494 0.9264168134570373 0.20280840242091025 0.49677168324628485
15 73 360 -200 125 0.12829876712314625 -0.004637400835089012 0.14248885441718534 0.18947950721564366 0.9760586439797012 0.6836407229482826 0.4802792096093248
15 11 260 0 50 0.24477144293075054 -0.012154562359971477 0.2288915453596445 0.7777868569785619 0.07751636468541412 0.4997929919754893 0.6886809628309639
10 326 -580 -180 -125 0.06535666297875198 -0.16955360836593547 -0.2056547648352935 0.9380682805541002 0.5110077741052343 0.9767309855909181 0.1452492151861452
10 162 -200 -100 -100 0.0706835906199399 0.1261108598518405 -0.18912110470960286 0.6526679743957688 0.12131480523350247 0.6254314772670396 0.4127168628383808
17 460 260 40 -50 0.1093671443005712 -0.12899120444216594 -0.14068611123196617 0.26173381638585835 0.6279792479440427 0.4956917339759285 0.7246265828573286
15 7 440 100 -100 0.18085406625854916 -0.11992014478641516 -0.0436824731919529 0.05043488560546061 0.19414021057558772 0.7176878311364511 0.10253933854998931
15 353 -60 -60 -25 -0.18660061953761586 0.11739265698098705 0.06769134352162304 0.9340317546184338 0.3888547212459743 0.8146803103826381 0.17916053435414747
16 419 -260 20 0 -0.10054183514538728 -0.14095952076273477 0.1960892761230285 0.00802954994772409 0.4708879446670414 0.6436157942182075 0.6359589184869037
20 477 100 -120 0 0.09953426444465757 0.14663056208461855 -0.06480655780920197 0.008788929521186595 0.4482448020960552 0.09704217067158316 0.9366204602657523
14 151 0 -100 25 -0.15596869917594436 0.14810556764102478 0.1452548998668729 0.30239148486603706 0.5319504510315571 0.18631093404832122 0.5407746636667753
18 56 520 -60 125 0.06790334324093533 0.036946617611278876 -0.004777706133694326 0.21503454537640054 0.6791797157505978 0.5392431911076756 0.09935671369581689
19 226 60 160 -50 0.1432810976508888 -0.08647027555037912 0.03408895006597512 0.7981444412892835 0.9111595985644871 0.5501082697335075 0.9467642349972564
17 377 160 160 50 -0.18249591616509508 -0.0044467003957948115 0.037638613903504814 0.5304871394763787 0.5137031398416246 0.9050579245167805 0.007056555179065782
11 62 -40 -200 -100 -0.18630354840601498 -0.22868318188808356 -0.24385208471227937 0.2800394691334286 0.09159893687132536 0.31688882754430114 0.04686596872406723
16 94 -480 40 -125 0.07282183615109628 0.24859749429783262 0.09254660094237377 0.801587830866055 0.22105694831924316 0.2613924207892654 0.827889209679287
16 411 -200 -100 25 0.21483117006972824 0.16939366328105998 -0.24598010978247348 0.11164392582477356 0.5465491640037142 0.4870219286936459 0.34965142686871853
13 75 -240 -180 100 0.166285343039488 -0.14871677321194693 0.03229797895710229 0.37547718249210904 0.5868135009640763 0.8228149349203304 0.2877019409777142
16 123 280 -100 75 -0.051654907358545554 -0.13621903748609238 -0.0781977048275973 0.978940370057789 0.9654559686224212 0.8411170589439763 0.2598476537260036
18 291 -380 40 125 -0.20101954358922636 0.2279471844190198 0.13726954602725594 0.169358951686852 0.5154211503210394 0.9557160963252954 0.005704194816946284
14 273 -80 0 -50 0.22519093390179462 0.06149102980489157 -0.04842491213258199 0.02217434125235651 0.33263348485741406 0.8778595950128117 0.32776819049673567
14 377 380 120 -25 0.1876450936609818 -0.15868327383443698 0.09557931032418382 0.6104664443459069 0.11426430870866544 0.5236756388228129 0.8076230208744727
14 238 -360 40 125 -0.13045278015408296 -0.138056951902727 0.03287748286662778 0.7875134765149535 0.8636302037361195 0.8132012172119291 0.3857303720153695
19 124 180 -100 75 -0.12648351193995366 0.022291004443967977 0.11223140882278693 0.15144710383946858 0.6532460646057537 0.9008881663633888 0.8152212597451803
12 316 -400 -200 100 0.1195851505703624 -0.14058765297666848 -0.21465128784710374 0.2829875685387049 0.3682496200693506 0.9518355614114032 0.6963415958825814
20 88 140 80 -125 -0.19437739855903602 0.014905622042738598 0.20464970375927338 0.8862737304353792 0.6551650658543383 0.2792706211498418 0.8675524258000896
12 153 600 200 -125 0.12827094966767327 -0.012091582001396428 -0.09059905299711196 0.3499026417807557 0.6544879968812971 0.42045602456861697 0.3481851661402039
14 430 320 -40 50 0.012169448537473648 0.039428170663702244 -0.19442481151529167 0.4627901826984758 0.30501686768463177 0.5531186365951537 0.007664302907809506
11 105 400 -160 75 -0.07137792499338819 -0.16630034253163783 -0.12894007810355573 0.3786825913675699 0.2995695727827403 0.24229159677486822 0.519552591312828
15 423 -480 -60 -75 0.14601546677526156 0.06881738938063425 0.22649115271482123 0.7585605601188513 0.3972121151615041 0.7820452431645072 0.8024961538824952
15 149 -20 120 -50 -0.18527983629954753 -0.23365211424771343 0.21353308727274378 0.6607158043704888 0.45753611979469133 0.970098269310716 0.19607795963745756
14 184 -20 20 -100 -0.1715048520158819 -0.08836048579765521 -0.14954883539544572 0.8597377431934389 0.6031015009338085 0.3214954369004702 0.35225169357965413
11 356 -600 -40 0 0.0034508742220797917 0.22432834950383407 0.17482779866788395 0.2861116003622305 0.7089074278546913 0.3249946968779115 0.805194021636528
17 35 180 140 -25 0.19339659517070562 0.009785508713574587 -0.13888079451420937 0.0364408042200588 0.3221782874068152 0.880233226348912 0.6269306410515295
13 125 -560 -80 -125 -0.039995105929658825 0.16047036498575518 -0.13326634722248504 0.5490676678712167 0.26103980291850903 0.10929073181603466 0.7707069376523362
15 19 -140 -40 -75 -0.16412736005594286 0.2189583198390097 0.22074505157226026 0.9338774274557353 0.17109083362764432 0.46830310239063266 0.3357229878686767
16 215 -20 -100 -25 -0.2465928273246904 0.15075031864270405 -0.1154683496298049 0.40670003045818104 0.46778037142585416 0.5514091115328645 0.13795677272625506
11 498 180 180 -75 -0.0072663556702436405 -0.012976594245938222 -0.031385058888533934 0.5000993377915018 0.728171232041738 0.893470174492924 0.24609996089792097
15 79 180 180 25 0.0750935120908453 -0.04861116629565654 0.10377900507233473 0.3943552302086101 0.3929412245520696 0.5026052876576329 0.3675338908217398
16 471 -460 -160 50 -0.08202145671009331 -0.2418221140196148 -0.1728179734644516 0.0018958848596932754 0.7383598044701131 0.3114679691004023 0.6320035948852548
12 314 560 -120 0 -0.21548130928710924 0.04935284817167329 0.07599556788014866 0.5901484387209815 0.46885229107397786 0.6819105208070646 0.5453120065271945
16 106 -220 120 25 -0.18834345067308278 0.13766476636831854 0.1467901793452273 0.0128981144337037 0.7777345976730287 0.5779744587978207 0.1260898784841996
12 383 0 0 -75 0.10057513260469336 -0.10672335891713702 -0.18722467272398824 0.48926010109711027 0.0759258715258635 0.36132774725303496 0.6463357424650376
16 418 40 -120 75 -0.23813930643675607 -0.018842284294489364 0.22553812956734504 0.949918182972531 0.7966872028755466 0.6869356414009258 0.7629251164392342
16 420 -140 -160 75 0.018598647304018223 0.24246604530423171 0.18058435744042423 0.779664077293959 0.47492238120722075 0.3900398261978636 0.7927250411548633
12 378 -200 -180 -100 0.17467063536420924 0.12448079085651653 0.20766425042940118 0.8394483735138318 0.4676325599907749 0.6442318636390955 0.5180373563342393
19 407 -440 60 0 -0.07901289429438618 -0.19600521704374696 -0.11232583273215924 0.8055869836219026 0.8951597502439747 0.14236870248179556 0.5906672577060895
20 143 20 -80 50 0.15730519758957529 0.17079940424775153 -0.04916500175734495 0.6760335436306414 0.04366821265639942 0.9319410335572907 0.7608816647567624
12 152 -460 -200 25 -0.01911831954746601 0.05012401455487797 0.02073683071955318 0.4288805129685592 0.05720800018510319 0.24317491898178167 0.9527353835047719
18 470 280 100 0 -0.17679335110490718 0.23598267327375333 0.10772813302999884 0.10604184403656669 0.8351025671506352 0.08174125921026709 0.1944439844691318
13 130 0 -40 -75 0.12063110134525912 0.2035570083752507 -0.08991841444330356 0.5775055454656446 0.8988312702069372 0.9417298218273271 0.6248633107204598
13 152 -460 -180 -75 0.14720412908188546 -0.12997181133090652 -0.07815022757034285 0.4110332259609367 0.8696731494224585 0.9905735904017254 0.8555544486591907
15 231 360 -200 50 0.11561453451154563 -0.17251647617394839 0.040721712379117925 0.710362380603455 0.5147986914762971 0.4252593844157798 0.18280938036874173
14 382 180 -120 125 -0.20655078898150325 -0.18615817155753145 -0.06572306799436534 0.46985326180733145 0.09693984342873019 0.3096472499676748 0.2638021711564923
15 96 -120 -60 25 0.10467772937602371 0.09283766357938728 0.00012919889888585168 0.5787444237988345 0.18357638037943147 0.1985535497741262 0.9329849834129376
19 25 80 100 -25 -0.16273738234326662 0.04376654122450241 0.13023229498114786 0.22988216677870676 0.7066365652116438 0.3172963652491825 0.44579372854364185
10 28 -300 0 -100 0.1517106089630491 0.08356657883129032 0.11323721538358256 0.49293708265315606 0.5283913386057884 0.8079862452761387 0.21228759954799514
16 300 160 140 0 -0.12293244766017308 -0.11273291044946404 0.007386237575619015 0.2389695244894221 0.3631162309390935 0.5388694332876978 0.6792418779413313
10 203 -220 40 -125 0.03895627807946883 -0.10231163775462687 -0.16073229551383134 0.2580056062310254 0.6387433955916966 0.6059998766236939 0.21100140045475002
16 121 -440 120 0 -0.2167025234675466 -0.0179490170471458 0.15314178468606998 0.6327267150387819 0.3979816863463398 0.012018874299465465 0.5883433280426992
11 416 -260 -40 -75 -0.11841091469276604 -0.11674262703072386 -0.1805914507744108 0.08539598206520826 0.4072119996829212 0.5016958139313376 0.9489269416773769
11 447 100 20 -100 0.014493375470417291 0.018002120609535877 0.20390789335614012 0.8674733373521941 0.9629729591866735 0.6721178050423328 0.7297499272446469
16 140 180 -100 100 0.06906136138357333 -0.20546625171634536 0.0348512564035085 0.16479318929872167 0.4521627385027793 0.16951445867454507 0.6143333208600452
10 343 220 200 -25 -0.022083488923342942 0.005556125484107943 -0.2471323454948049 0.792988624957343 0.22652039912916155 0.92827249931348 0.14620502132708846
15 98 200 -120 0 0.023667365965426845 -0.1303762007158173 0.19582685995011284 0.8143595985250691 0.2681582742781887 0.451095786128492 0.8511455677538782
11 405 -20 -140 -50 -0.06903041643892444 -0.20951517386157703 -0.10941206537203135 0.7576909209101629 0.12383483651880267 0.3413275340577967 0.550104897098834
11 133 -80 60 -25 -0.15506847900518678 -0.08015168628642799 -0.1576772227372653 0.5052428459878499 0.9413675175890901 0.5059637357248002 0.20074244079100412
19 363 100 -200 75 -0.023209561239855403 -0.24092769961377075 -0.1999516640991093 0.49347971413456937 0.9370474783743373 0.9935335225172524 0.7773427876988085
19 467 -60 0 -100 0.1672300804383336 -0.21687113119850554 -0.14699580307885002 0.41883343890796076 0.44547773929643153 0.9626190542639581 0.2322216151059665
16 483 360 20 100 -0.14237756371710003 0.1632834178464322 0.030186575508932945 0.5132701539367329 0.09997208564032356 0.7839063105089407 0.18727845269200527
20 429 100 -120 75 0.14875790764646907 -0.05382150634220523 -0.05300638654120532 0.19013916615046877 0.5480756554370692 0.26255860613278714 0.8073713133694059
20 195 320 -160 -100 -0.07484636221808105 0.03859003091559732 0.06183094525764271 0.8532801592700395 0.6764391208438789 0.9692185940154043 0.41292927139127944
14 339 220 140 -25 -0.05192896685253212 0.1722684148941208 -0.045736703488317654 0.8441512208739986 0.6048719058908004 0.17230921372970265 0.9337909279606216
19 127 -520 80 25 0.07441960769547534 0.015258598400994083 -0.09071352052972825 0.5569233789582596 0.4723004211687961 0.756973801590341 0.8179281913826081
20 23 380 -160 25 0.07234226236326158 0.11745865153152357 0.11183626841783051 0.31333937694860237 0.7942928149901525 0.6426072107546 0.6263961775581139
15 319 -500 -200 75 0.007148158172815056 0.009571637363387286 -0.23567560045900826 0.18507734873660298 0.7907138983942607 0.6925853599802339 0.6808570909154389
15 14 -240 200 100 -0.17072728776462015 0.18784897283824065 0.15247750471089594 0.022541875492418928 0.15183199634618472 0.9448992085822262 0.07987311828870214
18 183 -100 180 -25 0.1933229263985196 0.20923791265702335 0.027299131287325973 0.15395225407745572 0.18377395977772248 0.12303775445623366 0.6550151653795078
19 319 -320 -180 -125 0.07566540961417728 -0.18173400543234763 0.12020681164329466 0.6944660616679528 0.6808140400094994 0.4365956607554392 0.7752390288235765
16 330 -340 80 -125 -0.1884480340817638 0.01004389822485513 0.19916380566844255 0.8792095515887608 0.5702479016583099 0.25763353381181775 0.8035194122678206
16 268 420 -40 -50 0.2002985670067266 -0.12097661920073571 -0.042743817453299804 0.6026047568378918 0.4207488271379394 0.07661387013898535 0.04282164689028867
12 260 400 -180 -100 -0.012750154337562769 -0.10648126601342933 0.12363891599427396 0.9416113400042617 0.6638145675295265 0.2200677609618149 0.512774939083643
11 318 -400 -20 -50 -0.1045161197095496 0.015776041126351337 -0.13656775378333164 0.056476354817758034 0.045190647728306055 0.8055431297656903 0.22757937546084084
10 147 420 60 -100 -0.20708808973847875 0.21252077086539561 0.2332965504490977 0.24895306955537988 0.7070954257330381 0.7180284687107111 0.5747559253617004
15 121 -400 120 0 0.14252066308556566 -0.0071413340485350085 -0.1994234922962429 0.01244983882424533 0.8809967099811905 0.7016968921043872 0.34143079166705714
11 495 20 -40 -100 0.07537405682821646 0.21296381072223008 0.0678472003548376 0.04108001762647706 0.5612314139773132 0.2624039372213437 0.1737567557089471
14 151 -540 -20 100 -0.24425536887084492 0.0013689353383657399 -0.21543962814489587 0.9663639986338675 0.7506981582330462 0.8913140327859743 0.14147943126366336
10 436 500 120 -100 -0.1309443731405554 -0.15283880209087242 -0.13934653450708273 0.04703268915165315 0.6963672953223864 0.5781258672646313 0.5396374016233162
11 302 -440 -160 75 -0.15606726472153992 0.08453927012470092 0.013086327325223857 0.7608164716041845 0.927228269830029 0.5546606409982291 0.8486759452210241
16 110 540 100 125 -0.035850958882983675 0.05779791769706516 -0.03340915944434136 0.1477423955157271 0.9050521776440472 0.4700844586201991 0.9691324805748744
12 479 -460 140 100 0.12556419058996987 -0.009980495804611023 -0.0789073817128409 0.5887028357493668 0.4449840356876412 0.2564170184265697 0.7470789015996836
15 375 340 -200 0 -0.17636939784043004 0.14546435176492306 -0.059874099747383114 0.8544222027295498 0.6252759700871444 0.8677029222621881 0.925014108287256
16 323 520 180 75 0.10552422488179197 0.11082811409081483 0.10998055355547981 0.6279727168864389 0.03093989000219266 0.9483362200214193 0.2136314314859793
18 235 -80 160 -125 -0.14823084253705837 0.08170495248993881 -0.04922515530790139 0.4496159412131663 0.03978076033433242 0.2709247194966087 0.7868760405461224
11 109 540 -160 -25 0.07645846475077345 0.06581472001880373 -0.02086051535281641 0.24949564461685048 0.8430698638305655 0.8508728227440927 0.5301322899792105
13 271 280 0 50 -0.21690057518410832 0.12006608460578333 0.03976129875807349 0.06174748652868112 0.4295862651750485 0.08058642035343744 0.550676235449238
20 175 -400 -60 -100 -0.023235898944684807 0.13914910623176235 0.057128085781175786 0.6504792822816283 0.6597549996290073 0.6821577204446214 0.6134233333270174
13 12 -80 40 -125 0.10148936142393872 -0.08144866743920381 -0.1512277089506459 0.12041978141111054 0.7652213318238013 0.919969483519855 0.058776213058249316
15 315 -480 -120 125 0.03566687867196161 -0.019437374060987778 -0.04018154254754974 0.23383699959105775 0.940498806624442 0.702124488533004 0.46118386300630076
17 393 -600 40 -50 -0.06716065168891111 0.14093305444934318 0.1627278938421462 0.7211951121651882 0.01619085883326954 0.3191527034796522 0.6371116125569616
10 381 460 100 125 0.056155276376858465 -0.0014811722918817716 0.21309391372538083 0.31777097896002116 0.5351669481593087 0.09664548426897845 0.5083852373233699
14 484 -340 -200 -75 -0.2394566667112379 -0.12396678907522307 0.15283342197530836 0.6982154275020269 0.045797978551166185 0.8640127145115277 0.2568641795534272
15 117 160 -180 -50 -0.03447503979065719 -0.044069772231508375 0.07799480757024463 0.9871156328757097 0.36182507666428243 0.3934021184215051 0.8281248741011454
10 476 -520 -20 -75 0.029723956511294558 -0.22842662293647137 -0.12570276815314907 0.7542177699586365 0.8537047180160836 0.8251841876083071 0.3087381824518918
18 21 -380 20 -50 -0.07219934895458946 -0.15678337628943229 0.05564219356524075 0.004349421386829588 0.9963342550541683 0.9828734277358544 0.07858873738191252
11 218 440 180 25 0.06044587027061993 0.09466778737860493 -0.08544606755552742 0.6712414878332247 0.0911549698978319 0.0438577408007349 0.7116864498151656
14 206 -120 180 -100 -0.06207846936673056 0.10162489129181956 -0.1700162912738712 0.8160492064422998 0.5411842684951669 0.1909608661552329 0.9264772376535166
13 42 200 -140 75 -0.044135689758002916 -0.12034377086667519 0.13136052809537546 0.4790972195504546 0.06562118682703211 0.8888370550870367 0.4504654059204115
18 219 -20 -120 50 0.0723934490015728 0.22068884278624884 0.013209163281644065 0.18284552830308198 0.7617280179217588 0.3765215432634289 0.7207968522102742
17 348 -380 80 0 -0.05182542211907948 -0.03860940138307384 -0.2178064173683299 0.8676200549348378 0.42077806294291364 0.019230788026351253 0.09309863418394482
20 191 580 -120 0 0.05288002892659205 -0.0009760990484221077 0.17760423584787027 0.6913148498703015 0.6716263773424598 0.29855485696786843 0.1313489609902927
20 202 -600 -120 -75 0.1122266313937712 -0.21714883078174912 0.21934456684740156 0.6716605030672315 0.6692176064587508 0.014168778922477032 0.5262621725590337
10 358 340 80 -100 -0.09631029742135494 -0.006902460263368382 0.08626650272628167 0.8869276287787023 0.8417089176220087 0.9309919623999386 0.6663164921190372
18 17 220 200 125 -0.23284901600601965 0.14716579547697545 0.0349315173955862 0.04203028811395426 0.19676608205165913 0.9632670378069529 0.5705510259376438
13 75 120 200 25 0.16057984369263256 0.08654168893788439 -0.18000825585238767 0.6201045362563927 0.21727556997479536 0.7330371620807993 0.7524086564937087
14 430 540 -40 0 0.14128725988181756 -0.021059175579721534 -0.0783022554203382 0.8277243382047366 0.8599006035414533 0.7259759541100707 0.36117150686515065
18 423 -440 -140 -125 0.216603578717751 0.24989784288454792 -0.24346970116167793 0.29897808011469773 0.3410779092266223 0.3620008524916649 0.04795294087863966
14 202 -400 -100 -50 -0.029673274787266724 -0.09476415270575073 -0.11474118291669849 0.6478433532022668 0.7916264211207463 0.29001544075862706 0.10062189519530729
14 235 -540 60 -75 0.06970256569010985 0.2015528498664384 -0.012912061808790398 0.1218679141059752 0.6196585269847997 0.7784448286696958 0.6329668135637254
16 187 520 -80 0 0.22434624742371184 -0.20955495518317163 -0.23542392341840157 0.6476391482724911 0.20338250120514711 0.6785324793541261 0.6256066132386549
13 116 0 -160 100 0.08191765951819469 0.18842222199296055 -0.03483933742122963 0.4902492437766005 0.32727296974598974 0.3521498657169445 0.33006998716330993
16 417 -160 -80 -100 0.03365237924259096 0.09316134849042701 -0.20105745076463344 0.7560879727470237 0.8218674121137555 0.9574395191775963 0.48006772667636954
20 409 -600 -200 100 0.11809159550743442 -0.13260519531185666 -0.05021639734494071 0.1907910839532555 0.07245197646127766 0.9983656307647165 0.17458477320513488
17 174 340 -80 -50 0.16837827934126598 0.1087848147576429 -0.14614146483872015 0.3543446408425479 0.9177293176762694 0.8810582087860735 0.8896383318177646
17 77 80 -100 -75 -0.04214526393033691 -0.0929087482997516 0.09846790387293858 0.3000414401961198 0.2823833284576015 0.9924192222974518 0.8889103711308073
18 163 140 -140 0 0.21244079649765463 0.1969514545499237 -0.24129441588428907 0.42752533424688244 0.14378259841931829 0.23976084684953802 0.7516086406073827
19 304 200 80 -50 -0.08780594953871668 0.07580045705548266 0.23054508839432386 0.1556901541402299 0.4344369515951798 0.8984880476654561 0.5067331427728481
19 124 -440 -60 0 0.23173291376752486 0.18528434789189796 0.23060582502302907 0.006754354476949831 0.6660292237712191 0.40742952928757337 0.19432899332971865
14 462 360 40 100 0.2098013240859149 -0.23324706876779905 -0.14015275683951312 0.5664746511666093 0.34796321759521653 0.18277213814974447 0.3810839360708157
20 196 -100 0 75 -0.14595070045004005 0.21685914944051776 0.007061947214059783 0.19247476815803743 0.8282418108611596 0.8880345476904378 0.22625984022913093
14 28 -40 -20 50 -0.008257195914526616 0.06374667119121041 -0.10181185212046945 0.4875812482434627 0.5211944829697783 0.025189738821689844 0.04515638132952604
11 35 180 140 50 0.07103014792389456 -0.13498405449983164 0.1842747187464001 0.13549416356135957 0.9450291138142797 0.7388370339799979 0.08302323525885524
17 280 0 200 75 -0.020723502505000213 0.04025927263132162 0.02482456575906261 0.9680742017028158 0.4876549003275217 0.5416341851662693 0.8641704915016309
19 306 300 -200 -25 -0.007058199007081656 0.04611041634898977 -0.20720589445426418 0.5854395734023935 0.20718662603525118 0.7811782333797631 0.5787366629692183
17 368 -380 -100 -25 -0.0025872428744996845 -0.008275871627338394 0.0450930617669944 0.5205125745733677 0.6689529180107658 0.26547238072213053 0.8086265569568468
18 147 -200 -200 125 0.02294688249876231 0.053185166495356984 0.01862208823525041 0.6132172682837435 0.4881327134342337 0.09567331618031838 0.9748780639468202
20 78 240 -20 100 -0.00411600421685443 0.22362696761290474 -0.12391534796698583 0.814043406855506 0.4005301416963467 0.7773321920513189 0.274497689350508
12 285 440 100 75 -0.20072551324841165 0.19346777163036089 -0.10819923978807716 0.3304900261763448 0.5515260893531536 0.5507607308204647 0.31390068102903457
12 128 540 100 25 0.03016612006495384 -0.2190196760469702 -0.17367348779376263 0.1466872930184302 0.19026221661915121 0.10275342608663296 0.9201336057996905
12 262 -540 140 -75 -0.17625585147431932 -0.06526084417121164 0.21964132986556034 0.30738028470643985 0.15651635482159054 0.9138019927187473 0.02407601926613545
18 118 80 -40 -100 0.10826589646915896 -0.12701785851955621 -0.04744695228456741 0.22439072294067575 0.549390452836819 0.7999941913796446 0.6902597081880582
12 151 180 100 50 0.057439795173645225 -0.14557026146917168 0.14995806162269565 0.8649893755047577 0.7658952472581886 0.932365264362492 0.8271568611130579
15 203 480 140 50 0.14217669958300394 -0.03806342651276956 0.21847603632596324 0.21943247431391766 0.8244880624164246 0.6188345386482432 0.9367818438093727
10 264 440 160 -75 -0.17535116498931008 0.028167535411791622 -0.0016449396832331487 0.7278311433474657 0.18010268316670075 0.1874642929360485 0.6091895224243439
19 433 -520 -160 50 -0.08936559695506086 -0.052199509366817165 0.08079282039436159 0.48694756657282057 0.8496545555952573 0.33463124162476676 0.28597244472679995
19 14 -440 -180 100 -0.0005742546307474505 -0.14017564365814278 0.1592612578449204 0.3566526535650375 0.2746733489675023 0.00940285515037076 0.45543472265094
17 335 220 -100 125 -0.18739346708545246 -0.21487361163701124 0.24298958414301747 0.7963428430246792 0.8898971496563085 0.8506204761366253 0.02225754822757675
18 129 -600 -160 -125 -0.008370730074049981 -0.08684378986315539 -0.05749657679951048 0.602062914921575 0.487846099512794 0.6539907788399123 0.9412363684312168
14 68 -560 140 75 -0.22316212243054612 0.04165904274678567 -0.12271553486119502 0.8517083331179205 0.2971201694929454 0.7996350687007475 0.5424446537267685
14 148 360 -40 50 -0.006469597634472024 -0.23270170332886508 0.030781399080914873 0.8390382199464642 0.6024687166450354 0.39155036651739483 0.33518501785040444
11 405 -540 60 0 0.08175626140247172 0.16317113715936626 -0.11446730441210085 0.17679793872384597 0.6611763571248775 0.4741028422798682 0.8594268695140633
14 131 -100 -20 -75 -0.05137434481441011 0.0858862033567202 0.21031662495240533 0.3180237838664487 0.6693622737713226 0.5563300402418732 0.31468556852715546
13 335 480 140 -125 -0.055955563088679494 -0.02109868149735955 0.1507467874631358 0.16559797610881366 0.5986382855320419 0.3377836480703885 0.2628459798541828
18 236 -240 80 -100 0.040114014570823975 -0.03275134638996313 0.022984216045926376 0.4047987022499403 0.20141723798571243 0.9703821872971116 0.07025523069353634
13 26 600 -20 75 -0.11701564229321965 0.21787910507762182 -0.023181611835222493 0.7673888919351189 0.3472316332721461 0.21902083839158537 0.37717388209774005
18 428 220 140 -100 0.15337294858772355 0.018089933639150346 0.07623641907058287 0.09648438149378302 0.875968232023052 0.21309584148617677 0.2906209275117331
11 157 -360 -40 -50 0.1440917497931577 0.1486073762837331 0.1637113515430439 0.9016955559857451 0.8629218630085046 0.3426727206355522 0.6117439790076654
17 343 200 -80 -125 0.1887423965182755 0.15550325487886402 -0.1577363308713512 0.4541149720363704 0.25532061940055517 0.9272155114604552 0.4421324556406475
10 457 80 -80 25 0.1503382493452805 0.13734973005565654 -0.21893546654261048 0.6879399018703617 0.04940910638129137 0.6607452733759587 0.7450968343029825
13 310 400 180 50 -0.06249164604475743 -0.1757455860195542 -0.10654386663140253 0.38524766832630153 0.03957211301711394 0.9527105017716405 0.8736901333423751
19 405 40 200 100 -0.1933036013808806 -0.07829169896848664 -0.12108644805805308 0.21236015376581197 0.6394441177173459 0.4398401471886534 0.38929609348070626
17 52 -560 -40 75 0.06358325103973561 0.028205399151192023 0.09546433984370417 0.9292783357292537 0.3842530472484613 0.9495790354416542 0.7179596167930244
18 51 420 -40 -125 0.11876142923807831 -0.001942456130308523 -0.11435952014695372 0.12956919050375149 0.32486518928467933 0.08276325914405169 0.6789361856629632
20 116 -200 160 75 -0.054956200285745826 0.06194494327635014 -0.2122147843132393 0.33998415694697615 0.3866248569382944 0.5368946803873832 0.20094864668392576
12 403 100 180 100 0.041177716054836 0.10587813360903586 0.09816996293139241 0.7943927781223478 0.15943564182455117 0.40916691714033837 0.6233107188897347
11 403 -40 -40 -75 0.15310000210302555 -0.2249617102283868 0.19043377678012974 0.39525206399495283 0.47175831601171236 0.28122749451910845 0.9787717906081214
14 255 -40 100 -75 -0.24959174448181864 -0.2119842969403914 0.1821605099051305 0.023285034935796034 0.40223021632269307 0.39350478204344363 0.8904571633501567
15 5 -300 60 -75 -0.1210504714000506 0.19716992297867197 -0.05372708540615051 0.19544550672363958 0.7460643006282007 0.5150729507886519 0.31814006283871843
16 208 460 -40 50 0.04148569393693469 -0.11998159345836334 0.10366779186021507 0.15464484309226867 0.9509616002003648 0.5391261952614722 0.44730021528183195
19 22 400 120 0 0.17753230854207858 0.18585839861346892 -0.15119685846852926 0.9576174872725922 0.14654587116135565 0.7281195429421075 0.17906761518456638
14 161 -380 -180 -125 0.1779670775255292 0.18200142164238992 0.21095563802207173 0.26322410057834555 0.07407911451142857 0.47906442584032627 0.4453020958321109
14 155 200 -120 50 -0.2402298694978131 0.18003819838613316 -0.077941009425257 0.6361814526636311 0.025448740487389876 0.6931816541490889 0.376292972446053
13 79 -180 -80 -50 0.08008528286771144 -0.23566337155276118 -0.0047098929379735255 0.9917843216371715 0.12175400605286246 0.6060407688509116 0.025858323480994927
19 89 160 0 -25 0.07227109735037779 0.07299146479280205 0.1336641212107305 0.27638699500999075 0.17766295562632917 0.8195148550988959 0.3515083991255531
18 275 240 -40 25 -0.15669361050532143 -0.08983991438707245 -0.17433137529149684 0.7161732270935908 0.7879499047017527 0.11257802989355603 0.9131798950329397
12 447 -120 -140 125 -0.09638918065149116 0.22238396219661183 -0.23996782715983078 0.5313813185274788 0.9350984836209338 0.10514850182516877 0.37989763429531687
15 10 -180 -160 -75 0.22548748951822983 0.18360225266834018 -0.006919673272443028 0.22333325750551747 0.8470460598759434 0.03945962365813627 0.463763092178726
13 267 -120 100 -125 0.11008983265649114 0.12518540365258707 -0.11138020688629047 0.9717859268002301 0.9743214505295404 0.5875718911294411 0.6776010460662303
12 439 380 60 -50 -0.14323452873579984 -0.07533966625447885 0.2485831890395223 0.0567133726299216 0.8337073830939711 0.44317907679448665 0.1812867499857217
17 17 -200 -160 75 -0.08787595845881385 0.16529293154253633 0.11120868439685233 0.4932874131429045 0.15109295698700242 0.06866348241534936 0.9364505757738509
19 385 -480 -60 -100 -0.09724266623560196 -0.07180647469075968 0.07474953441417159 0.00468662869248615 0.24143183554265546 0.8248087887372934 0.009338922832680008
16 178 160 200 -125 0.2409978750945203 -0.05311526659100935 -0.1063174618267475 0.8061539914902212 0.16180970400330008 0.8171139104188959 0.046368950093045314
17 246 -580 60 75 -0.05783319042097307 0.15977905430261435 0.06831886933008124 0.1924459544701399 0.47098101863998865 0.05558973154724123 0.7507509515121337
13 278 -320 100 -75 -0.2286254020851869 0.11266458772230487 0.02081190434844543 0.33155134637588446 0.9302697589272315 0.3014405132105541 0.04753634273406793
16 187 -440 -180 75 0.10089463421295142 0.08056740981366367 -0.019475824788147356 0.7966123496722924 0.23790495929745692 0.26066617980659657 0.5730531977891462
14 449 -480 120 0 0.07141959350890426 -0.07080100624241098 -0.1850030320245053 0.37844963428536704 0.031597259691769186 0.463559173664022 0.7086828952968732
13 236 420 40 0 -0.04140805082492127 0.14231806431893607 -0.14472759676250113 0.7755910791198507 0.29252709667312726 0.3007735418404266 0.4793087804141457
12 259 -580 -180 100 0.23937146839276396 -0.12286226563826408 -0.21546879823265708 0.8955669414815287 0.3041434349696134 0.029114228750848237 0.5352411261464196
19 268 -360 -160 50 -0.21558108171884666 0.15575435560549444 -0.17283619279980383 0.5800349157229338 0.3839760096667585 0.24822921853194957 0.4078896848073327
16 142 520 -140 -75 -0.23477606063696743 0.0469382052015303 0.16569622352705782 0.223600612065032 0.6163888016146742 0.17663151780096165 0.2767606273183154
14 436 -380 -60 75 0.17776928040136025 0.04520888556523661 0.04994932508031297 0.9045207019834328 0.9025158495516938 0.8414745061309729 0.5334232970392431
15 491 220 -100 25 0.13050708387439763 0.17186950414935648 0.046322737269623215 0.8093372418424359 0.12437311167057319 0.8682977768269932 0.23779069502071093
10 457 460 -180 50 0.21303474092572283 0.02729264097188122 0.03156593207736569 0.17964085719005607 0.3681312860067365 0.022180445884350086 0.5913462756913966
13 307 -200 140 -75 0.0038434854462799373 -0.18514239952917233 -0.11531935235223312 0.7349415282363793 0.9620536306802951 0.8502256901534615 0.3154505382448156
14 299 80 -100 50 0.07166992290406249 0.08592030360499325 -0.21368910891554 0.46910815075631584 0.6653665233858964 0.4656177995959412 0.2671770449614579
15 210 -100 -120 -125 -0.21503699895277129 0.08422103917689777 -0.17508077852143455 0.125398165258095 0.355885777920799 0.22226929547979934 0.14757602584710305
13 95 320 20 -75 -0.2043214404377744 -0.1641839591123893 0.24913368582881223 0.9864397417081723 0.8379697922499926 0.7331324922058156 0.5401304545216304
20 105 400 -20 -75 0.056187731098719496 -0.09828055335805574 0.08895817910547982 0.6761908815074744 0.6395735336034308 0.7079582485752652 0.8026948517203022
13 185 40 -120 100 0.02250545156238065 0.1545172323889371 0.17214025702429042 0.24422873483818008 0.7661466087151845 0.09467807521498506 0.05414987497451551
13 369 -500 40 -75 0.24995291761197103 -0.22489345467347177 -0.014638787512412044 0.0766994543051579 0.6517315312693985 0.09053411423028046 0.07116500047657393
12 156 -180 180 -125 0.19899214440471336 -0.0018019515764127747 0.0018239341289427724 0.5927709373893688 0.4081880085891435 0.6151673639462641 1.8076888118834233e-05
17 290 -80 40 125 0.13687230580747523 0.1552523532322978 0.1896360223251376 0.16557453911260733 0.7812471520405971 0.29191303280541614 0.7374147284292255
14 393 -420 120 50 -0.04946738026401509 0.23073479926671775 0.012069473345571125 0.14357765967680347 0.4171355558007991 0.9612977288967707 0.7994628885343458
11 260 460 60 -50 0.20928384003864337 -0.04944511440544164 0.22651778837172748 0.01696844431411959 0.4348388008550935 0.7193413100438797 0.7212168308240552
