0.5 250
10 373 -140 200 -50 0.14114609792552996 -0.16504285753542375 0.06552725882911714 0.35209722555605605 0.813907678937738 0.6643359889044573 0.4665393156159098
18 239 -500 60 -100 -0.01040051607914122 0.06992551832776417 -0.10422509460387763 0.3591292290118481 0.19266237791544416 0.9116472247625234 0.39802279667400586
13 46 -40 140 100 0.14392609211409313 -0.013847516848113084 -0.23783420365992225 0.7379612979385559 0.9458552404847552 0.017448008388002534 0.05324438753941174
17 74 260 100 -25 -0.10469201529867073 -0.14869681607483165 0.20161393026025137 0.9239198378191995 0.13408716502426887 0.5545770672114406 0.20111933532183857
11 71 -340 -140 -125 -0.060889809761760894 0.04423249181247574 0.15624920337671433 0.907332758865934 0.7428238223052432 0.10569480799021913 0.7381794314677926
15 283 480 -120 -25 -0.08512445053306755 -0.15938556574782076 0.14825779893340202 0.4394600998312954 0.9649712989490569 0.9509043679008734 0.13664747368787455
16 96 340 0 0 0.16044686603996106 0.08283507165814669 -0.23579459338977898 0.7706517442180686 0.5685731630835491 0.8292195338062568 0.04374500975491902
19 474 340 -160 -75 -0.1333188344941727 0.11313999426394566 0.21400688399953877 0.14701805545647806 0.20880636564803978 0.8090403999787926 0.3383151618462531
11 484 -40 -200 -75 -0.07551532262958338 0.027179875248024232 -0.22727861709102654 0.7783677355085593 0.9708161196590543 0.9351673977639703 0.6705323958626589
11 394 320 -140 -75 -0.10804186039689762 0.027801681614940288 -0.18650699985496588 0.014145059774394508 0.8126125258981289 0.5533179886994277 0.13245434745275197
19 68 -160 -160 25 0.17611113468963535 0.11713134812515102 -0.09462104435834129 0.7023037817918798 0.7576622093864145 0.21889092285821687 0.923850354735609
17 326 340 -60 125 0.10331101969324707 0.0736075659365858 0.24358999046773178 0.33408536110129083 0.18209279697851855 0.08943268391762182 0.8335025807874337
12 408 -140 -140 0 0.24550300806442438 -0.0711822890992379 0.0985535004305712 0.224629854097796 0.7982532076576743 0.3004290906303183 0.902646528743977
13 118 -300 -20 50 0.09464090518548418 -0.013733168681401675 0.16569227644584478 0.7381892226156285 0.6753589537025109 0.35042704701927774 0.6661761457332255
20 451 140 120 -100 0.0013363845819994724 0.19817855246860455 -0.15784271655663484 0.3778138517321388 0.6513719519161798 0.006376215797995077 0.46327097138017215
18 112 0 20 0 -0.07250274973339954 -0.10437517292910137 0.0773978757973352 0.3611967872154159 0.872093853004126 0.26244050141507547 0.48482647079082253
14 460 80 180 -125 -0.11516945536637246 0.08681149888443918 0.05657320145120459 0.462888644472757 0.9882248649896295 0.07727655352656604 0.5157792365399989
16 37 500 120 50 -0.12094095601837784 -0.06117812550350321 -0.10161174808208473 0.5758976308206222 0.7808164057110822 0.3635888824079857 0.8593616534396507
18 241 380 20 100 0.00024242070504504332 0.24380793663032208 -0.0717466322870623 0.18499090470395096 0.1109288377648392 0.5285698918655645 0.7696688101765099
15 348 -560 100 125 -0.18155456276265103 0.021642356065130153 0.06943020569000513 0.40079097461752666 0.31684588588469553 0.8075182664803906 0.08866884320467339
16 211 600 200 25 0.11200299761281007 0.2288662466906552 0.09610395108500452 0.02309705634677861 0.8239989922192419 0.5485850973012167 0.1525091577907881
18 379 -240 0 75 -0.10183354252216936 0.05166505056633652 0.16680434110403203 0.5292119523873388 0.3104057478506942 0.702830609981968 0.44557127255257567
19 22 -140 40 -125 -0.11960157283384115 -0.033288109784915865 0.17791378249871687 0.22517508228623195 0.2049701411620578 0.4346505130857581 0.7687018674138992
10 225 -280 -160 100 0.1741848330370196 0.09023051686396694 -0.2287319950263037 0.7933106660118358 0.47718653545038403 0.5319110662665423 0.49611008791596123
16 438 -560 0 -25 -0.16193368228731414 -0.10902999600123364 -0.19306614258960797 0.31969655624428805 0.23449387769149443 0.2168536278519193 0.21857904170721743
20 342 -280 -140 50 0.1998722920544186 -0.0008895707570482636 0.15899251451057417 0.22798755305841845 0.34955703158240525 0.936666058977448 0.783839679073936
17 366 200 20 125 0.14425332476632646 0.031564989935242316 0.011533522982979827 0.39860393800986615 0.19012436916332742 0.7684280507613755 0.2915982825336907
11 14 460 -60 100 0.06166667057394393 0.17161167833497776 -0.13579969601629965 0.20819229860470734 0.9985005554307458 0.7498572554672832 0.06205408167560711
15 431 440 -180 75 -0.09753852366631738 -0.011088162823985559 0.04500437977133037 0.7185556065747406 0.47867163563788995 0.17293316699011008 0.5031054152677242
16 66 -20 -20 0 0.18608958143938747 -0.0173881246005842 -0.06217180846646081 0.9015191049477929 0.7637832062344305 0.7403658616546623 0.1906273906227336
12 148 -180 -80 25 -0.17291628088616867 -0.2251562863905009 -0.07157008818060057 0.8767024064448572 0.056663859444498144 0.039049554702976996 0.16992659141358313
13 499 540 0 25 0.17234428974645355 -0.09368254199193499 0.10812272958351499 0.5414341725349588 0.5066522636125073 0.3624075408643044 0.24179763620065986
17 380 -200 -180 50 0.24408060497885725 0.23299764788035204 -0.08645517401757608 0.9283794914754132 0.7692248606228945 0.09726786165859025 0.26353087846324597
10 149 -80 40 125 -0.2378268943164712 0.24714035849312438 -0.1370330239475968 0.2746341870530724 0.9913696086659315 0.7876839691790283 0.9841847020298272
14 348 180 -120 -75 -0.08558900018622723 -0.01386488079884729 0.208006420194637 0.3338773718019151 0.6590801511040267 0.3483491703510956 0.22805158308956408
11 217 -440 140 -75 -0.1412088263650898 0.18403446680343732 0.055985234678225415 0.4095319046938305 0.5427211314992424 0.14987172639929236 0.3918014212375329
20 277 -480 -100 -100 -0.20131528296909273 -0.11703936922064684 0.07207523200430316 0.8390893220627839 0.5633840642232882 0.3777087955337205 0.6357454359747805
14 163 0 40 -125 -0.23158545271040193 -0.00016709010134752234 0.1541403301464942 0.4786347579799133 0.26612786726037796 0.9129248910467943 0.8845477857773322
12 229 480 -20 125 0.0045708171146846 0.22972677469290292 0.2382606346267862 0.6034666613345785 0.6010874135982323 0.19940162669215855 0.5846191188699174
18 443 -540 -40 0 0.1817245261515667 0.17382438103360415 -0.011669751063652534 0.7286726381989156 0.47292410021150777 0.7081541875806918 0.5531917148946806
18 408 20 -80 -75 0.12380081518527569 -0.2263583162819779 0.1763100112852018 0.9338458064268296 0.5550751844394749 0.19840759918076245 0.3514638501469156
18 358 -140 -120 25 -0.23118829490848303 -0.24475244550571085 0.023722519912013962 0.397115444381707 0.5800444037582057 0.027971147478332736 0.3884529827157783
15 303 60 0 -25 -0.19621036098445255 -0.20274734727672516 -0.1984102346419046 0.24167868881024657 0.20457833109386814 0.4469598394372355 0.36700338569517654
16 415 140 -100 0 0.14373397316762548 -0.22510415003657358 -0.18433664567741553 0.3714611646891808 0.08948245119862974 0.31770008517773296 0.7997655023795702
19 472 -500 -20 25 0.06085520668403477 -0.24077276409859566 -0.051466073630438924 0.8290829796355427 0.05671855496856182 0.8314305395572823 0.6638912664296664
14 496 -580 -80 -25 0.08615287926789811 0.0867604696478293 -0.13617829234237988 0.4207848200950469 0.9685942004208254 0.6929874984365324 0.14176924363932275
13 253 0 180 25 0.1653959775684029 0.09301840891967084 -0.1670454689653612 0.1672214877637953 0.9394383097083935 0.49331896470307 0.29590579624807367
11 487 560 -20 -100 -0.2259015708626096 -0.07450344455693175 0.08897150152644212 0.8717297951709111 0.3896972987765691 0.7175741634708135 0.412237812047904
15 52 -140 0 -50 0.05730206484721062 -0.1231532982472553 -0.19368761330543532 0.5844673180650001 0.8228754986591293 0.5077510895976314 0.7321363603824385
17 331 -160 60 -100 0.07788095532886263 0.15736967001752533 -0.036326074408299214 0.4192188869816822 0.39496833488842686 0.29384619207159435 0.44253734525991184
15 248 -180 100 100 -0.010520776208330085 0.2330683122087278 0.06486046365887649 0.2330593689464221 0.3028731333268002 0.4716462017918397 0.23409241808102232
19 121 -440 80 -75 -0.10494026415002605 -0.07906899127905265 0.10531608023273253 0.27903763202952714 0.8663724205721043 0.5573081605358371 0.08862342073409113
15 330 -580 -200 0 -0.20796251724659015 0.19272870893844735 -0.04772274309168956 0.6548402758110708 0.4277801198808904 0.7698958636326606 0.5931232310025489
16 270 520 100 50 0.1401875530219459 0.05687394016141606 0.16323131682092917 0.8173056549333315 0.3007800965889361 0.7748798642817729 0.008895115167622869
20 96 260 -80 -100 -0.06002852803266723 -0.01931809190980216 0.11735138480108898 0.9360633801636853 0.6511557317660629 0.164769562694976 0.5837906119771369
18 168 80 -120 100 -0.18805638520394863 0.20288605805544552 0.19862385790108328 0.35632415144468255 0.030085032314759563 0.4908193197399675 0.46238297830710895
15 141 -520 160 -25 0.1315625310025511 -0.14646197966786312 -0.07288180434983438 0.015170833008237294 0.7089841850725659 0.8788426702583135 0.2737754629522646
18 146 20 -140 0 -0.02892457396044995 0.1878899968749514 -0.2130590613753821 0.8885377145643437 0.6687967621125515 0.6137035036401745 0.15196234136062026
20 369 500 0 75 0.12451243421674446 0.23917833942885197 -0.19160633105021357 0.9769691179832263 0.009461279108782805 0.4478616636868964 0.9721932190993132
17 160 60 160 -100 0.18751345495698524 0.17744521501311483 -0.07834168430244515 0.8698320837241291 0.12376810119877213 0.029093685633090782 0.1714398219717902
17 319 -140 20 125 0.07861037340132776 0.21622530978815058 0.08035013275635583 0.8310382600384778 0.02783143363657048 0.7820449442613692 0.4888891057544229
14 445 540 -160 100 -0.02840248363816833 0.17064302434927353 0.1850624443404536 0.5639681974641126 0.5289488551743945 0.49488562984775963 0.8119436693662097
12 298 360 60 -50 0.23165585035873337 0.2104274359203369 0.00824692835149593 0.7369727493518748 0.3476256640815859 0.9175075808715786 0.8275499727435239
12 482 540 20 -50 0.06033131711716244 -0.10016458672717315 -0.23519275424630914 0.4725119592254514 0.7830875343087077 0.08047601928166637 0.6845132394416814
13 35 -80 -120 100 0.24087112787146986 -0.012668119399718791 0.014041435477293751 0.8934067394977949 0.6436109587041344 0.5759639496258568 0.2918264056348391
19 474 -160 -160 100 -0.010658154012483656 0.065241536086528 -0.2314692664708607 0.6720748709127617 0.7883202708856094 0.5185627981045471 0.837995438431599
10 470 200 -200 -75 0.02008529765812128 0.21566874329056662 -0.23780770299724752 0.7400574842914435 0.6726835731485438 0.8633916512688637 0.7073295650821
10 68 -260 20 25 -0.1264362955409627 -0.025262039564361793 -0.22873671081138253 0.8552167337361082 0.22099799942018505 0.26292083723673865 0.9505534790376171
12 384 420 -160 125 0.177608011413864 -0.12981118994819313 0.0050448612411573834 0.9377398951369242 0.24530735013049543 0.05969009848288631 0.0032592812896491408
11 399 400 -80 -50 0.05796769418763531 0.02671471464716263 -0.15748020332991036 0.9693397269734947 0.8272323898033058 0.432769364093349 0.3480707213275317
13 482 60 20 -75 0.21090216980519405 0.007355435058128357 -0.1886880345986487 0.7805551194414416 0.19424860275223066 0.9607352334925533 0.7092575841149078
11 234 60 -100 -50 0.005426294320649894 0.1828449506448085 -0.036930123820308636 0.08429931907865684 0.20888426745950395 0.5046779861886825 0.24234905982463695
15 475 120 -60 -100 -0.06382660235905047 0.1921685701883708 -0.24594130799610486 0.9064114647438667 0.25549891557664706 0.25181908467214453 0.5565535831180551
20 481 320 -80 -50 0.08757861389911697 0.05429206516636248 -0.12468104864335405 0.4071168480628503 0.8448312580198524 0.8352970649132921 0.3861147046001704
10 404 420 -40 100 -0.007572736482838183 -0.22748843452415607 -0.1394014515203662 0.8107910579791082 0.6156370372789352 0.38284406107795477 0.3789853481633416
20 390 -260 -40 -50 0.08223405906104098 0.1649258882709232 -0.14290637511617182 0.11188075185077351 0.6963250570015054 0.16870219127771036 0.4630792964962095
11 399 560 -140 -125 -0.18484176968121774 -0.028255263667629704 -0.1157952614707975 0.4053452806804424 0.4647173297203723 0.21495332723426708 0.21941976483098535
14 233 320 -200 75 0.20724493532066096 -0.22679211317346354 -0.23563041143196395 0.45007844053698953 0.3909010590101306 0.7312201716597873 0.45752677092831284
19 148 60 -60 -100 0.14513577232582303 0.04341984432987045 0.20997770525522175 0.09770905961232612 0.8086671242653491 0.9930750513044369 0.4491593902228461
20 73 -220 -200 25 0.0037715622923674696 0.21105197260120834 0.00720856933528119 0.35007503976531484 0.3218440823824327 0.11058246701525898 0.3419333985904741
19 176 -340 -140 -25 -0.00824243271267322 0.1806337308859018 -0.1430430519317218 0.5977830365029999 0.5916202733695458 0.39877473925395757 0.4124373081998459
15 233 180 60 75 -0.11395799291735964 0.0883743111639041 -0.2361280730702498 0.957947132778737 0.11126335330597836 0.4877828521694292 0.20347785120906636
10 497 -260 -180 75 -0.0358984124707209 0.09890530320837171 0.14906038532183213 0.7008784696317574 0.16914151881433237 0.38539647840561186 0.9878714677477162
20 412 500 -160 0 0.20413542024887799 0.24075763952293 -0.04452950760126334 0.6981557876083122 0.3695147961001506 0.3537054813711209 0.8266973831372748
11 376 320 60 -100 0.000974332053381266 -0.012721028200421813 -0.15366218514774033 0.7196717198906295 0.014167878869639106 0.6260957446625168 0.048894943386946776
15 378 40 0 25 -0.17226957201257942 0.07766448135893883 -0.07270411366064428 0.7507404256949405 0.6385168468627251 0.9895202196286063 0.7321770027159721
20 261 240 -200 75 0.11478706558282165 0.14192914016061697 -0.1533887930860457 0.5657441351775289 0.9749057415859015 0.010744076473893416 0.47080315281199103
10 8 280 -120 75 0.025031278260682244 0.10479045777089602 0.019890625147780616 0.8872973893784722 0.6239149343735829 0.26650723497314044 0.5750350812464816
15 77 -440 140 -100 0.24764131774829973 -0.053338112080728306 0.006384016007442095 0.8146676065049295 0.5577648241949799 0.5625754563148333 0.28546385799840635
13 16 -480 -100 0 -0.20298494881991258 -0.19136287195487267 0.15013781259276177 0.032003986294186215 0.4886362690295919 0.5030665315917718 0.32127086937874305
17 406 -100 120 -75 -0.14479668194112966 0.058899842747703435 -0.18190000409138435 0.3424756334990767 0.8634599427633685 0.1386205446808999 0.5002048449549669
12 185 -320 60 -100 -0.03649849691464857 -0.1384671471220077 -0.14656524495046758 0.5368734948223844 0.6690600503113284 0.058343086120024146 0.46612525580676156
15 112 -240 120 50 0.2165049329901259 0.09671173302526898 0.21469006756107817 0.637610163563614 0.18606685248888222 0.5887816021258605 0.24221556020189328
17 24 200 -200 -25 0.06470463937095239 -0.06032036342346642 0.08933656681108315 0.6500901493523886 0.4849005129145847 0.44787166212542495 0.5211955704449943
19 205 20 120 -125 -0.2196293637302959 -0.16664766096531614 0.2052392910083805 0.838065363575823 0.04279148601312255 0.6891168818975945 0.9005783306476496
14 140 -260 0 -75 0.13849933543402387 -0.01747257197389973 -0.1318482198698987 0.710616082775107 0.888671912458393 0.2179490231078257 0.24383052481449252
13 360 160 200 0 -0.13761772155832713 -0.2171141166673044 -0.1498845476660512 0.7803449567533012 0.5595987622796678 0.9516441539457522 0.6184803796632309
10 495 -80 100 -100 -0.17257128545784545 0.20171988130674362 -0.07124108132691104 0.849362479092922 0.24771081712770204 0.1810282799464049 0.22484473368731006
18 433 -580 80 0 -0.24208045410043655 0.24938256665113911 0.024331153309287368 0.8817650472328346 0.3726995439598647 0.9282110923796129 0.03834366967838965
16 7 460 100 -125 0.17415085033736927 0.07370824180513963 -0.08852827171694305 0.9166784271421503 0.41698855223866427 0.2715152232253977 0.025747232438529166
15 187 320 100 -125 -0.2223496558218252 -0.1450192994629413 0.11505845181718877 0.38755882616636506 0.839479262688547 0.2687036767103339 0.8203038830148692
16 195 200 -40 -75 0.014448487270859178 -0.1749958804163651 -0.11714200936122537 0.7755392841607663 0.08016134154906729 0.4479190296497635 0.6393683253877959
16 260 0 80 -125 0.0689871301937317 0.18360293738368655 0.24833851530586804 0.9571615994712334 0.15525862986238925 0.9613206800283162 0.6301134143036631
11 234 540 -160 -100 0.03614135234305471 -0.032767864834504 0.06343144560207498 0.3171988493233009 0.9205336365382817 0.07791693635887298 0.6230390334959365
10 265 -240 -160 0 -0.2400819598501347 0.029792467761258712 0.0910844116436128 0.832150637156238 0.9920677372877695 0.7504685737898666 0.10690726484463464
14 112 440 -180 125 0.06211457522293712 0.030684114214034663 0.03081283621712061 0.7194379489059797 0.9395123823566534 0.4061394604443782 0.0830849824156975
20 14 -440 80 75 0.19133709401110754 0.05560452275206379 0.24877929313439828 0.8172080377435099 0.23827827278132818 0.19502513738644534 0.20453681801999413
16 33 -580 80 100 -0.008482442616117691 -0.01672957832291544 -0.1189732259062144 0.10936285095948095 0.9605801575777524 0.9993250231406454 0.33574345961608476
15 336 220 0 -25 -0.199345383303427 0.17253989439759365 0.0903170554207024 0.2538113579647764 0.979183783462955 0.45838724856275437 0.4685068449028357
15 451 -100 0 50 0.045863137486854055 -0.20019825185174578 -0.24723525600861956 0.9017795931869425 0.19703666298338185 0.7577928335161461 0.9811491675266224
11 80 -20 160 0 0.05373268456535063 -0.15878486653676765 -0.23370415132363015 0.06072313156456599 0.8876877403163189 0.9971083902746676 0.6549864755461482
13 78 100 60 50 -0.1419370326043624 -0.0426926826256685 0.13242099395333368 0.7881841610850353 0.37277583023638095 0.5692880520853858 0.5073657748365836
12 446 -280 -120 -125 0.06670253980810015 0.03291288667427622 0.13855402285335267 0.724346382491159 0.19593596413367942 0.7475164954747165 0.3992670009249747
11 193 -20 -80 25 -0.18841182000884849 -0.09885688108340873 -0.14763058604600754 0.5600927850882332 0.7866763220487167 0.6226817230467806 0.7663939924883519
11 199 -20 140 -25 -0.15012644243817197 -0.23432363959497193 0.12955724555167603 0.11392146635029499 0.9520018107655998 0.5227040665480203 0.14173928613471543
10 105 -240 -180 25 0.22417991080370192 -0.09119389160222735 0.23184187674735274 0.48552542785152264 0.8318010291260861 0.013622399725005785 0.17300416908103322
17 191 400 0 25 0.13180281522762055 0.23261665615731186 0.16598571200079237 0.09044787010451505 0.7459323037262346 0.3620841321276195 0.46960917142226877
16 386 -220 200 -100 -0.15835775456898638 -0.09890935041528093 0.033188276903334146 0.978263835607921 0.6478616641727264 0.2623139815368165 0.8499977982193856
17 402 460 -60 75 0.1542882621115499 0.01524573868344653 -0.22188781695230148 0.3635721890237513 0.5418928494758841 0.1863290234090208 0.5647969028840737
12 385 -460 -20 -100 0.20351406101898956 -0.04073191375197327 -0.22671980594853747 0.5589101333054852 0.02653711649497037 0.17885770497322528 0.44004254558986666
14 450 -360 -60 100 -0.23300119905562655 -0.13289840103442108 0.15053173653861124 0.6528840845995227 0.8524548888523087 0.5478019511879738 0.927528461854615
20 177 340 200 -25 0.21699161161281194 -0.12696360998425105 -0.03926509127247191 0.8708881143741865 0.2938477536589552 0.3027881380067804 0.7061998935757412
13 307 -600 -200 -75 -0.10645137804737248 -0.21146752043257827 -0.003953805853195935 0.3196511321814144 0.870801650976114 0.017916110126290352 0.8515437050038374
11 272 240 120 50 0.014920237504317313 -0.08569968930364108 -0.012334336594920448 0.9714514178732239 0.7609646597891416 0.29791920623920043 0.0944659447917322
19 482 280 -40 -75 -0.15983106394926488 -0.16559811195104246 -0.19665701741438912 0.7904186452005556 0.4441123041439148 0.6255921970900834 0.33413892089563224
20 223 400 40 50 0.15403509534269838 -0.24327455718338648 0.0038657441495679734 0.20083587393366886 0.2937871986420585 0.09715807455194114 0.7408955617107182
17 266 420 120 -75 0.06848587494476133 0.14561532626152057 0.08798904628170284 0.361832394969535 0.017675948770182526 0.5941898861686681 0.07999645969736591
20 479 200 200 125 0.024506281336484748 0.14492779688465807 -0.18038872512684195 0.21649549678746194 0.533774821853229 0.4984664337323189 0.9032072981585487
17 17 -220 40 125 -0.19147547451941788 0.234285265834365 -0.06829118916260718 0.8290929569104275 0.4212939626030313 0.4549999171952134 0.8856137212272636
13 90 360 -40 -100 -0.16427164898263436 -0.2355203097873036 0.08171592024932056 0.36433359171011426 0.189930571236116 0.9361986246254662 0.40707519497930533
10 28 0 180 125 -0.1481669234412349 0.23461078842937821 0.16042017986676405 0.4355156788509055 0.6720219713845804 0.4119596107521073 0.14533032925268685
14 368 -100 80 25 0.09170267171859292 0.04806368403718875 -0.09483634623327891 0.07962141375380694 0.6906764877077635 0.26729550453244055 0.5544096059998384
18 19 220 -100 100 -0.1972360542761853 0.12236317078919046 0.23471564721715604 0.6260322913776935 0.6907728179240091 0.5499131685111356 0.9598398001540777
15 373 -80 -200 100 -0.032900531362208996 0.24173417958174326 0.16026642783370876 0.18828126155787206 0.8269430267356557 0.9478897495097865 0.723442146861582
15 54 -520 0 125 -0.020279380148504222 0.08233079139443578 -0.024505581873980498 0.9294607589966687 0.4646316579819325 0.5022251570860565 0.707931739487091
12 313 -140 -140 100 0.0972881479809915 0.062463001406109 0.1767250580871798 0.9330230086954541 0.10232704381498625 0.7874320998100202 0.32636306279859095
15 174 40 -40 125 0.017878154229375498 0.2354826690100637 -0.24044801821279183 0.06975705791387032 0.6848366664578778 0.6564521849199074 0.5642508093252853
13 498 120 140 0 -0.14783706053699996 0.10431765698077394 -0.24306337941015188 0.36656977355981724 0.4506094698062002 0.40548478694030066 0.9931555039988119
19 258 0 -120 125 -0.12195169676930956 0.13494131600290843 -0.0585139106372774 0.7141093548551154 0.5612531324437103 0.726688644403866 0.9801592706204029
10 187 -320 100 25 -0.19778508969398018 0.033950935149239025 -0.21671082596326013 0.7076284343957401 0.19900080950130183 0.3314970992744627 0.763540289117059
14 18 -520 140 125 -0.14282772955949913 0.06844755755355542 0.2478221251857176 0.724853379065142 0.9405360497938119 0.5267266411852037 0.0980336129006707
14 338 360 140 75 0.1977090815146355 0.14105801742819157 0.13487469606413482 0.9300775426738281 0.16503034985006015 0.24419136809479824 0.48492736137631565
15 279 100 -20 50 0.04194347156955969 0.14390447089000946 -0.22467812305551604 0.7891113642662484 0.06256642643276888 0.4798419291606836 0.36917535249249267
11 483 420 -60 25 -0.16017382898415455 0.2133088524063802 -0.14857683699519042 0.299950186142552 0.24786197253836428 0.08314050909772486 0.01615487191121534
14 6 -20 80 -75 -0.1927607722988507 -0.1114921808379079 -0.029526928588370582 0.7621166801960346 0.6432135045169713 0.7162844245395935 0.5676525646157021
12 303 140 -180 100 0.213505506326433 -0.1891706169106966 0.16632795896362423 0.4347793358794301 0.3138743000695796 0.353715856074859 0.7594031206291683
18 284 380 -20 -25 -0.0641213083694856 0.20350252671013097 0.08066597697659245 0.46580007494047193 0.9729189002103129 0.38509343723978584 0.008414908713403446
17 270 -240 60 -125 0.23558093218791698 0.18226609140154232 -0.13851498760552156 0.30776991754665795 0.42264067571663855 0.614680779942913 0.7089840874759473
14 25 520 -60 -125 0.1732075253416614 0.1994425061631141 0.17933311286827813 0.7135218289472259 0.899221955399344 0.11307881313382173 0.9499683084997832
19 240 -280 -100 -75 -0.23561619559430758 0.019615241234841818 -0.027161551385541494 0.1353870794753177 0.8546593585575046 0.8429930996825195 0.3554174017975642
18 391 -380 -40 -25 0.1804736956238291 0.09303923331539043 0.15981479396242437 0.43513095050563244 0.11353595367189184 0.3606951332042987 0.9103973108750961
11 495 -120 160 25 -0.07660463256321587 0.18830420499008854 -0.04296000111592457 0.5348751751597359 0.7039019124790693 0.17191093259738321 0.6202627646056973
13 278 180 200 50 0.12550938160085268 0.01119716308621932 -0.14576544758948357 0.12409621719752528 0.35292677644136883 0.7987788767675723 0.8551112815447091
10 418 -100 200 -125 -0.22356250033054775 0.11972208650580463 -0.20615695497204017 0.09338737043145562 0.8482880787856223 0.5601114009084187 0.5326679112744851
18 200 -200 -20 -50 -0.11039848712073419 -0.16830136501513937 -0.06273467478213324 0.8430296486917843 0.3352916003626172 0.7759711842913278 0.8494236877120525
13 262 -480 180 0 0.19412823080214292 -0.23774887780707998 0.0852938986549358 0.3972181799515935 0.3096198190266831 0.5022665915671696 0.7781523597677588
11 423 540 120 75 0.14420592208298094 0.11223973286721245 -0.21861622609642561 0.7544019120013058 0.5399202776497064 0.5502480328850361 0.28683069394063
17 420 400 -60 0 -0.018992245163844235 0.24310532113619787 -0.24492969511566454 0.1567137978365145 0.34948400332291374 0.3709084765819224 0.5120110020634391
11 52 -500 -80 -75 -0.22751732167118843 -0.23518324197855234 -0.17991427072859867 0.5199106372525834 0.27760848108752634 0.8856034728524644 0.7580375881557321
10 424 -260 180 -75 0.03174495464930055 0.06914175565575259 0.17567767309766752 0.29890369141172124 0.35290804367764916 0.11418777867802465 0.20622367293872845
13 23 440 20 100 0.20048428598139678 0.07328265383382077 0.06883020126106942 0.27809711421450556 0.055274547562750076 0.04113727914764431 0.3519232855193498
18 25 560 -100 50 0.1421384124187901 -0.06494600698854996 0.1632442697702764 0.4094077669203491 0.6852344672277352 0.27406820873598414 0.7325386501506059
19 59 -460 -100 50 -0.18622112740821511 -0.06956698884244594 0.0912269377546216 0.10783690682030056 0.17776080750121348 0.8597702460300741 0.8633318932706253
11 122 280 60 100 -0.18455418257574624 0.09655944453550142 0.03449407006241573 0.35373470618589253 0.8586071787349342 0.921192932033516 0.19143600571323516
13 194 -160 -160 -25 0.06807728081974357 0.000877873904380877 -0.046903652048852496 0.5400399200791 0.9268233202046056 0.23129581029169832 0.4177558478631592
12 210 500 120 -50 -0.15347513744840202 0.08774803584049234 -0.1010752425443292 0.29533538228025025 0.5780988259118345 0.6548900807058371 0.6212405665711892
12 291 600 -60 25 0.12172465207527222 0.007014216287769104 -0.16986038565690542 0.8756910436506815 0.32173413198763356 0.5862315945632796 0.5150421504856045
17 410 260 160 -25 0.09407463581998521 -0.2217735342104265 -0.13309466174978818 0.4685553785054076 0.21880426731661384 0.6045399285433861 0.9690257372864495
10 87 -480 120 100 0.03364639695637195 -0.17831877783207295 0.043177165881237545 0.14904675275512191 0.07577496964522656 0.5820507571040167 0.2744429752504387
17 25 100 0 -50 -0.04102774799864595 -0.030263537330918855 0.019134078469305982 0.5385060921075291 0.7544817863764592 0.6724686338188997 0.6533157088028464
13 61 -580 160 25 -0.03240586629402359 0.016650163423149067 -0.17742339484488706 0.1582156774628828 0.5443659702425718 0.2401520059908685 0.6723703816034194
12 447 100 -20 75 -0.06706717243752625 0.21075161410283055 -0.01836482942288714 0.16032270009481386 9.93633555365081e-05 0.031570106385052865 0.4617367004029256
20 120 -20 -120 125 0.12865902881812458 0.2133467049223831 -0.06444868642053841 0.0046012859038208065 0.8790695953279687 0.6852030277164278 0.6340784227966465
18 447 240 40 25 -0.0892532566974133 -0.21262565518986437 -0.10928985793881318 0.8516901791787013 0.5865025266200237 0.8782585294305926 0.15234002626663046
14 312 -460 -120 50 -0.015273007570219654 -0.0839259039360295 -0.020869489545584985 0.40747233777571734 0.854981609122465 0.6789213592811829 0.7249239144319753
20 27 300 160 -25 -0.06023059371939987 -0.10821530163748716 -0.10783561227965777 0.5154974762168606 0.9122127685284265 0.5695864700365838 0.10708577502403582
14 351 -60 0 -100 0.1153268246729322 -0.027027398967085392 0.007896329073471098 0.9239208351970226 0.6454905443231717 0.5033139880644165 0.48676667705635845
13 474 460 -100 25 -0.20623437070233758 0.05448025540593643 0.04335172716680924 0.15596482562354907 0.8900999065207835 0.7221686067869441 0.04544396183306021
13 321 380 20 -100 -0.046921003864033695 0.23751942594240116 0.1456388992242706 0.6641041096055559 0.09326628935195236 0.6511419001792309 0.6170922233255954
16 137 500 200 100 0.1005549773690621 0.1547455564529442 0.059183057120760385 0.4909234015174594 0.9332571632644032 0.9278674841159464 0.4124280978596533
20 145 160 -60 75 -0.162871802258858 0.1428441538516429 -0.04852642022332915 0.9305951930685608 0.6393880354441032 0.34860061548237253 0.14092674642540592
19 190 360 -80 75 0.03332153496500484 -0.13011400462200234 -0.040685638488946296 0.6628056214766956 0.8787860566901815 0.5772274413107995 0.40222660903929686
16 124 460 -140 75 -0.11499663618193323 0.18869422587079215 -0.17288450594094634 0.9920579832574531 0.19332514168807602 0.7348270837393851 0.46384412016108323
12 344 460 180 50 -0.02812331306676491 -0.1082505237778219 0.02196146958395112 0.7503374793049447 0.3967981678982705 0.20572397219747374 0.3763298029927784
16 435 -240 -180 0 0.004234015545786174 -0.1311887603335074 0.2102025221793069 0.5331935275379692 0.11231130882409657 0.5936170703812051 0.19647390785989682
13 217 320 20 -125 0.05911271488180464 0.17179581413069372 -0.17121202816313147 0.6384162688535531 0.7788986775553662 0.342370680258798 0.7454183666969297
13 279 -400 -80 75 0.12159377677685473 0.028029663743913857 0.06784097786237203 0.9612040567917444 0.29165223533155427 0.1779018900110192 0.040030913250906575
19 47 500 0 125 -0.1299443703221867 -0.08641225969083471 -0.07389047412387267 0.5131442338805108 0.3060715316480971 0.49151208549004255 0.10966145054296017
18 172 -80 160 125 0.07965108044595165 0.13026798915990462 0.07844262211955227 0.5892920119492712 0.37200188033216164 0.9599570031679129 0.9180804333691555
12 151 -420 20 50 -0.10979103813675811 0.11053784581739179 -0.10704187716541314 0.9052152311560042 0.5495754989883128 0.3768042510850088 0.3079761118508413
19 201 -320 40 -75 -0.1547350867540387 0.11230890757213513 0.11011228453082406 0.3540870145804821 0.7938270701638575 0.8573154415151941 0.3267065774059633
17 59 -260 100 -100 -0.16188671922805087 -0.15008573833980282 0.0813788058266176 0.2476820399361941 0.6478708485513678 0.6248822513582076 0.9529454509722349
11 494 -480 160 -100 -0.02681241791469796 0.2495109755745466 -0.1801926226412912 0.6480734776537713 0.804627233657979 0.28437030983445444 0.7300824666954666
15 186 0 -100 -100 0.24827975096044447 0.1180612551872095 -0.18627928043515968 0.08075561991742941 0.8461748494569695 0.9064310126173385 0.5583752332854145
12 107 340 -20 -100 0.19466299112421076 -0.1676371927501581 -0.1453341917770919 0.7655114577195411 0.9622666627464223 0.46732037744794097 0.1676207773770162
12 454 560 -180 0 0.20724201216601407 0.02487251718794986 -0.00835416258061683 0.2587319851975315 0.7147263274012564 0.327691520773999 0.13111790626416275
12 142 -340 80 0 -0.13059572620676252 -0.06285568684488102 -0.06674799304393841 0.9585683541300793 0.2247821711106084 0.8432356854653981 0.4259176068078152
10 58 -260 -140 -125 0.08111064808033452 -0.012524495244927047 0.2443908555414041 0.5046334584596288 0.7667067458231821 0.6887826233260173 0.27455677054264815
12 131 260 -200 -75 0.24995938732074513 0.0336911253786043 0.12611553597909858 0.4232769385392574 0.3022952508450124 0.36601682698093796 0.943128749389104
10 362 -440 60 -50 -0.16787397925269765 0.10955234371125139 -0.20433626512414582 0.1596342897433748 0.8011885862858174 0.29726976874536326 0.5407099249762503
12 433 600 -60 -25 -0.004325410400749574 -0.0793561981084942 -0.07809416910468636 0.42409986139854017 0.9343286123548407 0.7972194594707485 0.226447515830958
13 223 560 120 -75 0.0883933098670664 -0.13325692007176865 -0.24881817944944784 0.9370888259098797 0.5263113777639894 0.3767067161940836 0.6413176691110618
12 333 600 -60 -125 -0.19751134331649467 -0.18143547223150647 0.15616926305815537 0.014161169828766917 0.7380884539850256 0.6337752205688598 0.48009704396060826
10 357 260 120 100 -0.0483290160650664 0.020701136315086743 0.2414665549308717 0.841221905832993 0.7480435465331704 0.09285700966378274 0.7784575156236008
20 480 -140 140 -50 -0.1568047520519134 -0.15295431319517083 0.00044424487078909003 0.22474493396520967 0.6592182680936903 0.2776249203248835 0.573076391332086
19 27 360 -60 50 -0.2357193683274409 -0.02024177457950299 -0.10064486350339608 0.8947425005533626 0.1334202010948211 0.10639616903758065 0.4578239298770159
20 341 580 -160 75 0.042795503120942324 0.19321559547282324 0.0815914899725344 0.9575625697421067 0.6285047887675109 0.7402488287509845 0.1617238374945319
14 32 -180 140 125 0.09298657185039044 -0.08179454698059302 0.10136597611940007 0.430279311297049 0.4596289639887863 0.06314549580035178 0.5685090497548227
17 72 -100 -20 0 0.16682968803046117 0.1630302199731839 -0.1577441298756212 0.12918382996454103 0.2951524585505001 0.1697139887483119 0.7779824901846865
18 156 -280 -80 -50 0.11461746422015762 0.1797620112727411 0.058665452478349145 0.6815648389553202 0.028177050841508344 0.3041353880655927 0.0106603340254261
11 38 440 160 75 -0.2072287625496249 -0.09451702897616449 0.23119169935203826 0.2075743027240854 0.7970155070299231 0.6081320022521046 0.0792126271295851
12 460 -60 -200 25 -0.11785783418701834 -0.14118791775924538 0.1937333231742418 0.8362541888788051 0.5573178602978327 0.9369010612042667 0.6527324584225703
20 225 -600 -100 100 0.0434575232895838 -0.12821774660307172 0.004872128005279697 0.3741331529794911 0.5442826615995789 0.19317007741143022 0.9504696502406722
16 161 -460 180 25 -0.08940733844093512 -0.14581927608750567 -0.12862569499326865 0.7106003720365397 0.0951300554905612 0.059939409736498805 0.9494799909951062
18 14 -80 140 125 0.24482368638121416 0.08980115425758767 0.16942189130722524 0.27010199326282114 0.06707738903102611 0.37767614309679354 0.012971075859959269
16 320 80 200 75 0.13750303876556935 0.13467509783496723 -0.003579261241804743 0.22135292070372625 0.5764902231995523 0.040712029531663196 0.24273960536000105
19 111 -200 0 75 0.04398929504852117 -0.23438299844639993 -0.09570157406782726 0.5421018249461711 0.8392365096397054 0.16184629439121623 0.2080779455319831
11 417 260 -200 -125 0.014646025811351215 -0.23757059824380283 0.18258606525323545 0.9779140481322299 0.9518232898808031 0.061884476933716126 0.9705234335052332
15 132 -480 20 -50 -0.23131994022157548 -0.02889840871636562 0.19748020098007518 0.7265592270204682 0.05922109646184259 0.8630755194303911 0.7728174047353946
10 477 -220 140 0 0.026650453076913938 0.16266977431587332 -0.12045011744678297 0.7494774063523778 0.8834639395844319 0.6982994833453045 0.5903748221250368
11 280 260 200 75 0.1693130569853915 -0.09780313077865443 -0.235568344064507 0.4382545805222203 0.08182971466645872 0.31666123777981825 0.8451600900537868
14 12 200 60 125 0.020972247238443764 0.16428914816519635 -0.1901357058567561 0.5198461101106409 0.621887587009189 0.17179690895094446 0.8633294017840758
18 259 60 -160 0 -0.0036324080828267213 0.24835186099872647 -0.03048558297820614 0.9842249705805931 0.26381333193203493 0.642041825262276 0.16586663246539457
17 473 -400 80 100 -0.13508611873077986 0.04016724535556082 -0.1313920204644003 0.8611455780715103 0.5009724600060379 0.24465666343071357 0.29234984974356515
15 81 440 100 0 -0.006869334198054078 0.07024055956402858 0.09390507091736094 0.7750352026738163 0.6887652752360588 0.14384970863683566 0.9427401325578404
13 127 60 180 -125 0.23313418300000072 -0.22515702440132307 0.12297617527426846 0.3185069419477108 0.4740859410928452 0.47822944571249915 0.8300316283930151
13 2 280 -60 125 0.1181704794618832 0.06490117010793484 -0.10900227010111557 0.1125732084663541 0.16640307703953217 0.6348183808587196 0.3214250479648433
18 494 -420 20 -100 -0.11699030171310415 0.059968392545475924 -0.08287866940156746 0.0932648041555243 0.03221006783668956 0.45988876131240775 0.7598709425437876
16 449 180 120 -100 0.1708969243863649 -0.08969097553140243 0.18537560759892363 0.9408138229035767 0.6472229432952584 0.7814066699911406 0.9946152009674911
12 353 460 120 100 -0.12057689937958999 -0.10985594375468422 -0.13339163750081512 0.5489924885903057 0.32801933044606324 0.5507741155376874 0.0030544441008584222
11 189 340 200 50 0.12193389094456886 -0.20424278387778216 0.10701462711895332 0.592423198525496 0.1828326064928517 0.1408344203031403 0.6835646646849048
14 216 180 200 -100 0.1408865911788184 0.07988671801387032 -0.19668190323007362 0.96323368219582 0.8981849816759586 0.31964755449750737 0.5898531269590094
17 362 -580 160 0 -0.01179343760041962 -0.20925331260475521 -0.061736399177771295 0.6321840765482692 0.3129183163197865 0.20874750538804332 0.7669089274333284
16 197 380 -120 0 0.013665234166560791 -0.22955419311132386 -0.163230081954654 0.506465252117283 0.6364500459289141 0.8667736996615769 0.22626356064619568
18 403 -460 -40 75 -0.11264452776985817 0.14841821295598912 -0.02984475498925887 0.05968837129630966 0.04971195977111087 0.2847187026944601 0.6599471866696539
18 73 -520 200 100 0.1464238302238407 0.13397854728819464 -0.14760877349481993 0.7746740793545829 0.4118827819240386 0.16144133759785861 0.8252019908728335
16 170 500 -120 -25 -0.05782872853782056 -0.09554197140098925 -0.03086111923785778 0.565842565632275 0.620701967537482 0.1867123523083951 0.9695273489578832
10 301 -320 -100 125 -0.11697265055234413 0.02864940696537377 0.11880109723001414 0.5634030818958929 0.0711007113326293 0.7849321052347829 0.14346229158858614
17 453 300 140 0 -0.212622619753856 0.10500249617071583 0.06827949957657231 0.4237462231779655 0.17059351859597494 0.034006321004277695 0.7522388537905348
12 288 380 40 75 -0.037412932318893644 0.1653420432368739 0.10508752748003619 0.6969410480097411 0.09905593396426426 0.2226081324609862 0.3406284978029498
17 313 -400 -80 0 0.1265661916610777 0.144492439487293 0.20088332784146884 0.5347255238410309 0.2303574154239343 0.3777479318570116 0.43460010712024344
12 110 -120 200 -50 0.18815954688833736 0.15543358182535544 0.03334221398704551 0.04710918563010724 0.2768667553468481 0.44229941212743684 0.7000590794884837
20 345 -460 -80 -100 -0.15761934571759334 0.2061928287209137 0.00901609783914853 0.6055637676055234 0.02008974937805974 0.5350714180732469 0.40429048718965865
12 60 400 -200 -125 0.06619147582327883 -0.18648933374618426 -0.22971691511845976 0.9391389970690395 0.01001735685192906 0.8587976252817492 0.7451242166687857
16 235 0 200 -25 -0.09651469420186404 0.031639044735044974 0.24538273912154163 0.3666946567939413 0.6754229815900932 0.2773546594117261 0.9837855523552627
14 257 420 0 -75 -0.13557576803251653 -0.17575216027837437 0.23869324259302205 0.9532413790824612 0.6540139460720518 0.2828220161756452 0.7963381882091077
19 417 260 -160 -125 0.05893623379394264 0.12945959339669466 0.04938041419320699 0.272040575916803 0.2190074909460623 0.03966975528022265 0.337749737237642
20 372 -300 -120 -75 -0.1996449518221458 -0.02815511120371328 0.1737041976101249 0.9784227185558226 0.39905338436845983 0.9805870609483006 0.3661955112189207
14 204 -220 60 -75 0.13633151955145906 -0.1372328508951935 0.18470601067749814 0.084633851298759 0.9153137854262525 0.9447080825630723 0.0074590647872989635
10 447 400 -80 125 -0.03898350380789162 -0.139773273863323 -0.04420354092731332 0.9482016603559776 0.17212330910982176 0.16574944215935739 0.3692470354385634
