0.5 550
11 1 160 -40 -75 0.14355679527565418 -0.11614680205212302 -0.05881108623386683 0.5276844814563043 0.5172124187412396 0.0885296724039567 0.3495498228124747
14 245 -340 -20 100 0.20455664468392876 0.06680565369302505 0.12618763447471315 0.8361666459025037 0.8926558394326343 0.40171060972074024 0.0406898953875483
12 411 420 100 100 0.08633963576112935 0.09207263456718362 -0.011717780001662959 0.9716126526181762 0.5445937243337698 0.9281738786024667 0.7819326596283488
16 186 240 160 -25 0.026466789040156147 -0.1826396184123616 -0.09369568855208993 0.13014777478708672 0.7201877739380184 0.12704747374586 0.24112516972093845
18 82 -140 -100 100 -0.230526437508753 -0.13267150465009292 -0.16083165636809732 0.3414529864328072 0.5634834485357909 0.8143094433038887 0.21651190668365117
16 129 -420 40 25 -0.04981709279447294 0.12040708643795328 0.22891503982455486 0.30641498899384234 0.7104002365732774 0.8671825903220365 0.3268266874228475
12 327 440 -160 -25 0.05664119760944103 -0.24040214122713366 0.18431656001332564 0.8812484951185193 0.19268828729027776 0.659074965834637 0.9540509881834683
20 345 0 -120 75 -0.1544124190521055 0.16506359221597916 -0.23798403609204916 0.057843292601422736 0.2856597680455657 0.8591717139283765 0.9496034980035531
18 345 380 -20 -25 0.0762382154142483 0.17428328464739457 0.1730096776064442 0.818152734142931 0.7156751485385836 0.8565054942042025 0.6139437397667393
18 493 -540 40 0 0.01495667371990983 -0.17128619299150438 0.080215426491275 0.5903670634047654 0.901736411448792 0.8725524747744509 0.10964897072191226
15 331 -460 -180 75 -0.053261097762728804 0.17172720652684248 -0.10508192608832895 0.6055424340711092 0.8504780984067816 0.7636188216813282 0.572204992743033
18 40 -40 200 100 0.20210959296438175 0.24482025002664454 0.05165109019602482 0.2676919548847897 0.9620339796446435 0.33008778740555855 0.8718337280764614
13 44 -120 -160 -50 -0.07663665617777565 0.22264111788095653 -0.12047127266857571 0.1333475516107394 0.34168886520149655 0.8091648492068533 0.13318443971160254
12 467 420 100 75 0.0011007720398107934 0.187533099949712 -0.13628189313871014 0.2121631364695189 0.7437876638805684 0.44697685887422334 0.16871463417309596
15 186 -180 -100 -75 0.23771676373246337 0.19392342204291824 -0.24356656912197505 0.3447892929529891 0.7146247741286381 0.7084003908138955 0.949963948295511
12 150 -480 -60 -25 -0.05837051177974578 0.039848906832565034 -0.05820820963236539 0.9979168730785302 0.3070305232987971 0.8339384596399204 0.35651772891616984
17 382 -600 60 75 -0.18929134267051528 0.15305284710840755 0.19825262065832888 0.04189281759033858 0.22221474283267928 0.05160292173906744 0.162723494038572
14 309 -340 180 100 0.10459817233537833 -0.17268842305860832 -0.06616081115895106 0.8914771976976775 0.5470010786264654 0.8595512811689693 0.3713123925966646
11 59 80 -180 -125 -0.14621885436350657 -0.055963429066634984 0.04748806894195584 0.7999317906453931 0.37929295458454637 0.8633298806994025 0.6256809311906565
13 297 -320 80 -125 0.17180336105315186 0.2206995175724712 -0.0493431782559145 0.9486271848388244 0.13467769960634035 0.5526089846774812 0.17346570741652623
18 486 -420 140 -100 -0.15283462966988248 0.11772430346597956 -0.17036487907458114 0.7700260288450417 0.8536038375662952 0.47878791543715193 0.43041219408054965
17 250 320 -40 0 0.13857057844686144 -0.050888946033969984 -0.05695781849901177 0.6496013979865763 0.38821461822962255 0.6584059646241088 0.6955728984615784
10 252 -600 40 -25 0.22301245128388747 0.171850867492507 0.02535721063484825 0.870101570966665 0.3217835775175585 0.3637409161101369 0.9708621328174233
14 58 -40 -160 -125 -0.15958510314354668 -0.094541686119609 0.11048532868548955 0.8683762814844247 0.3602443210436803 0.11030411704335519 0.34579717594201487
10 460 -280 80 0 0.17427562027689714 -0.1065716726858254 -0.09394684562781747 0.26701163499517677 0.11322247322587309 0.7408423541155547 0.35610312763516216
20 424 60 60 100 -0.050045200457942474 -0.1873438352588796 0.16449178213774257 0.06550917774205389 0.2906505494945508 0.7144864610394919 0.14932459188471248
20 420 -480 100 50 0.24902149045929878 0.05923243886622237 0.20708221057198384 0.05650531502910128 0.8987619701832763 0.47124474473359945 0.4451456509613305
18 325 -580 -120 0 0.18484404336333715 -0.137071782825058 0.016997204450517722 0.42968153680261345 0.9605819868062349 0.908652128176195 0.3971464628172904
19 445 20 100 -50 -0.16574780773207004 0.17310998441111408 0.17572990231221858 0.6785317117195028 0.3939495567989847 0.21413067955824894 0.8744085197699212
16 412 -20 120 -125 0.221852168833033 -0.16545314294968044 0.030697230035040712 0.9591777375506724 0.6860931304287741 0.23587099958432278 0.6696627092358837
10 109 -60 80 -125 0.0427846721173068 -0.0009975578275208674 0.24469619196069792 0.3182474413802515 0.07410121028736505 0.8771331036801585 0.20661485422873227
19 276 460 140 125 0.049185502177837626 -0.02724309558214766 -0.20197954273242502 0.6903999714211454 0.8903614016664596 0.5919941334976583 0.9199010240505282
18 304 -540 40 100 0.1073865124676533 0.21889058129311856 0.22051522811894442 0.12133358686313445 0.8908620377738554 0.5800819071142043 0.8346907290304874
13 266 180 -160 0 0.2339486846687649 0.13643856723437958 0.10674020307184029 0.2163290609502534 0.9731185960417512 0.5806792127222813 0.8311509795886245
15 140 160 100 25 0.24144610711035308 -0.18930857411599838 0.013920902399816582 0.8786652346427098 0.8695808882768682 0.8754541519583907 0.5979844804592503
19 434 -140 -120 25 0.08963196695621428 0.17882371153436205 -0.2087606446949799 0.0889029194824753 0.3296797297977284 0.21450997552597895 0.3244370410008127
13 148 -480 0 100 -0.06754213477597654 -0.1353228420216427 -0.24315744237258108 0.7968963446628078 0.7221195118661022 0.0037562396505188556 0.491580475165623
18 143 520 180 50 0.035545628491327974 -0.24053548141550996 -0.17526462979312563 0.029313669947322984 0.520091881065602 0.5986595330391423 0.01881821219181634
17 231 -300 180 25 0.16277838549222667 0.2486316562177039 -0.06662631901406818 0.355292159685758 0.9593738043608759 0.9331849768157748 0.22416668893917135
18 305 -500 -180 100 0.14583344212224236 0.09783121156250207 -0.13719783873640762 0.8213179757628444 0.33960685456571194 0.18975105656301072 0.20674672733417687
13 448 -460 -160 125 0.18400631992653943 0.1353187997058553 -0.09081010950029117 0.9036676019888308 0.5555221782076323 0.019415723140886243 0.6266324393132132
16 491 160 -200 -125 -0.21306544535122385 0.009857510398421199 0.05900918327656679 0.35915332517795173 0.7746228688277202 0.578456620057291 0.05506742230508965
10 69 -460 160 -50 -0.06932877483322641 0.0028134628330327427 0.062261539893431916 0.4094584275730174 0.40857400763820395 0.36308915684507914 0.6152784007302321
11 77 -40 80 -100 -0.1812894675753361 0.04567808742679419 -0.09460880857867815 0.45702789766730767 0.9296725704389817 0.7294500474959519 0.27245688551490166
16 86 580 100 50 -0.1669097818472564 0.13405420432049736 -0.15515106987851845 0.46174812495651674 0.2587313902814753 0.8574765171906964 0.761935230002706
16 23 180 -20 -25 -0.2148844407886783 0.20545508596601986 0.09520723797602637 0.5280338393452931 0.9513333701671105 0.7678704691984409 0.054190045858363955
15 479 -60 -140 25 -0.12768446371338504 0.1839249446022566 0.21682317894344172 0.723007851686721 0.7087654339961956 0.3500367535677491 0.595043312531251
14 417 -520 -40 50 0.13413608935293458 -0.20335853507175106 -0.24155005313575956 0.28078997906671066 0.23066336805568943 0.9003443416619151 0.20016932452134395
20 318 260 -200 25 -0.09559948631579684 0.018938876274645078 -0.2395725279547976 0.34335420533261407 0.7767788171571569 0.8662501831456658 0.6995277581090849
19 18 -360 -40 -125 0.027700412694302345 0.0887560382878434 -0.2279571990728786 0.26151723065731525 0.5363757463760354 0.8694003132173679 0.16255029686231237
15 10 -360 -40 100 -0.09164939331882943 -0.011509026224820362 0.2393728264276236 0.9862192634959838 0.1760950156081479 0.44735951754207703 0.21966397408988847
20 348 -480 120 -50 0.24030563282524453 -0.19259025521771728 -0.06553089335730922 0.3252142446212156 0.07544541793318094 0.1860045943053893 0.8091796688830785
11 372 -40 -160 -75 0.15762705995051934 -0.0945672971004542 -0.14786082474369994 0.5616936204643336 0.5820908090237659 0.30462492814118236 0.35918481012741343
17 92 340 -120 100 0.13797642341000182 0.1822199362966188 -0.1760641714454203 0.48096747860181743 0.3301388614871139 0.5805445566539588 0.15429250644737402
10 312 400 -180 25 0.12013141354346529 0.08094382354276264 0.05838425065569636 0.2497348410453063 0.7430638249512178 0.2710904070118021 0.6391381811351493
14 450 340 -200 -75 0.07653369074104133 -0.13445412617331393 -0.02152528854832375 0.14661122386722425 0.4255432382165776 0.49515846437967914 0.03859129227701941
10 61 -120 120 -75 0.011835914488709964 -0.06975415354134862 -0.040989199577879554 0.5630514457524627 0.22973497139513366 0.6823210750873763 0.1866040643129131
12 221 180 -100 -50 0.1983932779395442 -0.09142440222673859 0.04815362605754897 0.08944334746835614 0.29120039916105 0.11461457339664971 0.21830656983464547
17 44 540 -100 75 -0.01999756716389589 0.20347157338416189 -0.0017029241471624434 0.6453073086940897 0.3793543392814267 0.6627391651840956 0.793032313686366
17 166 420 -100 0 -0.01638877902141933 -0.1272827028917516 0.18956250204915187 0.9396733671940746 0.23425386609035415 0.058591105786857334 0.45451927626886746
19 355 140 200 100 -0.20810834037196452 -0.07915256373428459 -0.06930748635222306 0.3890566797531092 0.41513970150599666 0.03735527745245404 0.6016679891611325
16 44 460 -40 50 0.0638349964075623 0.13726555421782521 0.04254902415605194 0.05663409755027804 0.8488854801620748 0.24085847156944118 0.8761280763049809
11 156 580 -160 100 -0.07659201144986322 -0.05700833124794202 -0.17101402601070564 0.29854313068900473 0.7125604575290543 0.3642179733581097 0.37042715562730133
12 472 200 120 -25 -0.2323565906463364 0.02999362735332689 -0.008001348944168485 0.5996982817127557 0.11541794575518904 0.11795660755728188 0.6115893888996364
10 114 360 -40 75 -0.04090760215042599 0.1750007066454919 -0.18085990779532912 0.18090295860548788 0.6524715096357822 0.5086288631653128 0.9249155468075266
17 494 220 -140 0 -0.1513703080684397 -0.03293889314634885 0.018160708451354535 0.43382643918439856 0.4949673028195052 0.8703179694316779 0.9885098089009
16 205 200 -120 25 0.15286042649712567 0.06647781594517788 0.1504340047025582 0.5685505497593294 0.027636787842596267 0.5882367318951153 0.9811828579892631
14 85 -400 -60 125 0.17104423096600402 -0.15965372135646555 0.11931112616045075 0.16134765970688747 0.727774122706699 0.30914126408682696 0.9401736827035903
14 284 -420 -40 50 0.1347349163486578 0.14276065138238214 -0.1314061810768083 0.3323691877434769 0.07781091800060647 0.860780489865604 0.9486560720352414
12 410 340 160 -125 0.0933570074709758 -0.24312554397272973 -0.03742850264506248 0.6839801662501721 0.5258995802464597 0.021411108781330235 0.16143317259040502
12 422 220 -140 100 -0.17420496335127578 0.1529469699302375 -0.07138302298880528 0.3953810173373865 0.6061516557182909 0.46236760189808634 0.17177847900452825
13 146 540 120 -100 0.1131569061409522 -0.04933142222114717 0.09490339587281055 0.4900580199849517 0.12640788847467832 0.12338608821086905 0.7145179086575871
15 256 20 -180 -75 0.20455154311300294 0.18667581063236544 -0.05406264007836442 0.2482993909413056 0.5917581695336891 0.15936860756238846 0.16698761635279002
12 477 -500 20 -75 0.19429775675718275 0.01928548891486559 0.1539791329222691 0.5779975845435111 0.4011019440706852 0.8041152255491518 0.8544123380005563
17 114 40 -200 25 -0.09345542260025136 0.11971175953480906 0.04459956372497176 0.14135214845155897 0.9038929310541229 0.966717578066674 0.023021628234615288
13 29 280 -20 50 0.10418906018596791 -0.2368939255432893 -0.19209657806914454 0.2540533524138481 0.8808342266652993 0.5078211680104318 0.8142529734643186
16 116 -100 140 75 -0.046087038170418815 0.2338185000619668 0.08435542588080913 0.8504432261324444 0.032728957913837564 0.5618837727527731 0.3928999072293896
19 470 -600 -140 -125 -0.015797612069780087 0.10102588738617402 0.13818943768045544 0.821801941224837 0.5958174570519539 0.335807304286997 0.12348839355526398
16 214 -180 -20 -125 0.16118364905967852 -0.05808143328774701 0.03936443307286669 0.7539957910932745 0.377820931224766 0.10470602409019869 0.33749619685790466
11 271 -500 -120 0 -0.01047189100497048 -0.24153935799936332 0.03937563569254082 0.07987827841921591 0.6781740282035162 0.5407073090017855 0.0007440004843881631
19 230 -540 160 -125 -0.1650869157331324 -0.08032867283871448 -0.21800440916998742 0.020598700118519497 0.790139508585772 0.5684462640939265 0.6621977519305431
17 218 -80 140 100 0.034008120068499514 -0.0035002799719302535 -0.23142985479100636 0.021968624949178173 0.6975208453747473 0.5571235161293187 0.9309747265267598
20 166 -500 -200 -50 0.22153069551281185 -0.19008605495959058 -0.20147964788865352 0.7346456093720073 0.48526117115529943 0.537790805600134 0.35038045807600493
17 108 440 200 -100 0.20364461657648508 -0.08544323993550218 -0.09824913117906936 0.7917785917404201 0.9565461072598535 0.9400812648172089 0.019850404035781977
11 209 -320 60 0 -0.10058909656918025 -0.07394424162066593 -0.08386806526437512 0.1434564816044943 0.8787500038727241 0.4193703782183893 0.551964861851445
19 125 -560 -140 75 -0.2270769789561075 -0.003670697203547124 0.009808849590727475 0.7292379504630236 0.5982305907323389 0.4384589996263971 0.014002141819664526
10 452 -300 -180 -100 0.17324934940918246 0.2124518669870128 0.01821586218290394 0.8069175513349822 0.09527715455649033 0.9126505479282357 0.31764462191421894
13 236 220 -80 -50 0.029994012060327924 -0.0811303125182738 0.03329315213584422 0.6710792103759263 0.9658629363603671 0.26791197488595675 0.3175397795488296
20 152 0 120 -100 0.16661579850171337 -0.18533699008375976 -0.09477345544015192 0.9835536055219715 0.3126680411141336 0.4466007080669139 0.2385138222876252
16 69 -80 0 -50 -0.06669326344690141 -0.23356715590030103 -0.15603272444893035 0.2997200764620169 0.38083752459154374 0.2809142417895788 0.43758948761013616
15 125 -500 -60 125 0.14531515464257216 -0.15861643064851327 0.07507001074369235 0.9442027251742898 0.7597070947293764 0.7937927957260151 0.1488329974733057
13 3 520 -160 -50 0.140505340057672 0.032634177744072845 0.04928238798067375 0.820058719147814 0.8562142003843451 0.8355935054215771 0.9072919942072917
16 324 300 200 -75 0.11949071543925405 -0.03234865849801749 -0.006442560018094623 0.18264665714281192 0.7373821469818435 0.5130947559325431 0.3955137407143755
18 226 -120 -200 100 0.06877638164903316 0.16570752049343535 0.025389311252787594 0.914489447150896 0.3881919184805721 0.9031627783639369 0.21341747534881306
20 20 80 -80 75 0.15017614240711713 -0.0007507032394979962 -0.23695699606466614 0.4273588361577886 0.20113372026770682 0.22026169926324501 0.206545547725986
12 21 140 60 -75 -0.04631519347053398 0.02039379744064257 -0.1492648515022768 0.6380810973687561 0.534516382108172 0.2853224290573779 0.757555911842198
11 471 -560 40 -100 0.18130691838854612 -0.035410088707921505 -0.17449965153117858 0.7059664544099218 0.5986914336279534 0.35685900830552286 0.17061507057121938
20 277 -580 -160 125 0.1964265698951868 0.10687498622705816 0.1924162701799053 0.920702129403145 0.19051569271494562 0.5849489877396188 0.8965144700439496
17 242 -240 -200 -125 0.1376978823186748 -0.06832817276229336 0.11033681247425353 0.11731658945262424 0.6456182093812831 0.3793261106138872 0.5878574679923149
19 13 380 160 -125 0.10024754167336747 -0.11643454608236165 -0.1296144917191802 0.3879016957464362 0.8916768196625758 0.8899595097452804 0.12703302432804642
19 482 220 -100 25 0.17942449234515057 -0.09236425730725856 -0.1851088941241555 0.9294636989859728 0.8192873825204078 0.5110102623033373 0.2258230276215143
10 314 180 100 -75 0.2178184567111272 0.14721923980355955 0.07762079495950558 0.353221405680729 0.6292435965266849 0.7690849041906805 0.16512167828075908
10 210 420 -100 -125 -0.04952535880019515 0.19372452945204616 0.0822222427739484 0.8956244989281824 0.7957130313550216 0.4521305905123517 0.12444605274402554
13 123 140 -80 0 -0.045387716406998624 0.017947418341866417 0.10152290378599815 0.42468356704783716 0.7356958245247154 0.8626894362026144 0.09432962843837545
10 329 580 -200 -75 -0.2089420440675494 -0.0349695707434704 0.08286922073442621 0.12453605049103522 0.5073014009856338 0.6714927806286319 0.9731631516716427
16 354 120 40 25 0.18107623927495997 -0.022326659405528082 0.0068008695146305476 0.23068570053689186 0.41144751937689306 0.7777695458304781 0.9731721616337067
15 268 -120 180 125 -0.24701377094944532 0.09804958370664713 -0.10858105722292494 0.5207037860972106 0.38925714845269177 0.7286172661632552 0.2601738891104852
12 409 -260 0 50 0.1734307366755507 -0.1183687996095838 -0.06591850668760013 0.5918367942971521 0.18745516116507543 0.9152767919004677 0.5306032891024248
10 150 120 100 -100 0.180133337545481 0.12982482986845123 0.14623948606083959 0.8209175084411751 0.8012163647403568 0.4413766184397193 0.7568604316520716
17 164 500 200 -100 -0.01246943396047906 -0.0959217564632785 0.030386796621712786 0.37223452397104195 0.6185786741304037 0.986530696613915 0.2779357214486141
19 7 440 -160 100 -0.1958807041720957 0.1420132923881724 -0.06562874484772152 0.8135743434945123 0.17418023426600948 0.23291643981991117 0.47777817205108664
13 313 260 -200 -50 -0.23182126842653972 0.13796543457082544 -0.19152925043614288 0.03879933095269528 0.24826681140641083 0.33767438829658536 0.6645475845347774
15 56 560 -160 -125 -0.07003264737126486 -0.18993611175897296 -0.16210308836646042 0.9702515092851655 0.7057025691926642 0.9208871245607306 0.0891143147004071
20 199 200 200 75 0.1939333092491311 -0.14073416125779614 -0.13373202183927557 0.5092756600406452 0.8424118809061685 0.07437662322368266 0.587903399989328
10 371 340 -40 -125 0.1355264882820112 0.20748254857374615 0.24191930835333392 0.2838367438153283 0.05411411412329448 0.3453434437277494 0.3453247056391101
15 316 560 180 -25 0.030844491255007933 -0.027104723860491287 -0.08899462577761474 0.44036210332954395 0.3406427072091971 0.298194344442852 0.9702460094217525
10 316 -160 -160 0 -0.13042080567841718 0.21818556582635573 -0.20057915410842037 0.1328589285443187 0.5204219051175071 0.9253942434912629 0.9409674656048584
16 265 400 -160 -125 -0.17357949267232597 0.19171150097259831 -0.24276650561632945 0.7835317325124168 0.4750018717703014 0.6199702947414495 0.7278337960497319
12 61 340 80 50 -0.1186947609355698 0.1781357272707108 0.03138092173978252 0.061306189582650106 0.682908960041975 0.24504766193885996 0.32873372983528193
16 79 -460 20 75 0.22139679473349339 0.1316892456750154 0.10078282081110934 0.05235755141222087 0.990764483302456 0.923889736651573 0.6841670450708519
14 95 380 -60 -125 0.05799313591908101 -0.041068866517955493 0.20903542723412383 0.12039407734953156 0.2139765463660076 0.7598929433484988 0.3631428488662918
11 416 240 160 0 -0.18243784787043776 0.10831353744902456 0.20330811893496237 0.45817009722633306 0.011263672581921624 0.4722058572110559 0.06638752419872074
13 415 -460 40 -125 -0.24458278046496962 0.17864186058931292 0.04851934110942685 0.49533847108793594 0.28292000313523413 0.5736741832642646 0.64684507520934
16 127 60 -80 25 -0.19726856390025005 0.17545479526445862 0.03572145479361033 0.3599609518748851 0.4719335779883085 0.4916060798733016 0.6447717360206665
18 358 -100 40 -25 -0.23376892498006052 -0.07187111282765352 0.11819081468170006 0.6559517056260662 0.1898836738679972 0.33489153121367465 0.9102135793245186
20 318 -180 -200 50 0.10269223217417278 0.2079181303501748 -0.14327818662499148 0.44919821217141687 0.47179506055583675 0.015525866750877082 0.6690283901343884
17 368 200 -100 -25 -0.16291324091668602 0.01719128283814314 0.1620550675493671 0.790297084299176 0.48798802464766644 0.05210155619345047 0.17048105014010562
17 30 40 0 -100 -0.15961987167072944 -0.11448212780868094 0.18799941084221272 0.6399338667616721 0.04498066288396174 0.615646043697819 0.9085783386446401
15 170 -280 -80 100 0.05308256277219303 0.21678895545109622 0.14901220837743756 0.9795680389403434 0.5138423596619099 0.4141903551480943 0.8936132537408898
15 49 -140 -20 -75 0.04848919273514296 0.0909566255703223 0.16503049951184745 0.36330966528048425 0.7447413435617531 0.011246609872985758 0.9680024867509657
11 158 -200 -200 75 0.21506578824392109 0.05556407651982459 -0.17498604193640294 0.11133931797584884 0.32476516864781724 0.29469366079552184 0.0013517264584924638
16 329 -220 -20 125 -0.08273450200185323 -0.17661545412907226 -0.21277028739132947 0.5177772984504638 0.12472554941253933 0.4751789135770563 0.06405638513000556
11 366 -460 140 -125 0.1502857052134277 -0.12197233193301221 0.19444977700723265 0.5671055915829165 0.6312827623592483 0.16424875277821072 0.3524351460663879
11 408 -60 140 -100 -0.005142055709055682 -0.05412598313089456 -0.17015694415428567 0.26619122600038225 0.8580603604822207 0.6461725425923804 0.30494439933927653
15 443 440 100 -100 0.2319279315571358 -0.14052884759376705 -0.10548992872522645 0.2584924449154923 0.8002951371098318 0.8940163947915868 0.03294489832785652
18 397 160 -80 100 -0.030430001700418152 -0.09860838948756773 -0.19047132652314452 0.6967908521847819 0.5566019520969593 0.34386984710181423 0.5305978269703999
20 120 480 -140 0 -0.08349592526868799 -0.2381043560413243 -0.05196920619947154 0.9772603514182685 0.5943783898271339 0.23490966203111097 0.7194955444905046
15 452 -260 -160 -75 0.18441813997620238 -0.19612828790515735 0.2410468984161881 0.9173221517993454 0.3534620935508873 0.13556821861734036 0.47812897072140126
17 269 -420 120 -50 0.11732822000431936 0.05947987356288753 0.05481094510300294 0.3136579503204955 0.35052158521041676 0.21207827486163833 0.9274792675134549
17 162 -140 200 75 -0.18960328479325067 0.1771128180275215 0.0752078326775108 0.29117922810692787 0.13306829452912994 0.09386585642749001 0.8282362060893016
16 327 80 120 -75 -0.005950676236739005 0.10419435318320308 0.05997373054930605 0.946231221310004 0.6298745546181189 0.008772203536953183 0.7095758789642008
13 85 180 -40 -75 -0.16671202685095093 0.24020020550648885 -0.04201281502677595 0.04665264706248973 0.12886862277005895 0.996502593105342 0.5168629605983396
15 146 100 200 -100 0.16677352315177918 0.18262100073125392 -0.16872040154221146 0.33865412522298866 0.5731425135437522 0.26600481783706265 0.18596411214047082
14 383 460 -40 25 0.16209829576492146 -0.05426896729500208 0.12550931558508965 0.8882557906246472 0.7031847884720452 0.9858482611589748 0.8107761480656015
20 74 -40 -140 100 0.058127711514739 -0.02055938750489328 -0.052673251528324416 0.8038245883889783 0.798808284901613 0.4762026456156986 0.8900076968705039
20 251 560 20 75 -0.1770410138902344 -0.23672016659693795 -0.0942388425931196 0.8152833278382811 0.757039991378195 0.060200434566574645 0.9397452026303624
12 309 -460 100 25 0.16939257137868458 -0.17557806130258424 0.06966210693081487 0.11819811805542646 0.37102666390883443 0.9777317948191698 0.1734732477093145
14 187 140 80 -125 0.031691663740727516 0.036893987858717614 0.11310285634878431 0.6736940460484007 0.2976683746145252 0.7365587850203698 0.09355424398198875
20 477 280 -140 -125 -0.18992640721999976 0.19718567077778437 -0.216048073845222 0.5940018857506841 0.20093890849627483 0.6369776110484268 0.050190159514312827
10 80 -280 140 -50 -0.0994606912831506 -0.01350843960214293 0.15434567252487896 0.5512309184739392 0.4811910548109022 0.8750662779489802 0.8879177139298444
14 89 380 200 -100 0.007763081378704684 0.2121881190818613 -0.1544471953292168 0.44700749548419405 0.7751490521802511 0.05716839755936176 0.0996993676150496
15 185 380 -20 125 -0.2429628202642145 0.13335279156643604 -0.19224688561046055 0.5625372185737266 0.759938013100038 0.24272557863541921 0.6353391923933198
13 377 -360 100 25 0.13230424755936998 0.2330295323577138 -0.028757831528898714 0.49004603117956147 0.97094619301008 0.9250118234660751 0.8105980731757452
17 276 560 -140 50 0.03256745038047398 0.20933090459599535 0.03448220037046229 0.23071444788261508 0.770213935973507 0.8597760481220889 0.43137710754222525
12 138 520 -40 -50 0.17169986081286714 -0.10783689978276495 -0.13717825972745779 0.06433200371755166 0.4166477684965727 0.5117561362427082 0.824218983193603
17 75 -420 100 0 -0.1437105923569323 -0.10372775338295903 0.18730280669899263 0.4751196052900192 0.9360131713762585 0.21746805015240356 0.019861767987777057
12 443 -80 0 125 -0.007563764918606164 -0.23347578263162372 -0.17654373492604647 0.6783637651330644 0.8738390960970938 0.5835644459152272 0.1801128941530714
11 478 -180 -160 100 -0.16712987683805858 0.016777987741992684 0.17113930277524764 0.4732059655298748 0.08984238435094039 0.6827664793067724 0.9274938365139371
14 26 -560 80 -50 -0.2390266891535236 -0.08270027986900919 0.2002999030624692 0.9145192669608841 0.6550567576001319 0.38915551934309156 0.5045119114356365
19 338 420 -20 100 -0.07855090638028245 0.20021472786210742 -0.1229626634315773 0.18676898375113282 0.7441255210277777 0.20129492941153593 0.7277601614493882
15 4 280 20 -125 0.12217887550282258 0.16028742572180238 -0.22433153345911472 0.7782539712402863 0.5578247808525284 0.8992385859200778 0.4907434870552658
19 314 -600 -120 -50 -0.10699950208108483 -0.005080869383060405 -0.03306340840812649 0.5120538575727559 0.5702040641443997 0.09275159891402296 0.8755321502573515
20 149 260 -80 -25 0.18229430605905972 0.2380185727820966 -0.020199214240213648 0.5775036854477145 0.22178708045479745 0.2574125837136456 0.4219343809535915
12 140 -140 -200 -50 -0.08669242523472587 0.05114032617995756 0.23855446769256095 0.7352016944872489 0.9002576192407366 0.38446289495627783 0.2717936382837661
17 153 40 80 0 0.07446366369617602 -0.13407807156465895 0.14633165165157008 0.35832501293673236 0.8598797300161182 0.5208047237953327 0.5740448803591528
19 155 200 140 0 -0.1251025556175953 -0.10962669150425985 0.14408977503566822 0.41226558069466335 0.26545409003036036 0.6959098618006346 0.8203930230457497
20 100 -580 80 -125 -0.15918920078097287 -0.14793869875520033 0.11891001189781247 0.45531874027326813 0.12743166491322455 0.7583808192781523 0.17708264503735838
11 39 -460 0 125 -0.19205474906879555 -0.1946437253650778 0.00543711634252686 0.6194343747666635 0.48545499269370795 0.719799426617451 0.016987750946141467
16 340 -160 -20 -100 0.16669455141762907 0.1746335159673531 0.2464040167016157 0.7774662962068708 0.3240268826492345 0.5196615791413665 0.171199525004345
16 425 360 -20 50 -0.19914420206020117 0.014195546669784842 -0.13449491474382497 0.18257211721682554 0.10986192387362226 0.8729250309155151 0.23211807951294872
20 340 0 0 -75 0.05685548478174629 0.09966612399012281 -0.030508251175670187 0.2896079471368116 0.16231656590787014 0.6948344573896164 0.3337416704863836
11 417 480 180 75 0.1684778255887157 -0.18197320295195268 0.2406095797595625 0.1201886358604406 0.7593841000485948 0.26269198012838213 0.23031446621524032
16 327 100 180 125 -0.01621277952077982 -0.15055888457181887 -0.1289758788445008 0.3544229113239623 0.4560561511693654 0.5241935748804418 0.5841232476662744
12 199 -20 -140 25 0.031651896477643826 -0.09603743620622657 0.06692808841316078 0.5607127348615244 0.010348377251279461 0.4863704837908308 0.9920865346131341
15 499 -480 -40 -100 0.17394972692376476 -0.2484842554951358 -0.14813906795623105 0.9996630072627206 0.5360840780660833 0.09170314548033254 0.3666939746529049
12 373 -280 100 75 0.2497793458445713 0.09251159663690256 0.23226726304347117 0.5573936365798282 0.7969067440590746 0.14992463041433457 0.4995961443234892
13 220 -120 140 -100 0.21205332362941665 0.13270807194209322 0.23371207915908981 0.0821488057399683 0.5839257023655086 0.13210679527871227 0.3197944441690631
15 56 -540 100 -50 0.20554480287075078 -0.19288077323915265 -0.0903230595802379 0.7870444181871838 0.8768524632691224 0.6741640110214071 0.7380745415626955
18 139 0 -80 -25 0.23522845003480597 0.059278275463671926 -0.09360774625731444 0.5361438680901328 0.440121641177886 0.00978063890879699 0.7249445999976661
15 327 -120 -160 100 0.20526182681314287 -0.1704152282474376 0.17042049956707278 0.5511128279918085 0.6630642146588207 0.08420549601628169 0.9680707031503084
11 30 -520 140 75 0.13354403271424792 0.20545655358154996 0.2163233356831491 0.6730365533235825 0.4220270279742415 0.14559155021601589 0.08092255663652759
17 242 -180 -20 125 0.001410905117531558 -0.19878874027956683 -0.022349471262391174 0.09679025271253427 0.26218862831812295 0.9695257101255697 0.4597645493811029
11 180 -200 -120 25 -0.16996946509714944 -0.11942221505179629 -0.14869284506377722 0.22350934466726324 0.7019907629093637 0.7969248244709941 0.045234206536626353
11 372 440 80 25 -0.11628289446005874 -0.17199471784292525 -0.15992648897419048 0.9525828824957814 0.4719082842097244 0.5193701600125334 0.8668121901498309
10 10 580 0 -125 0.16808196490174782 -0.13679512829391666 -0.15513666600690507 0.2774256120252202 0.7718793604874435 0.7117635775201099 0.4236343033038832
14 247 -80 60 -75 0.06559127867002196 0.13264839403779294 0.009166916634824107 0.4843375688667728 0.14917318963762694 0.10924431521976896 0.3343194713916846
11 300 -80 120 -25 0.14654979469784024 -0.13520932599706004 0.10308590099035958 0.21013720659485446 0.21461974970773123 0.5022913144465775 0.644278522225532
11 111 -360 180 25 0.16289514154281315 -0.09570786808238285 0.10971785883962565 0.7895649823700343 0.6145200510436293 0.5535645204869404 0.9437674501919996
15 177 -200 140 50 -0.05009637192537525 0.12911703141784542 0.08783949656627854 0.22062637472809088 0.47832942900841213 0.40805124831021344 0.11936538404764407
13 252 160 -140 -100 -0.1969272578904427 0.034991379760631824 0.222768989443261 0.4235126605148123 0.022275036053956643 0.12446881519763653 0.7306366787439769
20 444 60 20 125 0.040515942535287064 -0.019259899112914203 -0.198380290392917 0.7757020650605844 0.8970973736435881 0.024419996919893716 0.3534428228402705
18 149 180 -160 100 0.06733983821073852 0.04516643306362811 -0.021292707883791673 0.7268151074584447 0.8632102203088005 0.18916270973576477 0.16444221553333283
12 253 280 60 100 -0.16685662950972724 0.16050181342343106 0.24293489763191622 0.30021228156490676 0.7209597179749473 0.2611478574203384 0.5593611287271971
17 323 -400 -100 -50 0.07125956022121299 -0.10542472250999452 -0.21810590469681146 0.6227164143392983 0.13050844768495207 0.5499455533917798 0.1493985352171584
13 249 280 -200 25 -0.1697980321091071 -0.11035861101660271 -0.2026364521864354 0.27244622823741416 0.9192760805394141 0.6950098930512963 0.12583029521384204
14 107 -340 100 -100 -0.08340872185355963 -0.1640025941036941 -0.1854690409600498 0.9615277787905122 0.8348486756276232 0.7531324249324179 0.2106994843692216
19 365 320 200 -50 0.09897338231421471 -0.117967928370734 -0.10856539387852804 0.5616565047379021 0.0722325039574705 0.9642077103371753 0.301699505977558
19 142 -100 120 25 -0.14586615256670926 -0.19231251531144994 -0.17100185268711793 0.14857164063209027 0.8076593744895274 0.13759754764789311 0.69965908533783
10 183 260 -40 -75 0.144886406154359 -0.17100556545150952 -0.09227742980757475 0.22067358651626767 0.6394204045755201 0.23821619402604344 0.9289450367610137
11 210 360 180 50 -0.10038871944670813 0.2111104503022283 0.07407843521248558 0.25786388037919294 0.8347706789043674 0.6657598515356881 0.9561328551031968
15 192 600 100 -125 -0.13841655864649316 -0.23209653663589191 -0.13898971632400747 0.9159531459484412 0.19494560005431505 0.3233545955820577 0.8317578013055799
19 91 -240 200 25 0.14958725891542107 -0.24094043225270712 0.16291458420308974 0.8467679203611056 0.18036108638048332 0.8131711606674775 0.2659437820052726
10 174 500 -180 75 0.1537499306613111 -0.20499004140853283 -0.03307278031993438 0.02827161466510164 0.05775533363641183 0.14486969538935268 0.6942800780420446
11 159 -380 -180 75 0.22719354129371055 -0.1297702690343548 -0.1974466403545151 0.06498473761978951 0.13182536749369322 0.6622787124852512 0.36935945970824113
11 416 280 -200 -75 -0.018932947267292888 -0.07753774603163555 -0.12837671221624608 0.9382702692214948 0.7511192527686573 0.43873219294427457 0.750367951733006
11 248 -400 80 100 0.21742170545178746 -0.23993528562620264 -0.16646882348553899 0.12521146592948462 0.513307611159125 0.06912216107779601 0.7550524401156556
17 50 -80 200 -50 -0.1333071593830919 0.015930340488794048 -0.003295828471042983 0.2584730263998727 0.948028345598717 0.9233015528069102 0.5233236037021767
15 465 440 100 25 0.158094834105519 -0.1413146713529418 -0.0699687792111896 0.9021313741965509 0.8384897587658304 0.2255682344808735 0.7600271522575186
19 271 -80 -100 0 -0.23117935536927486 0.037565475811260796 -0.07016084087336588 0.34376882214152027 0.44528540775298364 0.5741195658395665 0.050903727345723127
18 118 -160 40 0 -0.24422238832241 -0.003624902033886268 0.06315553318132894 0.7995003842081996 0.10946605888259187 0.7290465654843601 0.8899689233200041
11 87 -80 200 50 0.08598758240877763 0.032064119144465664 0.11634396639653133 0.9601848309820195 0.7493598623762864 0.6062916323051685 0.41684670285811676
15 284 220 160 -75 -0.1753315457537179 0.17605649587500538 0.12665929266352471 0.32998356188907163 0.9010464592913235 0.21430745669593843 0.8627236415586345
18 177 420 0 -100 -0.023001921768455114 0.04047892160271843 -0.06181298460257978 0.32819717529443637 0.8905925982728224 0.5169307182498123 0.36473093281474256
18 491 360 20 100 0.11446766031923061 0.15598148763132103 0.023480106114191435 0.1555578172432217 0.7323669534858052 0.7903431926544692 0.7934307243773344
13 324 280 180 50 -0.11844276387982117 -0.045432316957547236 0.13358315720862118 0.5503735799206361 0.8804522448270855 0.9245868940795547 0.7332587643027539
12 7 -580 40 0 0.03357944583955541 0.11369364540784305 0.014321001186223092 0.1578158004053467 0.47677738626435473 0.9646904530124155 0.6481857892599682
20 384 560 -80 0 0.22765039954086846 -0.15026518270972644 0.02959681870496572 0.859391154096147 0.22222990613728677 0.28412578148160217 0.3882616434014471
10 300 100 -200 0 -0.23911312927061446 -0.10345057512468797 -0.14431192673706494 0.5971857733956394 0.7296932530426394 0.1296661323520093 0.3994771579476314
18 13 -420 -180 0 -0.19419686190682506 0.07770147681877848 0.04858350866470529 0.3216955533027305 0.8095480275945972 0.5208709271660951 0.8480905476168583
12 166 -200 40 75 -0.03278026955547064 -0.11128709733235903 -0.16948462139024523 0.9162385240049926 0.3460464902578899 0.3442298708840743 0.6683926708846928
13 438 300 -180 -75 -0.20836502765538145 -0.016947036571748286 0.18404325710235758 0.9926703722536545 0.8022035205799815 0.09203238522691515 0.4621069890552356
18 69 -560 100 -50 -0.01732042768397335 0.14071796789636182 -0.18857708236683213 0.7717384457982188 0.4364727542721759 0.9022657538070247 0.5767910033605549
15 56 -460 -20 0 0.09011124596558473 0.13740737194775537 -0.2495738118361686 0.8105759041465181 0.1417367093524492 0.48715631711566487 0.16062069043096472
16 443 300 120 0 0.04630784633098739 0.01756741922920707 -0.1277643945246011 0.28692265295234154 0.2526078832112685 0.5527500865334022 0.5960392338103847
18 206 -480 140 -25 0.11051372264821757 0.03662910181268214 0.008954562452053172 0.7189794604660379 0.33531085756032164 0.8814596231545864 0.07044343752732063
15 392 60 180 -50 0.1548862808245311 0.2184331899914011 -0.21752968136582224 0.7227644409562721 0.27353537012949836 0.02520864749062668 0.23460062082425048
13 441 -160 -80 -25 0.24504443245950486 -0.24732454636687445 0.22971620357393846 0.6816904063427172 0.9332810099793997 0.5905255925969558 0.7967126258804043
14 91 -20 140 -25 0.22049352545046869 -0.02608441030302716 0.19356083138054586 0.5634279059845105 0.43306181904801677 0.3540087316616477 0.5113303487828961
10 134 -220 140 -100 0.1236993761242643 -0.04459814389175942 0.035307346494898584 0.1742154963189093 0.2823522737089058 0.3883007038954238 0.14705534826495736
14 203 440 180 0 -0.08795484205431336 -0.02794868838128617 -0.008870288444893404 0.9961986210719771 0.8728064047341345 0.24416678283715287 0.1864151101345768
18 398 -420 60 -125 -0.20228290306471364 0.11614273539729542 0.19040859457853337 0.9362247313814186 0.782152566465776 0.006031591884842813 0.19035821423078392
12 111 580 20 0 0.22754008168686823 0.07402985397282691 0.0645517957161219 0.7182718542523372 0.19833966551737614 0.8648302841368781 0.4283177370278569
13 39 -280 20 0 0.03482205920539505 0.24940558598775497 -0.15482776523814623 0.37805591179732834 0.18979459724045056 0.5628493386374921 0.5597810390554538
17 224 220 -100 -25 0.22968065054754544 0.2122812634631776 0.24991236461465838 0.6861864785572962 0.7291175766838295 0.7008336648899364 0.9967504162655169
18 432 -180 200 25 0.144381852217214 -0.22325523994702212 -0.1611585488053729 0.3275709040020329 0.7731623251928554 0.3893787329435753 0.02175360921522773
18 359 -180 40 50 -0.2469009281902434 -0.05374414839792896 -0.11427033092351935 0.5238909954072033 0.3048555515002712 0.6624123237772102 0.5977921848917735
15 266 -440 40 0 0.07969915825623791 0.2143484775089226 -0.13154634933673515 0.38534379322806145 0.3621336621045159 0.6056289902990402 0.6560806007512499
12 199 180 160 -125 -0.13711561516535958 -0.16749400274622278 0.1053381953722658 0.38168572427207725 0.15907505091177998 0.1659163166048888 0.1616030344940509
14 43 360 60 50 -0.15235388042066972 0.1268686729198366 -0.22703321800773707 0.6489179881221525 0.859685436456029 0.4745058624524152 0.8016831256565062
14 413 -80 -160 0 0.1827329707251062 0.09529533905061544 0.14878401196488766 0.4624955772732138 0.056601741359948554 0.687314974041074 0.004674295719530042
16 165 220 180 25 0.16973890300980665 0.09009870028880562 -0.2306212345867844 0.12989926784093941 0.9717876541571734 0.5710114891884434 0.7764367807669507
10 417 120 0 125 -0.07706291438229101 -0.10931806937239918 0.20372657155416163 0.9220533777042129 0.2245234653623852 0.21383086769437665 0.6489284531871281
12 182 200 60 100 0.07485104430279665 0.2263684430448214 0.11765931317846101 0.6574509257103198 0.31933326058061384 0.4743079521303608 0.17916491335217055
19 211 460 160 -125 0.2272426493495201 0.15256855839628702 0.1472719222937009 0.14885908764940936 0.32341871303453795 0.3153404777542016 0.6769389950396616
13 167 -220 -80 -25 -0.0955943270840468 0.00551391554692221 0.10789790197359089 0.8453749600790875 0.5535853912220428 0.32508476115913043 0.41751850590833073
15 257 140 -180 -25 -0.11640285369586234 0.1089929256254964 -0.10176113417959926 0.1836159202892682 0.11379760191106658 0.695485331787025 0.012429074475859836
11 251 -480 180 -125 0.12100186645927341 -0.054435954090509664 -0.022929189641419878 0.5465770334510768 0.9961990652572403 0.026256496439758026 0.02886454241900782
16 181 -540 -200 -25 -0.1292379263515659 -0.14328961451889433 -0.16996414726334536 0.4098395891080775 0.7276234369798519 0.5629158093368063 0.03905730707042321
18 359 580 140 -50 -0.14210358318483612 -0.13317821672224045 -0.11065949576090972 0.6189054311145954 0.5512719743752099 0.8469752762833147 0.8029279877509071
13 438 480 -140 100 -0.1616280354560048 0.12321852545108314 -0.06015815507157457 0.578605730810161 0.710686503621095 0.1806000823256121 0.001022980926263628
18 181 60 -40 0 -0.1603575163384921 -0.004323317970541973 -0.052263738570452634 0.18349738909344704 0.6297971019649236 0.7297846312266631 0.6277895684367027
15 175 600 -60 -50 0.09052038980643567 -0.10683583087309761 0.12032816736726254 0.8677995489007195 0.46931433646368714 0.18171869793274076 0.2812152917887425
13 33 -500 -40 100 0.04896037413214305 -0.0006670113318223425 0.23636746617924032 0.2106686763607324 0.30081922608880407 0.03751638319743433 0.014145889999200745
11 405 -240 -200 0 -0.20555679578965091 -0.1577902705474547 -0.2267181707374235 0.23668748038975207 0.0426250519570861 0.3375696634155435 0.8204005772775379
12 185 200 140 100 0.02189436118023208 -0.1014528336946876 0.12528065543249906 0.23091885090411535 0.8233252188279476 0.09686616658912306 0.9337815901571664
11 475 540 -140 -25 0.16367304587343778 0.22659804068852385 0.156116811593502 0.5425413403399216 0.04076671522592956 0.1628153232238707 0.043325779877925186
11 261 600 140 25 -0.1647044773712118 -0.20001079033598984 -0.21110810529121427 0.2835211243844168 0.7969945915601978 0.818559513674851 0.4321990568326062
10 277 460 -120 -75 -0.22783414942650115 -0.14950647490824626 0.06259139241265582 0.1759542724965779 0.23761544769206933 0.7410510615184938 0.12814729926378654
15 105 40 100 0 0.03159025108831598 -0.005352194311906255 -0.24495805900499956 0.9455256886312785 0.5493814033362623 0.11375986255881676 0.4400984968039442
11 238 140 -160 0 -0.012590451805839065 0.13153471651958926 0.040645164352267005 0.702802779508971 0.6409187876810601 0.05872798894146469 0.9151369623815497
17 30 400 80 100 -0.0678226749105561 -0.0020608595300826704 0.23524805277347527 0.024454474712277463 0.03699099678178264 0.4245763213182393 0.2747760191179346
10 20 -420 -80 100 0.0890917755912028 -0.2098739009640495 0.09986740573338881 0.8483582483807439 0.6869135793369778 0.4869324735607228 0.8164416333314997
15 60 20 20 25 -0.21226056495594547 0.1418176644952463 -0.037936064976449135 0.4332258386225081 0.5264531282438998 0.009857110652256473 0.13604754647077966
19 65 200 40 -25 0.030286953724429744 -0.18844771901419527 0.0964253648990171 0.3661417347071946 0.03191830024680986 0.7322682962961514 0.288337674813254
18 193 -40 80 -25 0.08464323912826333 0.027982825961272995 -0.017716523065082368 0.5645166575981322 0.29764927564020927 0.34271984040223347 0.1316847564128888
16 141 360 -140 -100 -0.2205258280859565 0.1874121836133698 0.20962253903865385 0.4644050780134016 0.2568072956609707 0.019059985142726887 0.21112840338518601
16 302 60 140 25 -0.24876537663452708 -0.235074838974341 0.24983716990096355 0.5183292035218027 0.08074155082993728 0.6844803039572649 0.6181725771349901
10 493 600 -180 -25 -0.028584386121013217 0.08816960614268687 0.1583611501100921 0.010972003801270946 0.06701523747899463 0.5948006668307776 0.027044528190071304
13 377 -420 -40 -75 -0.04340463492070634 0.18782294067308547 -0.03229751053227198 0.09137588994619805 0.36343353190385763 0.5549842240351682 0.2294438437477765
11 431 -340 180 75 0.15427706977158018 0.2437723890743803 0.20214341797705976 0.08062347361559252 0.7058791431699825 0.43465248325893924 0.6032068806147654
16 460 -580 -200 0 0.0217722381826137 -0.14153344808417878 -0.15240192521461604 0.6459246512989762 0.487901203910476 0.5264330144322891 0.1770923642390808
13 202 300 -60 0 -0.00813289252884708 -0.14441775494294729 0.056346220619233944 0.5060307269489396 0.6784105439393221 0.3011120144780285 0.11897248332295285
12 50 400 0 50 0.09297243095709617 -0.08699420043982276 -0.23907803873555905 0.810546998214503 0.8216174751778494 0.5256497849543922 0.3590427468985664
11 42 400 -60 25 0.1393710757778363 -0.07646378016770627 0.24502020120658707 0.9411795198292888 0.23870300922096888 0.316229473731913 0.16746000444196507
10 156 80 200 50 -0.2186028171676635 0.035299513754267764 -0.040026455118615134 0.022463030560112784 0.28192517500742187 0.5747240308196532 0.976991394283849
19 2 0 120 -25 0.16074655831948365 0.14912584434899329 0.21897936995617745 0.5905778019696575 0.7469473964000025 0.255952592880637 0.7671237603089176
12 356 560 0 -125 0.09366043219427683 0.01957072398585996 0.12376298214519948 0.19853733364404025 0.7869149883232814 0.639158858443587 0.8826377851085245
14 232 500 180 50 0.2002047407246086 0.12313599498192884 0.20911756636390605 0.2423100462772214 0.27339769213567744 0.5328625079393622 0.7535438848727001
19 36 60 160 -125 0.050053559404733605 -0.11978059205844521 0.0652644849591994 0.21785956239472248 0.9669536143064371 0.4112405901425866 0.046707148236406315
16 6 -220 20 -75 0.23726537741618192 -0.23899038067998313 -0.196386970748686 0.9295650479761421 0.35004121099575247 0.9473909424330386 0.3799611011753097
16 86 80 140 100 0.11622299401532082 -0.2435492070412672 -0.14660437135374688 0.23315138740212893 0.5103449722765191 0.003884967424195196 0.14004042739496092
16 201 -20 -140 125 0.09912513073871271 0.15795836768647786 -0.1458258804354995 0.7866616905811482 0.35069880462598524 0.4433841454089458 0.3096833478419173
13 296 60 180 -25 -0.004953819066797482 -0.24288509640736777 -0.07724670404776207 0.1393050393030476 0.14523786696151597 0.04699907147197857 0.16478229127317434
13 82 400 0 125 -0.06595583156961421 -0.00012373132480131277 0.13569088873157753 0.8594536433817672 0.39708721288080284 0.6058526753215965 0.11190724632116711
20 222 -400 -160 -125 -0.014129659701954622 0.21325297309989266 0.014114679286054033 0.8798268117064055 0.7871661838745865 0.5105519063325549 0.6851608313419669
18 440 380 -60 75 -0.032947655352226324 -0.054175567433271954 -0.14499623680584356 0.7165821185500222 0.37632457679570863 0.37323771393612704 0.5884909447113407
11 483 -300 180 -75 -0.06063626470201933 -0.02573949360358785 0.0600591203903838 0.9816987429705695 0.26257180059117213 0.2152619897552488 0.5980828384892778
20 496 -260 140 -125 0.08775414820402122 -0.11982170826403049 0.22690388417933172 0.4559706134915479 0.23274087604001725 0.3574649115303925 0.4701637890599334
14 245 -420 200 -75 -0.1475092996355163 -0.13861457679052236 0.19188123731187096 0.48637843809107395 0.4973721941708811 0.6643283228218648 0.8027500252398624
20 447 -380 180 -125 -0.0330121437787092 0.08525394905054734 0.14721544729912228 0.9962855842572036 0.15756094016722155 0.44753295560279804 0.019789542639690794
15 305 -60 -200 50 0.05768885806762852 -0.10325427245150937 -0.14823299669881357 0.009867828412420732 0.13573870916163988 0.692836223830637 0.36821320636265675
10 366 -400 -160 -75 0.05049138098364442 0.03781149019484009 0.12111835277938154 0.6594749567291339 0.8917878931754437 0.08095332622061768 0.5787606233902228
10 258 40 60 -25 -0.1206139340382823 0.06474597094922901 0.0681151515185125 0.7934776315359757 0.7587429614539005 0.7378894495885312 0.2679092391765092
16 132 400 60 125 0.03279834712235469 -0.15017453501681133 -0.08082293842040689 0.8115579170623839 0.2999736160413893 0.41849822681840354 0.14384985290661978
13 250 400 40 50 0.16479321626945503 0.12346236032934904 0.16480828768797867 0.31480112007337535 0.5786277061033096 0.9707998453845141 0.18392587509863467
19 146 120 -120 -50 -0.11024182345118322 0.1421966821498717 -0.15173581511090767 0.37329336586134154 0.8141887008389712 0.49220516825921756 0.8521081843076989
17 4 160 80 50 -0.23453469098137103 -0.0006591389226012212 -0.12584588978149414 0.024297582042900112 0.6502260742070286 0.765903623147744 0.36188884556603984
11 366 -220 -160 25 0.16712528613660943 0.22241661574391186 0.2034133941565311 0.0439436031455116 0.6007570184998525 0.6140877059854299 0.7908226041152966
15 188 600 140 -25 -0.012819903469403926 -0.026680468767464938 0.1400882403953252 0.5387874908907812 0.14509711280718995 0.5859538272007963 0.10053453991203953
14 201 540 -60 -50 0.19818083883452436 -0.21995259137073142 -0.21296416425892783 0.19031551192537888 0.5073805157038632 0.6475920765935298 0.8425924006073179
20 395 400 140 -50 0.02142086349216782 -0.1693613133077606 0.20515427398391928 0.4604378867882798 0.5331281757757108 0.522469208470644 0.6753236063523167
10 181 -80 -40 100 0.041576683643123336 -0.1827919812733123 0.14442385674290614 0.5873973595089715 0.08795434334166063 0.6760924763781079 0.5920767913583289
17 71 -200 0 -75 -0.15893169603584945 0.16756094377347147 -0.013970974753587106 0.4969648419117385 0.29366576692661883 0.16252397365871352 0.5575292306284935
14 259 240 -60 -50 0.2391411200198547 -0.1470035564316891 -0.12544747338235862 0.9615539208217779 0.6279852250268746 0.2931469205043188 0.4601273713328248
18 351 -540 80 -125 0.007296018127258497 -0.008010234560001828 0.08855506102375071 0.1591187521554972 0.2876221017807684 0.9233043273281935 0.9460608770477414
13 445 -600 60 0 -0.14231659335247815 -0.009371443713162453 -0.1786687814096769 0.5831384051752575 0.5033192239490369 0.44648433258748255 0.023338768816583477
16 186 -40 -80 -100 -0.014738195598677672 0.13241763459203437 0.06118898535579054 0.5656950270857589 0.31547754131926353 0.868463319889472 0.20702129125597646
18 63 -500 -160 50 0.14497539396297698 0.16203385281218702 0.24340816101151014 0.924980241695396 0.3646154922956183 0.6569798311714586 0.059869918120908805
13 97 460 140 0 -0.10990784403373233 -0.1978334223947521 0.196648313304634 0.6442585923227463 0.6834536521350669 0.18819526050405677 0.30956108495077916
15 84 -540 0 -75 0.13857478577189397 -0.16301589383438614 0.08977385211459687 0.766802594804628 0.7644341785307444 0.19861955984535906 0.8394621386030474
19 198 -580 180 100 -0.12415036918128164 -0.05434359872984418 -0.10360390165210925 0.9151692320070124 0.6783459448404457 0.4914648940009074 0.7074114476707372
16 64 -100 160 0 -0.1720061056736633 -0.2112195463397865 0.13388596513329265 0.4082768293755442 0.43223385645005663 0.6736901525391795 0.23766381662869995
17 63 400 100 125 -0.061936783283407626 -0.07062187557881272 -0.24038645319157081 0.8757904207613784 0.012548192262567648 0.6605369647186198 0.035203370077646956
19 217 -220 -120 125 -0.035413961581944875 -0.03279582209769161 -0.18810356462895123 0.37919837407035495 0.805281155844088 0.08243879745031124 0.17360562529060464
15 256 220 -200 0 0.1674528672139023 -0.06698225449066608 -0.02195673971585238 0.4475902003051859 0.8870689499111571 0.6988017550867394 0.859395533443015
12 461 460 -180 0 -0.14876390213592156 0.0721718062741955 0.14978265045279854 0.3927219654566946 0.21242928555508145 0.909050082842234 0.9259719567781763
18 71 460 40 75 0.040492761808806454 0.08658795744363484 -0.20564857038506634 0.032565294067248174 0.7988478540961735 0.46209868939492194 0.8767180604910987
19 285 240 -120 0 0.19506890222038925 -0.2456216823221974 0.043604352328959595 0.937738661507423 0.03642261857645024 0.35228660149422586 0.2751509618249419
20 291 -300 0 0 0.16782035758424874 -0.07926752762647021 0.10213425446856328 0.9543899678585503 0.7192962952834377 0.7393662818719751 0.14235145066231847
13 142 -560 -40 -25 0.00039405478201859356 -0.07933454785571198 0.16113950392150372 0.3877499189605109 0.8699236436566854 0.3272086966628298 0.8698402783074943
18 340 300 40 100 -0.05691586479178956 0.16529090080372472 -0.10736120537844912 0.045110742353460465 0.30220030537152853 0.01779138295227045 0.5942431371342505
10 1 160 -100 -75 0.1220609214846638 -0.23320207524327946 -0.004126460777568175 0.7963539156131358 0.6045611984327467 0.29850091066274254 0.2033755437199739
17 319 300 -120 -75 -0.12344802163556962 -0.015745607981865084 -0.04534251329701788 0.5539554462413745 0.6972526587865271 0.9049380407910464 0.22935479153706173
15 92 560 -180 -25 0.1675989181662373 0.22373521936616836 0.16146941282012134 0.5004004601655272 0.5261079501147681 0.003307648495080806 0.4534167183341292
12 324 440 -60 -25 0.24796999289825733 0.17637558521444385 -0.2249673800541952 0.6647557874006947 0.06465196416073482 0.8870262119312914 0.7595663310172844
14 180 460 140 -25 -0.1173660471368616 0.025577526591193833 0.05257804996555121 0.7326837800270009 0.8355045205088177 0.14297167894170104 0.43447625110490673
20 263 80 100 100 -0.12708136635394252 -0.036149005354722596 -0.05189892629872189 0.25960674734622746 0.9646161263629794 0.48763324418308707 0.6810435194683959
13 425 -260 -100 -100 0.19506306382276528 0.07173308761864844 -0.21411055144823604 0.7521860607253719 0.9461191567098022 0.5812387288155082 0.8981045168155011
19 244 0 -60 25 -0.1880428358491822 -0.0973863865244396 0.04269365147638393 0.299004647454869 0.5203371793979714 0.9274835207032782 0.3571778323022997
18 447 -60 -200 0 -0.2206700774289072 -0.1665952414780198 0.24501936346984987 0.1540091057831221 0.8331706064309697 0.3639155247165812 0.7762714917705966
15 101 500 60 -75 0.1945947338723263 0.1652098054520304 0.21577104032724054 0.6874633332006003 0.7050549271776388 0.17541753967154272 0.9448202022629906
12 495 500 -20 -75 0.16712613268102833 0.13188119434576623 -0.1797356453972953 0.7628575287806137 0.4530205082836315 0.45851554970639274 0.9340036994442279
13 485 520 140 25 0.02184362637849313 0.15513087941025516 0.019963838849134274 0.31746856374511667 0.03922014568675436 0.21978612865101255 0.6920524319132423
10 491 -480 80 125 -0.12014435406117097 -0.20524656491432064 -0.15297692076062264 0.19726692927925393 0.8490099084286379 0.3599857966563893 0.9579750318800067
11 142 -160 -140 -25 0.1210682795690618 0.21532662095676008 0.2037819721540658 0.4206854449859765 0.5406327134672156 0.11975893220168421 0.8895144697238306
20 264 600 -120 -100 -0.24879839708761325 0.10811015979362221 0.12105500042083184 0.7428023806550533 0.6312697744346232 0.8470885651215705 0.528844420269355
15 416 -320 -100 25 0.017237535749565103 -0.06465940055899377 0.02042428436381105 0.06405016739835756 0.23641441068890656 0.5239989657689147 0.05053516968735006
14 143 300 80 -100 -0.12052000329638674 0.1661060902419601 -0.17573343021965632 0.4267797067243203 0.8769546269868926 0.7901672511255566 0.6272515904807712
12 387 180 -80 100 0.044261075582409326 0.001126646924290986 -0.18527753481332793 0.14022535265652714 0.64484996823943 0.458011781931032 0.663143959302257
16 308 260 -60 25 -0.1577708683862799 0.2354277099802209 0.09597470172156991 0.722073972422361 0.1346335044778404 0.10149842621605965 0.41104352380382725
12 350 -340 -140 100 0.14734218677069694 -0.06898792853505503 -0.06586136821148297 0.28254103292621247 0.6047016183440342 0.38975608023688624 0.3911202735587589
17 157 500 120 125 0.2351305363012237 -0.09402704231047887 0.07825297252832136 0.388503970915796 0.11240018475745706 0.4844229703308457 0.6441217842664575
18 303 260 0 50 -0.22198953873632687 -0.12304352069003127 0.13872971309200993 0.1586788333922372 0.9471408976969395 0.2419312029807802 0.7009342516772668
15 355 480 -160 -75 0.13974287836781568 -0.10461725346192574 -0.06425033390086882 0.11652379002043911 0.718632551531203 0.5461774923147035 0.2580579358926025
17 21 360 160 100 -0.22715643567472765 -0.24774096756990766 -0.1882572334347848 0.8569028814353244 0.9666936101976578 0.9532158852341743 0.06491417172843617
18 461 -20 40 25 -0.11344987664821371 -0.15887246599230243 -0.02545200329840075 0.1716448118873657 0.6206919963877947 0.6118049763633021 0.022296972965903383
20 170 -560 -40 75 -0.020374546670543336 0.1626759309890805 -0.03301789332885252 0.6758422445308261 0.8102207154320422 0.9256885072857546 0.43132580134122267
18 122 160 60 -100 -0.1320887404104622 0.09329999231684555 -0.03693373010992157 0.9448887077618617 0.9039476946218541 0.517336767730431 0.9086618174297308
19 375 -460 120 50 0.16760720598452866 -0.1769699340137188 -0.0920978632911873 0.17139494339282868 0.5744061220341489 0.30726309370311855 0.27390940413039044
10 208 20 100 50 -0.2061059842351261 0.06773839292005734 0.08498550471675043 0.776622851863828 0.8086346300481564 0.6893989824363578 0.8755938410202635
12 23 -300 -20 50 0.018849420881683676 -0.18297398209674565 -0.1204988474862983 0.9032657125078852 0.16722349016977778 0.6227594080690678 0.09835921818693227
10 490 -580 -200 125 -0.047764955298742195 0.07586243516284352 -0.09476097021379565 0.3968725178503283 0.6941882532944057 0.4070725434566538 0.6888371244138861
13 13 140 -120 -125 0.047882483196009684 0.10334551531453895 0.0026911827218860096 0.2670517001942695 0.6981762770839154 0.4956489445130732 0.5581372020540909
14 1 220 -180 -75 0.1448855425386847 -0.2334398393971207 0.005913988189289232 0.6413950693126824 0.9717322363764095 0.937537621120609 0.32424016872462913
11 471 340 200 50 0.09190043188083702 0.050801302912519886 -0.19737755531923012 0.5403487759539856 0.3047464147249376 0.011550786910598965 0.3522432918122702
18 403 240 60 -125 -0.036931422625759214 0.2183588452688402 -0.10410335321402187 0.8430402894446286 0.03311686616012899 0.2087664051889635 0.4578683382974621
19 6 -480 -80 -125 0.09353633723504479 0.05805417402598795 0.2148376235826739 0.5143427967203217 0.1208989445785853 0.3598637827572212 0.9031679485695867
18 113 420 -20 125 0.09778477790080248 0.2247261059371673 -0.24614367537149812 0.46667879333440176 0.7477072537189897 0.15094169478856312 0.05700268764933536
12 265 360 0 -25 -0.008203987504977084 0.19368650423001676 0.14383962548358442 0.18951612416216912 0.6107089098173489 0.2704385405145574 0.01028018195660707
16 265 -580 140 125 0.06714224778264749 0.16858899028555607 -0.17051705895572128 0.5759395034207259 0.33631975309295015 0.7845695724109125 0.4467674082428831
17 162 380 180 125 -0.17634000790218518 -0.0675278675384306 0.059280883508088744 0.9585205172480314 0.04978456377612961 0.05313663481694264 0.7241067723870279
12 395 -100 -160 75 -0.09603521790277098 0.14428989612500076 0.17453572269616524 0.4502697751691749 0.03415313717656143 0.3247613930191472 0.5355918678991987
19 198 100 0 75 0.19553790349878836 0.1657213975288685 -0.11987392113859374 0.026872547002073643 0.1932504681401669 0.5897780275419199 0.049435932487981615
20 310 -20 -160 -125 -0.17093868694429448 -0.23754298995733586 -0.2266348009925298 0.09129102534069056 0.1627941928800295 0.7525103674163819 0.4873799614152666
20 77 200 -140 -100 -0.1763192017733936 -0.0989263312413351 -0.08325512802481089 0.9305950666996752 0.9782026817678711 0.3571648096889126 0.18770575585600102
18 7 -20 0 -125 -0.07467103370157857 0.09464701007926868 -0.12906759885898678 0.25787265615178945 0.12829571197602496 0.4965404711523115 0.6382435227639229
15 32 160 -120 -75 -0.08159864846616771 0.2472599551753336 -0.17079592098208424 0.12432036996428442 0.824120023714823 0.4345817712897255 0.028730635302771312
13 75 -420 0 0 0.19892959866091897 -0.02995316201615622 -0.21465631213205244 0.11235541083373557 0.8791001000132641 0.6461684523932061 0.5247298980102276
10 29 340 80 0 0.24466563563666532 -0.02573210665343706 0.21871750644776022 0.6373133542648327 0.36804799985803316 0.24931672756662626 0.38034572336222283
15 470 -160 -80 -125 -0.11370591855760903 0.12648219778719655 -0.23516312286034935 0.36779727964018183 0.9664447667639441 0.629038571193839 0.32955616934169973
13 153 -340 -180 -25 0.07373869471763966 0.001942726768763503 0.12000154674131441 0.7764249853609153 0.011622295353961976 0.6903413149973453 0.8151837409300869
16 206 -340 0 -125 -0.2250828573068876 0.191436120913631 -0.24793843227705148 0.2852898199177052 0.9420932013590024 0.4830694228671042 0.07960455147718826
15 128 -540 -100 -75 0.20254112122856055 0.13671453381635745 -0.1995830673774639 0.8050188948993178 0.6255182881874342 0.35189925942335476 0.3031031391373502
10 208 -200 140 100 0.12740709792268634 0.08814693560114462 0.18320142807787948 0.5703806762480986 0.102395935788273 0.46941381119253645 0.26184690562355095
13 170 -480 80 -25 0.03748446421481827 -0.10283293656171011 -0.16831119179096454 0.6219944697900335 0.22493175576028346 0.26980898512068363 0.18891236780721143
18 218 320 -180 -50 0.14588061896470628 -0.02811441976786111 0.20024930081958542 0.6894736819808747 0.6679772100063486 0.35347622343250384 0.8494144908759436
14 168 -20 -40 -50 -0.03711301291017022 0.23821936664831556 0.029642054407865437 0.04633654275408994 0.6352428910480387 0.7955559283871161 0.21738444413901814
16 256 80 0 50 -0.24096780085521224 0.1569568144309194 -0.008823449878293421 0.9346000204802438 0.7199971586602342 0.8526881962025116 0.9756923902616698
18 247 440 -180 100 -0.10707711724462105 -0.21746002043385948 -0.13549584805327808 0.8777765237282692 0.18005247018462145 0.2049347562630235 0.9964865142255772
20 187 -40 0 -100 -0.007987902039066297 -0.22965462084467236 -0.20391174286607516 0.6171366398035327 0.7655690654820133 0.24879901149828632 0.48566994188129775
10 315 -520 140 -125 -0.009784890912356958 -0.09963953877323589 -0.13212992943442198 0.22270731395299204 0.019057800642785727 0.03362005909763344 0.9198556200470578
14 4 200 120 0 -0.2454380415199125 -0.03595327668574444 0.22942611475101188 0.5017867425402079 0.47838150903972454 0.5473449100937461 0.7585428142388562
16 140 -200 200 50 -0.004585083547678004 0.17824580060968687 -0.18840289913077285 0.5669667566723036 0.9401468594656073 0.6597998066197291 0.018069953273553874
13 499 520 -160 100 -0.1575683781646312 0.05846487765466002 -0.0752491989930929 0.7631459846931883 0.147746028604558 0.9691835952665538 0.07049437692830773
13 459 -420 200 -100 0.037066167046182597 -0.11555845566050693 -0.12625807412042228 0.1327438167376661 0.6366779517049045 0.3259318545564063 0.889987602597508
15 438 180 140 100 0.03357180007464017 -0.0465367875391155 0.08116742307278563 0.3599420923571981 0.030380086050742605 0.49224853554787706 0.8243412958535836
14 248 -600 200 100 0.14604402886221235 0.10976757999831394 -0.24478905430585102 0.964662755419283 0.5765046947565832 0.7222295274949897 0.3488869637059051
11 147 -560 -80 50 0.06594329724439729 0.21073801195075748 0.12183525577850735 0.7111463933013648 0.13583949553485408 0.08420174102736133 0.6756943865662214
18 58 -460 60 100 0.20340666734266688 0.07112191267883111 0.08983013715230337 0.8095663911575424 0.4039585675834487 0.2858442671891246 0.8995840403655283
16 417 -260 -80 -100 0.07523875612194136 0.16220589788872142 -0.16390921669898562 0.9558123291987681 0.1305543017137214 0.2931692972784894 0.14579870881462176
19 492 -600 80 50 0.2332496593797806 -0.0796185061798736 0.14939909900162807 0.5049047039176368 0.15491017725053036 0.5167053241702582 0.2543824621311056
14 106 -320 60 -50 0.14906157017316535 -0.22424705708772935 -0.030519489202249006 0.23184173182212908 0.8568741342408017 0.038225157745544025 0.05495682618740083
13 170 -80 40 -50 0.11757162418128686 0.10797620472317931 -0.027808438945691072 0.9708787742635329 0.972844568754817 0.00815578799409089 0.09722136591834996
13 141 -160 200 -50 -0.2160733936031834 0.1354724762422737 0.02579233822634852 0.5518499279817525 0.8163361523336137 0.9277604049086831 0.2038011506200319
15 193 -180 180 100 -0.0023702380051473515 -0.07513148032421402 0.07563416788047489 0.8074810818794996 0.7139465469288259 0.6163104762398962 0.2326312677459329
16 280 -320 200 125 0.18053311645806863 0.1395901111330079 0.08133512557424383 0.06047515739367748 0.7736435140612099 0.08345126144975468 0.20940339242304218
16 277 -580 200 -25 0.14487171209427996 -0.005577051786600229 0.24301788381726286 0.23617118618182564 0.5443246794224391 0.0527946684252526 0.15154580888060976
15 128 460 200 50 0.2027126441376082 0.22292400584512584 0.2174193193997206 0.3932894828564335 0.7448075601964134 0.8090529268135426 0.4593499876278103
19 289 -280 0 -75 -0.15014456678869154 0.10759338733742468 -0.04738443597839809 0.015435374861522466 0.671949455539717 0.47943712881910394 0.9872838047355736
15 104 -280 140 -125 0.09180647379970996 0.12219727315591772 0.0997930611953316 0.2471037977813989 0.3525845615726959 0.6826263234371063 0.6494792665857532
11 312 480 -20 125 -0.2399144408908936 -0.08914986276251141 -0.20725903399801993 0.9693086919916526 0.19552789096328482 0.7159569868386211 0.02461201426869719
10 137 140 160 -125 0.17976909417024606 0.1478465549261715 -0.03358311798513075 0.8358572768786902 0.7258318534013642 0.38352878603730156 0.060063540166700014
19 425 500 -180 -25 0.07617298572350567 0.23212879843543388 -0.11821933412283847 0.2889111588672305 0.9165061985936438 0.5994808518196697 0.3338250529841337
11 8 380 -40 0 0.15398024377780084 0.17821854085436029 -0.12809404636213123 0.7882555545936857 0.045224578800215465 0.057141492137527505 0.8075699810765966
17 94 -500 100 -50 0.1407693065940121 0.04778807304443683 -0.06598367671038502 0.2801236237618323 0.1380502666703567 0.8484523710544509 0.5167378498711077
12 290 40 180 -125 -0.052071128669579414 0.22389187265278904 0.14501660033942293 0.0305160961819414 0.41074732498238486 0.43297178077399034 0.9649237461689446
15 460 40 80 125 -0.09264979024481151 -0.054801006233429594 0.07347927920671077 0.24942231041667184 0.3643355130790892 0.19640883565330336 0.23792130581368465
13 210 -40 -60 -75 0.13543553433485261 -0.15915382640338593 -0.010562540598456571 0.4350356632331178 0.7799657544972023 0.7634456549611317 0.18315308520494522
11 136 40 -20 25 0.12143355960871716 0.1145062991349804 -0.21538851131091213 0.5452563613520642 0.19963662270058313 0.9472681313508979 0.04314510510982672
17 69 -320 0 -25 0.16514702905322537 0.12482476913425422 0.044206150237429465 0.9657754187251046 0.938852874967525 0.12377421329626326 0.11920847992866679
19 427 140 -160 -25 0.19639712395908332 0.23928405642935524 0.010292184569522744 0.4853764988785728 0.9307526119253557 0.718821193290417 0.4706005250556121
14 482 40 120 0 -0.137488937157895 -0.14866522783837294 0.13587827042590245 0.7543671822732302 0.705990181454226 0.18295974772092383 0.5079116848757487
19 278 180 20 0 0.2032596456769351 0.14434186664974802 0.11555859564562737 0.9998729421595218 0.5597961061864655 0.6669592911671188 0.357705620225098
11 67 -140 -120 -25 0.07312559822943715 -0.052868825853838286 0.0975839794617091 0.5398690663973724 0.09129455901800887 0.506915245687628 0.2803575915700395
15 452 500 -100 -50 -0.13547880066526963 0.0758694171375417 -0.08327534399314834 0.2702427235856547 0.17305028443062898 0.7478592952157221 0.5688670246268195
14 189 -60 80 -100 -0.12264504793267966 0.17309799006693988 0.17110352362830727 0.05647144121136338 0.39875157639948544 0.02486418732918194 0.383222534035184
11 8 160 -200 100 0.17017076722737384 -0.2077541000019384 0.07338917065098294 0.7667631328979221 0.9506766258010574 0.6705686236648787 0.7572256275454937
11 149 0 160 -100 0.14566510450225068 -0.14259452544105983 -0.1066981370812003 0.7157835704233331 0.4028629794741827 0.5174525394653644 0.23912910651061925
16 406 260 -100 75 0.19753395681511948 -0.06039210636837894 -0.17993514662710303 0.5255348277893704 0.3789870831557779 0.6220061455179111 0.49605816268918534
20 45 -540 80 25 -0.17153313535524883 0.14610158710401194 -0.14149350452913384 0.6344656292745013 0.6215583135970666 0.1454544068489505 0.3663458628934233
16 432 540 20 125 0.10739082039870118 -0.07747680125602552 0.1807510740784457 0.046126224800305815 0.8575539876947587 0.3456757503960629 0.7735000563690133
17 118 -480 -80 75 -0.13383260165059546 0.08099559521461797 0.22006452955002564 0.0010730958336004903 0.13614365277661955 0.9294167037669777 0.845482275642167
10 339 -20 -180 -25 -0.03049098085072438 -0.24744613438130297 -0.11835286649407917 0.22865701589134713 0.7386659838975004 0.6345855023425908 0.9558866904151928
20 304 -460 80 50 -0.07135706097645722 0.146468616183629 -0.10615462364001171 0.16454928120286916 0.34404641082048903 0.6373237962478373 0.253903615565509
12 198 580 120 -75 -0.08227991823432396 -0.043825163254953 -0.22807344581362038 0.16346141836733075 0.6102850762057295 0.6576818627130032 0.46558669023230803
13 201 -560 60 -125 -0.09531672240179284 -0.16005974587631716 0.057637136568342684 0.9431606298847136 0.05547529598017753 0.11348747728199504 0.9189572152027803
16 441 -400 60 -100 0.21858361059297576 -0.2422996507608159 0.04998289656501004 0.06729212271447405 0.18432443212236882 0.43272999200219764 0.10454706950896375
16 496 -380 -140 50 0.21635731527252483 -0.17896192649731002 -0.07934320981369258 0.7073920474647399 0.16016132514640358 0.8682486609024473 0.07696299476646529
16 17 360 -60 -50 -0.23501214181141028 0.14171668795608955 0.11153590253353884 0.32579454654485007 0.263452314601751 0.666205221991421 0.1824650967954915
16 98 -480 200 -125 0.0600801196532208 -0.06322912488647714 0.1310335026439478 0.860967724615487 0.9637871977057678 0.7013908950046593 0.412382543903519
15 254 160 -140 100 0.2240044596416278 0.2424500777375087 -0.13176731289835142 0.6460020293080795 0.07842343779935324 0.45613898260671715 0.7811878610010189
10 18 -400 0 125 0.24668981277086044 0.17973229767816368 -0.12207374680481564 0.1164968879987871 0.9922707741484783 0.11244499791089824 0.3472646776343179
19 247 480 160 125 -0.11995568535901813 -0.1316645145966524 0.1692343421953249 0.640892022763049 0.46347464956656337 0.838324578541104 0.10026552449652026
13 236 -540 60 50 -0.0771337174816703 -0.124847747685924 -0.03391547746851398 0.3016885119243363 0.5305499141001567 0.9639857635138159 0.6049214712969643
12 87 -160 180 100 -0.2294948162235358 0.1581024534597832 0.040486250059122375 0.8275792930678026 0.7987888999071067 0.17822278344974707 0.7844827945452456
10 200 60 60 25 0.16712327877687783 -0.07967800509766304 -0.11644479588228429 0.3665947507250321 0.47316265431703197 0.8220234567098622 0.4693119861499069
20 77 520 0 50 0.10817578101665398 -0.04139330117583451 -0.05307222156005281 0.44445663384085443 0.9599395658838665 0.47616362600108575 0.9934007304436472
11 370 -300 120 -25 0.1211679842417489 0.18929559400612178 0.022042323457016066 0.961846374917529 0.9112067967367533 0.8129100523588277 0.9319434068963596
15 278 -40 20 75 -0.10009940835236192 0.2129985351940042 0.1572368031540266 0.6454298313873816 0.6942555485261993 0.8618144463397881 0.5442850140630396
14 445 240 -100 75 0.06699200012666334 0.048584710687105626 -0.16805174294190256 0.035226320506965725 0.16817105875194915 0.7381363851339426 0.8419066046505267
18 117 580 -120 50 0.020204898748515332 -0.005637426118950795 0.16595579143894623 0.9807772443871369 0.9512703199431901 0.6033373197618483 0.9481087330725181
20 247 -80 -120 -75 -0.0971976879547935 -0.24074883751064474 -0.08421008066784824 0.2925807043550087 0.6204137930585238 0.663199549472387 0.554432653538059
20 482 240 -40 125 0.061664498317275274 -0.002324116148102906 -0.1271763215117217 0.6766464549730268 0.36924252088487763 0.46533016304484087 0.8114893610908087
12 35 -560 -140 -75 -0.15142361926306902 0.2005963409763888 -0.05228924093227966 0.035158299374778657 0.07390331010703854 0.6276962782089752 0.2549468650971214
12 394 120 -40 100 0.008432045121250509 -0.1521339702132224 0.1567977763417836 0.5599083526705488 0.01518914442167385 0.49887197538448835 0.07028691237892626
13 211 560 140 0 -0.05581181820885428 -0.23134089010932846 -0.17232485716777202 0.48047004092118417 0.7507633260491627 0.8433640002043331 0.5309095256048626
12 253 180 120 0 0.214106000335903 -0.13753556231742453 -0.07549730846677333 0.9349189146406913 0.6813145599043551 0.12457624570593917 0.8966214424121328
20 336 -160 80 -25 0.15686382384319264 0.23020588263691222 0.009406164879696532 0.8726647932409392 0.6718047505946447 0.975591620752082 0.20105739798337285
12 188 -180 160 -125 0.020989668387310367 0.03571731577854992 -0.08999577992481478 0.8641295143364619 0.5093563825781472 0.1328393320038479 0.10417894308784847
20 177 -600 0 0 0.0713166022699167 0.1876818596430247 -0.09162837862909212 0.668178090886706 0.24713936355003452 0.9545109458438495 0.8155648788168405
15 128 320 160 -25 0.15047425925483665 -0.21355923808317084 -0.04370828640595065 0.854837179157114 0.87157653956031 0.8759635924563635 0.034628206496991276
15 127 -280 -80 -125 0.057842819787327304 0.19015010480650124 -0.16626863761413196 0.3009090961869677 0.30566506139656424 0.7779266691961694 0.9544423046535834
19 324 -460 20 -25 -0.1372917753917977 0.2143513196539245 0.22080342041778606 0.7180440188356418 0.04581810208335557 0.9770354401228487 0.16610306502508654
13 75 -180 60 -100 -0.05079312369359157 0.08179197198910465 0.0974697569216969 0.6959661237228113 0.32521200862251687 0.14287415623323507 0.4559701626588102
13 290 440 200 0 0.0014350236231840952 -0.23850824109285096 0.16662406324579437 0.9785826069996483 0.9588264088345433 0.4279754524187315 0.07949076244385145
10 449 580 180 -100 0.17639836059936415 0.07844474535483281 -0.04633521806233121 0.05978582733347282 0.7926060217638793 0.316209913387299 0.5555008863470988
15 431 120 160 50 -0.055764747959277494 0.19260810984065613 -0.14987340693252715 0.749624315303958 0.31449231371128994 0.17247112970895206 0.40378560010827225
18 270 -200 -180 75 -0.14076031926973614 0.18646266978068587 -0.06968042868514518 0.10704646987741229 0.5764447362577935 0.7724415394156201 0.6175971883221358
11 146 -540 -200 -100 0.00028929435426255923 0.03324494949443535 -0.035095175830132 0.726215733385912 0.0640076616519919 0.7899824787626172 0.5444047324761735
17 56 360 -200 125 0.12676680819654274 -0.1861454964369988 0.09637358103913168 0.09768958398554095 0.9803534109776104 0.8836430895420797 0.562793885172404
17 202 -40 140 -125 0.15999149696165577 0.007334683104199546 -0.031683049676547004 0.13463961164966332 0.7459434938125428 0.9263669061557204 0.5497466634465066
13 106 140 -80 100 0.11075743095317636 -0.24467621955652086 -0.2236374322815074 0.4161830060282261 0.4527466482142165 0.4264310045169817 0.7246925674585705
11 381 160 -180 75 0.051475624161352096 0.11984944979909745 -0.013810488107137309 0.3777712761344568 0.4962545833072638 0.00366188767467146 0.5735513862727938
14 461 -40 -60 -125 -0.23278763145802256 0.18521304889732076 0.034012888389772566 0.21656381461625163 0.19546412960719162 0.06015930630090227 0.9985952176215752
14 194 -160 180 -50 0.14353309258135077 0.12064087962708353 0.0856451960241168 0.8219826721711189 0.33624846614651427 0.3648501756488415 0.7980695603146568
20 227 -520 -120 100 0.12931928963632427 0.09570095573181897 0.040640805400740276 0.15082136224564746 0.45109920014122984 0.8279099511329368 0.12976048427496012
16 288 220 -60 -100 0.18938649820351822 -0.13539533949283183 0.1891986039531502 0.9508910199597811 0.9922321517649767 0.8826812427698321 0.13534169871117996
10 33 -20 -80 75 0.051702148368144574 -0.06290675625970077 -0.11883671194727319 0.25524191865746915 0.23623823323606918 0.8264252459282282 0.707787029375205
10 14 200 120 100 0.19747426190210593 0.18496594623950452 -0.22175451997754136 0.6974164343974711 0.1298097423308705 0.45922266752138097 0.3916875471684701
19 357 60 -40 -25 0.0531946999898017 0.07336944334564877 -0.14827445223248947 0.3114278083641271 0.15658372512584495 0.6496585127266362 0.7750026363528756
15 337 -480 20 -50 -0.006981153874237034 -0.01083331089699785 0.06201934895591926 0.9549580429098116 0.47241326062340294 0.1190496650057683 0.8377382382646029
16 33 -260 180 -125 0.027422294230734667 -0.10255842945338234 0.0918744945953226 0.9384859336543178 0.564634804722823 0.19643867583466512 0.021383123559942097
16 372 400 -40 -50 -0.22311151849578192 -0.13064969560378303 0.17818816113728986 0.8582480827051019 0.5491381216101772 0.29166749200451014 0.22423358645535296
14 303 -400 180 -125 0.17254607680528178 -0.1346135434958904 0.1897711486997335 0.8268383972724331 0.10866489897367249 0.1367562323201097 0.7077127764125846
13 34 260 20 -100 -0.1304036259655178 -0.2012952675851291 0.24767621464552664 0.7931221036343195 0.7783269059827447 0.05030678885566242 0.1627544643472122
16 177 -440 -60 -100 0.09459903786614299 -0.15420625711054764 -0.07150808104710171 0.1982853257005741 0.3900355328806685 0.6543756563932114 0.5560227429134231
13 281 160 60 -25 -0.07597123083583757 -0.07644780321205469 0.23717501565558113 0.9949390784106035 0.4882799921595179 0.9548709918154549 0.39489798971513446
19 250 180 200 -75 0.06737193529027574 0.026779333812490702 0.05954478387489953 0.23145110628511611 0.7306011896181888 0.48282004829483727 0.7266183864337201
18 105 300 -40 0 -0.10061341618006753 -0.1765406236683829 0.08203799946816981 0.7218827409569611 0.5572832107097794 0.17282148401698205 0.49907852656655405
16 456 80 -140 125 0.05787643222009775 0.1960258660413003 -0.09103915129126483 0.1417487404684601 0.49379987800184677 0.3960370954148672 0.20434285296065458
18 65 140 -160 25 0.08022014821267104 -0.2355256013318317 0.22744091108127246 0.872786214528436 0.005212704350634256 0.5472035948698167 0.40538809448143176
11 36 -280 60 100 -0.0693776009710802 -0.06661702942103548 0.2312863935067801 0.9887276003719562 0.07170914874707945 0.5520587678196192 0.40723902130106804
12 418 260 -100 25 -0.05816949861885651 0.2330610600130299 0.05969479075612316 0.9010001679886249 0.3401254189967111 0.4084323347737693 0.1598397508993713
16 100 480 20 50 -0.12145554231245004 -0.02982127896280251 0.0889731294745214 0.35550127942553156 0.49695633743037393 0.4880272663451031 0.7103476637760524
15 308 560 -60 100 0.11629751662759757 0.039905758856002393 -0.15435291036529097 0.222787126860298 0.4434946107926452 0.6488355537099296 0.1658458456251104
15 25 360 180 -50 0.2134173408792685 -0.1834797013790666 0.15829099653474393 0.8574057352062271 0.5940770629384987 0.035232684775361456 0.5739405807880535
13 143 -360 0 0 0.08687830062227886 0.08635311278368474 0.13121519127505477 0.04016990397044096 0.8875950547253109 0.7607946403394553 0.5442780283404955
19 36 -300 -160 -25 0.02567070956704548 0.08371078007111254 0.21097894163436753 0.4863541391645637 0.3427358847215689 0.3216662361390936 0.24027722793587314
19 286 300 40 0 0.114737519307476 -0.22454827192977173 -0.07518710499151349 0.19545616112684205 0.4683306740269052 0.8649191816063978 0.7581533059778248
11 229 -300 -60 -125 -0.2493171206945748 0.0034042863607627316 0.08847826556577992 0.07997731543546915 0.7427625477023608 0.241840159946064 0.9874373726261816
11 263 -220 -120 25 -0.23269987893682287 0.09721012093620335 0.10252444453987958 0.4007365664413446 0.7564673776789024 0.265089249851049 0.8609274346621839
12 179 -360 200 25 0.1269835344405542 0.1668551681601616 -0.1998569730824014 0.6111211423520816 0.18925651449024272 0.5828464199246692 0.9778724339831079
18 59 20 0 100 -0.10629637135547176 0.09093622280182462 0.1837415424763023 0.7560662966858026 0.5976777856965517 0.05949796562239418 0.9351947475883948
20 236 -460 -80 -75 -0.24415110657182337 0.17872087182363589 -0.12243992117820629 0.45018718151134385 0.019641121816390217 0.5876131305301647 0.5669540114823346
19 427 -240 60 0 -0.011534191392599091 0.1491700997783174 0.001669855606515891 0.03947097417331091 0.10738455203084052 0.1419411240262204 0.8457115799485644
19 203 -180 140 -50 0.00591408818745659 0.13012436009121298 0.1339245174115104 0.29859692032425 0.38713037253223614 0.06235295681704145 0.712928154515893
15 25 -20 -200 -50 -0.06501897805726403 -0.10411100210716934 0.2299540657879301 0.6165032498984838 0.5787976226102541 0.9144413706347768 0.5558684652012036
20 407 240 -20 -25 0.11970246998505274 -0.058633152605963856 0.12556347077452346 0.41163259939231067 0.9272813487370164 0.7039620270912673 0.44178796002794307
13 54 -40 20 -50 -0.06590557533643432 -0.2229721462209483 -0.2344515047028859 0.8195532980818682 0.09765632796467694 0.07739331889814116 0.6981116568544598
16 211 -420 -80 125 0.074998489213633 0.09076138147446605 -0.12639673410277685 0.5542913031428298 0.17719455202594492 0.6483403007598194 0.9189679570814812
14 74 -80 -40 75 0.16928604712415274 0.09905661656774262 -0.015846770639907193 0.07613027542046447 0.8356830330189715 0.9439734417004011 0.987847977465487
12 321 80 140 -50 -0.17505688625934346 0.16006336794482418 -0.1313136539776183 0.8903532507158757 0.8039207112074594 0.7765351345203735 0.5920241193630512
15 324 -400 -80 -100 0.14719506749317246 0.013420220496597302 0.1263456384839161 0.16801053876213123 0.8501756215409002 0.8590152524476523 0.932825333054845
12 17 420 -200 125 0.2412919846539303 0.02517168446092788 -0.07509483808080719 0.38164974534392626 0.3760945366667293 0.37671188369872555 0.3589655875874477
19 414 160 -40 -100 -0.07802780623344124 0.17079027771916128 -0.0875849416683252 0.775241016229054 0.03961747234820501 0.24033361442854584 0.9547589903525597
15 439 340 20 25 -0.11876667751426068 -0.16086607899061384 0.17379295023948932 0.8867578420603919 0.8625160949866936 0.697699662277972 0.9449099264389533
15 5 20 40 125 -0.15519705811378526 -0.043432590684477856 0.06692810475529498 0.5690160462198882 0.30228216200291946 0.19215639147828756 0.29531801604714314
11 26 -180 -160 25 -0.11845841064005136 0.0020084323717220465 0.23389733834252502 0.01123301434123014 0.36358443438594046 0.5888983346749993 0.44724341596890727
11 412 500 100 -125 0.1671933906192828 -0.15538566073881793 0.09322138100892463 0.7680352270332721 0.04376243523703516 0.4423656409395966 0.8811518564005633
13 131 160 -140 -75 -0.13207859305463304 0.10183848259143707 0.15482498556656593 0.8663767644838013 0.36647718510291694 0.6673532841576807 0.173845717762237
18 451 -60 -160 -75 -0.20332857493242595 0.18834961899207064 -0.1422859592112783 0.46384516567405165 0.14953582123591003 0.0877821811949343 0.8803333557425337
15 211 -480 140 -100 0.23938736434465052 -0.0350891569413363 -0.07395161321869909 0.14750750302219284 0.03384870073070556 0.5216306958785129 0.3603779636663187
12 451 580 -160 75 0.19457475910603156 0.1427423576521431 0.04532102143254513 0.13660683914108307 0.4623502013173043 0.08785328424963335 0.4798322093382609
10 403 -20 180 50 0.018906695658230388 -0.013580579796319547 0.034110944653911235 0.23177831234860014 0.7692654272503808 0.6209980524895602 0.060375303632001054
20 337 -80 180 -25 0.11803674511477108 -0.20385988818944284 0.07818213001764651 0.6069158710629371 0.09494403287590947 0.7164640471882677 0.39358560007471677
19 249 -220 -120 -125 0.13937128766345586 0.11901805342482596 0.24307862773890648 0.6037137983526113 0.36362607064247143 0.8223619210373792 0.17855717405537908
14 443 420 -180 -75 -0.16885808702543448 -0.1570343261581046 -0.11542112282071815 0.9964828050749179 0.30563374268431853 0.49675625066640683 0.5179386418656258
10 124 300 200 0 -0.06614334547108447 -0.017627009653589043 0.2013078539499389 0.286879500149711 0.09828994479510522 0.8020901509084011 0.24801608047089096
19 367 -460 100 -50 -0.011220125025779848 0.11353073252159568 0.24966148366461216 0.7545649454936926 0.5366166838769687 0.15797927858866712 0.7021262050765907
16 389 480 120 100 -0.05073550436766178 -0.013542531694060389 -0.1693095752680303 0.46102677711012596 0.9303589374190594 0.17278123495186137 0.521228770848245
13 128 -160 -160 -50 0.09015896570845477 -0.11444124297906522 0.07504389647482201 0.2761123614125912 0.5841239322758355 0.8032512671263916 0.615406605556642
15 150 -220 -60 -25 -0.22636394693921041 0.20009086134431942 0.15758853768383085 0.8629819717896504 0.1551981609451727 0.16854551949939778 0.39737321685525706
16 21 40 40 100 0.13323896721823042 -0.046123065470824454 0.21967745547643702 0.2453159430478542 0.20346762374657268 0.7326002135100543 0.2543931855619621
12 490 300 40 50 -0.13347229014698547 -0.13876171814289084 -0.07675666360019823 0.6698912249621898 0.07069242013389221 0.2747296779194346 0.03622186523684101
10 402 -20 180 -50 -0.066354500142834 -0.08328690571049924 -0.22298568271496794 0.8277691020664606 0.7500266234910102 0.4464984559398122 0.2792264646334024
14 431 -120 -60 25 -0.14119835825282778 0.18502446204479017 0.13476098580136842 0.6605518134054452 0.6352049061780018 0.7767395904221941 0.8958919288542787
16 391 -380 -180 50 0.08987930395769284 0.10869987815301346 0.19833034892756007 0.7611344139895612 0.9538021233661875 0.13776840253043166 0.4741414075825636
15 165 -400 -200 -125 0.10340321524697321 -0.2086226328788326 0.18700779660739875 0.1731702629715337 0.7436875089251663 0.7129907951873323 0.6294773678364338
16 386 -100 -140 -100 0.21873390733485798 0.04822787988380545 0.2030143764081514 0.10983625595388857 0.4014560048769308 0.10217546132595579 0.9138893446295183
16 473 -460 -200 100 -0.1846077018873698 -0.12196104544015812 0.09146218662816813 0.346576669590557 0.1389372330326739 0.1872627236668999 0.4914571111729592
15 358 160 -180 -75 0.24896064962831188 0.09883369418930993 -0.13707937950170995 0.33266078196182247 0.490305720510402 0.10728599308946318 0.1853981219274904
14 216 -280 -160 0 -0.20844554425907236 0.083750129839895 0.02017492397864251 0.1961628008914863 0.2895033573343686 0.7533230731215719 0.9782303950881409
18 362 -120 40 -25 0.11947551970721915 0.014401678883488922 0.07229525785812019 0.6204570655636521 0.29893660523794097 0.6125639085046488 0.8664225619906977
18 348 -420 140 -50 -0.0851710842731197 0.24321594799750434 0.08380278014837544 0.008811711694936442 0.38712563432158487 0.3787658863964696 0.10246296216789319
15 160 0 -120 -75 -0.020290703967854262 -0.033874013921891044 -0.06050535793628514 0.21536980683634077 0.7551916057381453 0.7113466402277152 0.813571825690015
13 37 460 -180 125 0.22823914754789631 -0.1394814916924843 0.09521768727659286 0.9616853987499764 0.1858394915596595 0.15196771444106716 0.022957899974839213
10 450 80 -20 0 -0.14832808411409498 -0.140418420071038 -0.12908494928247843 0.9911547560270625 0.4464133148173607 0.8424946885163843 0.34108577913347826
16 36 40 -40 -125 0.037578148101472086 -0.04297043936979178 -0.025919328946315046 0.7550417668993854 0.08438903161316513 0.5023722953637444 0.5913458167017404
12 145 320 140 -100 0.1379044515443933 -0.024571940048459695 -0.1163366744367812 0.7739080086614973 0.6212427297820228 0.4960254863636856 0.6879948713954033
14 18 580 180 -25 -0.18931957197294963 -0.09655606421792506 0.20905304960290066 0.4744375600247698 0.5045663282800191 0.43029904566170085 0.907612109834899
14 65 -140 100 -125 -0.08837688711647584 0.01410346729150197 0.22276511247619019 0.6976994097577603 0.5327308284228471 0.2816062865489687 0.21632317930533818
18 210 280 -120 -125 -0.09238584090624735 0.22724344186726692 0.07969258091956899 0.6318428583955904 0.56813036417509 0.6438998925286327 0.08555154386157726
15 255 200 160 75 -0.24933315457901833 -0.1885560317805225 0.2377357539068335 0.362172577333398 0.9684087447393056 0.08335210128469617 0.28757106462305637
13 45 180 -200 75 0.022867194440331418 0.22584697274664528 0.2105413343404629 0.22844282243312752 0.5163618222181382 0.7980324673472785 0.5448896542059953
16 291 -380 -20 -25 -0.02983935631957546 0.0765461932812716 0.03627119875624957 0.486172522048017 0.3150595538777261 0.041339946755729495 0.9817891492484742
17 420 400 -60 -50 0.13094026264890707 -0.12552697046223243 -0.05728739560106033 0.6668029286107763 0.5313096478296641 0.263622790002343 0.025323042918992122
12 255 340 -160 0 -0.004545556692708008 -0.22296448030401766 -0.0026175310021540055 0.32199744814838094 0.035149131203800366 0.3508882091934188 0.12517003074683142
13 198 -140 140 -50 -0.07472118075125966 0.09540894037899061 -0.24687640752960882 0.8337487727198373 0.057240574123517574 0.2258822298637725 0.9022876311176983
16 244 -340 -120 100 0.08861017219966177 0.0970179936338244 -0.24143986663739198 0.1287373191281329 0.5177407688909116 0.17786839039499436 0.5999636974372491
15 68 -480 180 0 -0.2338144213021589 -0.012948593962037569 0.1175072879477409 0.7854984824099518 0.24612077995241322 0.24371010234248347 0.9251245494741106
