0.5 400
19 493 -20 80 -25 0.07239658645237951 -0.22191191877131383 -0.14864084108630737 0.6794721287556743 0.5080206740086702 0.12250996010443738 0.20447377767524721
10 144 -560 -60 -25 -0.0011528042212954892 -0.1801037566560839 0.1963534675318792 0.8489591558677159 0.019064164083891222 0.6534297624334545 0.6481270801747309
11 475 360 100 0 0.1541240832701985 0.1937191624456866 -0.05308117923213729 0.13817097243982568 0.7197489294418935 0.9570498450119309 0.883439605887426
10 214 -540 120 -50 0.23784805267038855 0.20826280389667146 -0.2140942855513091 0.8688446873852773 0.07940398356546563 0.8833169774619555 0.5317053435901765
18 193 -200 0 100 0.11658960403081015 -0.11481142946211725 0.2449131284636823 0.528431410333299 0.5071793921687829 0.3752766382747358 0.7163696561446808
13 187 -580 -40 75 -0.16943690566215303 -0.2317286490296584 -0.03238443799910584 0.36525669541520145 0.5427303841968186 0.43309494805265536 0.18743422681278044
18 254 180 160 -125 -0.08168291968405983 0.11982383211479569 0.028988682765595852 0.6363320792789355 0.9776318721502723 0.9968422575509773 0.17181496639541682
17 367 460 60 -75 -0.11714361229554321 -0.07769177572097546 -0.07289298327940208 0.027604106089780478 0.28139809743423416 0.4913756375024062 0.5560198291984566
18 397 480 0 0 0.18813910614136853 -0.16623431393096338 -0.1583542227858673 0.22928958827194879 0.6281165051941647 0.379281179527422 0.5873972500580463
19 482 -80 40 -100 0.024647270120640385 0.24829455909388026 0.12495706768033044 0.3710405322259208 0.65167760378654 0.34562915194020083 0.3755685985091609
20 349 -600 100 125 -0.18158203762649183 0.19421967875068857 -0.094066827829136 0.8790599585381941 0.12805462931429323 0.5618695014389365 0.9818137061029364
16 483 -480 -20 50 0.1596187528926648 -0.2236220694202266 0.22519770302176356 0.3526715503123591 0.9325287156229564 0.4521574210338857 0.948586676076651
18 375 460 0 75 -0.027853236172584395 -0.19619032471409958 0.15311017191857762 0.8411957566729942 0.36495391814991074 0.0011510605379937422 0.5585522373290431
20 56 -20 160 -75 0.030879331302586632 -0.08194670533317999 0.1401840098286245 0.9183705879333902 0.7730359591247884 0.7332515557490533 0.4890120018970604
19 388 280 180 50 0.16271619798640286 -0.008470390955961471 -0.017082134149796036 0.6294332360549563 0.28170712120346375 0.7801443468248673 0.6045087690118452
12 350 340 0 0 0.10915011445554701 -0.1710940996284519 -0.11576396839584052 0.9190336053012533 0.4280608328289601 0.7434830487429558 0.7954924818381232
11 418 -600 40 100 -0.10677155473397232 -0.027754625495324592 0.0494367778171273 0.8520674495536705 0.24131112569951985 0.23307892750647674 0.013455314955480246
19 1 520 -160 -50 -0.20897000143706873 0.14300357293396337 0.16030212784288078 0.27468838126894635 0.3122259401157307 0.9349371357423174 0.708523233466989
11 73 400 200 -125 -0.2300148973771869 0.17815407011708062 -0.18031653160636268 0.16485608913365357 0.08886436171317591 0.4217261321901786 0.5758562417184274
15 151 -340 -20 0 -0.17759920272265645 -0.08644020665314778 -0.15453816210582377 0.7464828125231592 0.2899382917581105 0.9310284441110527 0.8330430585799294
10 430 -500 -60 25 0.19717407820572874 -0.05722147789143245 -0.0541963674161734 0.26720293262707506 0.019254062057955768 0.8502736674271106 0.6841577674241345
11 490 120 -200 0 0.07455571908413428 -0.07028033395689531 -0.021929149254455216 0.005116403559076055 0.6590349999825971 0.48302010752892566 0.43637248961393593
15 226 -80 -160 -25 -0.21435219328316718 0.18518092337559666 -0.01009909678206089 0.2644194567112923 0.8312074914151761 0.7078017105077925 0.5452986258350927
11 376 -440 -60 25 0.0710255779524791 0.03485978592845573 -0.06120164870722067 0.8783875725770575 0.1411734732590718 0.6001693407268023 0.19403185468220885
11 10 220 -180 125 0.062457093784479334 0.026337235270411097 -0.15947079249730234 0.5711007619789685 0.26839797004988697 0.8385651442057852 0.253201662539673
12 181 -100 140 125 -0.17251387302339488 -0.07425616592556544 0.1400444176843793 0.9651841869072073 0.8807452116063607 0.5191548673952913 0.04117726865665683
16 11 120 -180 -125 -0.16384377871840639 -0.15771010266057056 -0.21971401672451046 0.7215947378514342 0.2620215795539341 0.883121400709488 0.37539930696340273
11 161 300 20 -100 0.2085965700482192 -0.022312415439749655 0.061192080686574835 0.6730322654518475 0.6061141850723777 0.46018319984308853 0.2060065356873355
20 463 60 -140 -50 -0.01359757134254852 0.16358565034939804 -0.0407612210722591 0.9006011227137951 0.6015976581677611 0.3046145498266648 0.5404589993931622
16 192 -260 140 -100 0.18988769231742902 0.24271186259945138 0.007788754080228277 0.6401468348304168 0.2102272899388299 0.4394506751223485 0.14615947547722985
10 436 -300 -200 -50 -0.2367943162036294 -0.013170428343586116 -0.13731598382485571 0.2560880909268616 0.7816531028253465 0.0853390339205562 0.4068637018314405
11 249 -140 -40 25 -0.09416142097726199 -0.16588297405692592 0.010875266820168428 0.9617803826510539 0.994255215282751 0.5211173007551566 0.2873281549341766
16 270 140 80 25 0.025242162018728198 -0.06645817019165645 0.17767419904665915 0.9577565437754666 0.00729153501467894 0.24436061208247206 0.9059297494593916
19 260 -240 180 25 0.23169700401424315 0.06563774498497427 -0.24515971660934216 0.9906043765972083 0.8032245572314722 0.557389280851563 0.6950059882979818
13 320 380 0 -100 -0.21065998971060546 -0.05059848095871622 0.13691586983689785 0.06933823298609798 0.8375098532128709 0.3465680854772122 0.13139369319486116
16 493 560 120 -125 0.02350200958007609 0.008906392395768736 -0.017390781844527026 0.7936927671472865 0.09438997865422571 0.3216387952574983 0.934807613035855
20 260 -180 -140 -75 0.15731082261349916 0.18488553747610725 0.0522314802789689 0.7178656235506434 0.7268698556613162 0.9393884732578938 0.09182713678838217
17 370 100 -80 -100 -0.18091446960760105 0.1623038292424842 -0.06144986575662509 0.786946376264433 0.06620617682235364 0.1936082490483101 0.6265372571510078
13 182 -200 -200 -125 -0.1795155057298497 -0.22489115494419404 0.1426657214147279 0.4738309913467955 0.7901834871038051 0.2820238367547475 0.15688446808326828
18 140 -560 -160 -100 -0.02474675870076859 0.23060938723369462 -0.11383643299325258 0.13391339094691612 0.5023157952887531 0.1825571420679174 0.14796772812800052
12 477 320 -120 50 -0.09684445741592174 -0.2058286727819208 0.0999482999610653 0.05988244144154242 0.04843609992685405 0.3656808064454765 0.39442286972348306
14 406 440 180 -125 0.0013460139891873224 0.2203667231233688 -0.10946432491668212 0.6479865385055078 0.9354640922625479 0.6373987004798873 0.24701387897609306
11 318 360 40 0 -0.13640766407153382 -0.04246104952767371 0.24771532372960414 0.1838699376819536 0.3088902322386041 0.9841488305022328 0.11969441655231794
15 177 -100 -100 -25 -0.043667127707348985 -0.07649004326348124 0.1071736396865528 0.10737576870977816 0.19228632988627337 0.8498520402287185 0.2572146584934659
12 400 460 -200 25 0.003931802104878812 0.19039412531117694 0.06441004304075754 0.5237001828872755 0.6671223107836173 0.22070102731573293 0.209368790328731
15 190 -560 -20 0 0.03816979994003045 0.1441329400058769 -0.18382177089013813 0.9815850639870993 0.8421437886259056 0.3623915204764394 0.9745486163449054
13 433 -520 -40 -50 0.2226416040046827 0.07787340212801097 0.2030973774869127 0.6943937431696641 0.44741481026151886 0.4327665087295377 0.9086985148898322
20 46 -440 -140 100 -0.18557355266358705 0.11297778945701731 -0.1349146170285216 0.9230699864743306 0.27797356146162777 0.36471569230414147 0.6942882252224747
19 396 -140 -100 -75 0.030188255375667827 0.01622379166658805 -0.23480047813581606 0.6985618828507764 0.8089063793599153 0.40656083756917316 0.20740589677487686
16 203 -360 160 -125 0.1996474806765547 -0.05513393240591463 -0.0012389497770830538 0.36567510803671877 0.3983361037186246 0.9634916229457227 0.9015868823613562
17 412 460 20 50 0.21638729294138354 -0.18707883930234043 -0.2012390017365227 0.0030874759819286 0.34985356356873043 0.1761531688345268 0.2229820318055259
13 227 60 0 -125 0.09781652747089215 -0.11196560569987563 0.1378373786711682 0.3731386591828241 0.661134659087415 0.711012353092016 0.43866306833825286
14 2 -260 -180 -100 -0.2409701019838515 0.17399055459577717 -0.10196444899461427 0.12289633097930897 0.7943993724259786 0.2307176103753471 0.39409397373556543
15 466 -500 -100 50 0.10628704509939757 -0.09353172412832472 -0.007970258627017723 0.7660266852069494 0.6528351800215856 0.7374641254267621 0.3640984391377151
11 282 80 -60 50 0.051588397961180754 0.1496683381008349 -0.07178408789431662 0.10787354810893146 0.8423012760356918 0.13712193599996692 0.33946441861669385
12 360 -60 120 -125 -0.10396143855956386 0.11748895281441751 -0.1758810694699538 0.3399553514167992 0.2684920697134717 0.6849412193311789 0.4442719421220227
20 155 -580 100 -100 -0.16904707780502493 0.21886198556949787 -0.2370208919046668 0.2683731595388614 0.12119589929048524 0.9950684362820481 0.33061919609093626
14 94 -380 140 -100 -0.20125223550666765 -0.1818378910712623 0.2396481036896333 0.23943781250240803 0.7055200668425156 0.1876191759518948 0.07466752815629296
20 297 -260 120 50 0.1222067168805287 0.1502147311007856 0.15041021445201908 0.9828227573579021 0.9311214573667185 0.5286837531650812 0.9550352460143768
12 54 -220 140 50 0.18553037304415232 0.04614023483444718 0.03777120907651366 0.7549133465256185 0.7841422311811881 0.3933433590322868 0.4312490450937444
17 126 140 180 25 0.04291958173819416 -0.24502290949166577 -0.24292365384671566 0.08463295350570998 0.34935366671381696 0.23826223371329835 0.5037648323043827
15 367 -480 60 75 0.1014362266117474 -0.19043538202187543 -0.048970957277754024 0.49577810886287643 0.3947254476786768 0.6234189176236656 0.22315312241525043
16 136 -440 100 -125 -0.14366561771929925 -0.036845206892848203 0.07465201339005911 0.05777842468448591 0.7511495637061774 0.6068385799584477 0.987474140494639
15 105 400 -80 50 0.09245934781481013 0.056910846837593954 0.2020747423980297 0.6663123866849037 0.3060204705776093 0.29447120056757126 0.5871573423564297
15 8 360 80 75 0.2372610283367631 -0.17647735727003117 -0.12883648428994393 0.2492687402887691 0.539312885005206 0.3454547132390974 0.6890593583292292
20 277 580 140 -25 0.01253697929059927 -0.1485575189482652 -0.1366876781665699 0.796436322125809 0.6639079532145875 0.086007300277119 0.5835315712281297
20 287 80 180 25 0.16018546382347 0.21828455949488318 0.0813125993473503 0.5968557914933131 0.6694504569973009 0.45896199039775587 0.9198688796654704
11 156 540 -140 125 0.23674648670351328 -0.21454471320515395 0.054861059945926494 0.5354575662659187 0.8134128553330618 0.0004820298065002504 0.24749914617187796
10 427 -440 180 100 0.20225853847912234 0.06454459209425267 0.2249159009977803 0.5216207378387445 0.8610246506017972 0.6913400461886705 0.8431930736688522
13 261 600 60 100 -0.014510290978759777 0.0035715506628145044 0.23040576422639691 0.2795555890678145 0.9855969741220163 0.5150290156238776 0.37987688240894424
15 170 580 -80 75 0.20380980430870455 0.027478716841083495 0.01591480049205407 0.7440449940955242 0.4604785616507474 0.31520732444016397 0.5708419869676074
19 81 520 -200 100 0.20292899408823672 -0.08261725188390223 0.038483639633579814 0.9373438266863446 0.7429423486282735 0.7306034478739672 0.676351714553853
18 416 540 -200 25 0.16876078565087682 -0.1973622327512301 -0.19654774135965014 0.3552562606269507 0.5391095661405919 0.4657599291590039 0.18428998301090482
13 82 -60 100 0 -0.09593005347025035 -0.2486980809277486 0.14194451287553866 0.521922483199834 0.23506115438342612 0.10726928466785945 0.3681463067761416
19 461 540 -120 -75 0.1318940660398521 0.21109739737086458 -0.14950119291771274 0.4648411716951252 0.898528964448612 0.7514571311178132 0.4179166769490009
20 411 320 200 50 -0.12244199592693222 0.09118672550861318 0.051670210933302374 0.43937277347567694 0.8800837553687366 0.486024839087141 0.5967324467586544
19 261 -220 200 100 0.09770549678718082 -0.16260854156357385 0.03160800599171287 0.5720529360454591 0.781562469500494 0.3355828870979074 0.5277050056984092
18 206 280 -100 25 -0.1423266793862737 -0.17822482796836464 0.12273314981946493 0.3864878971492759 0.254741237108163 0.7160167542514096 0.001908699116905832
14 101 -420 60 125 -0.12215040141060651 0.17398907890770354 -0.09286044600011462 0.5878123590149811 0.7126275300781215 0.4299757397131799 0.6259867315289034
15 195 60 -40 -75 -0.09337888362174107 -0.03437593229694863 -0.22997989750701764 0.4666245146185217 0.12020491127307409 0.7560242283042071 0.18203890599298256
11 359 -520 160 100 0.20529007471441968 0.18638250146090068 -0.1405026913143405 0.21012170873618397 0.4374248722541719 0.34813602808106703 0.2247583429254686
14 94 40 80 -25 0.15935315447520787 -0.1854924168558787 0.05982236529291751 0.1503711559978015 0.20286529818613697 0.798319150205418 0.35930583794307636
12 87 -380 60 75 -0.15865122127234765 -0.16305822641990703 -0.08381142238986083 0.8098943780539537 0.16399362305614107 0.10672158474458071 0.8999436243718562
11 330 -280 180 -75 -0.07085869619153606 0.07714982217589378 -0.08420452029214581 0.6234084274578517 0.6198895320591306 0.4793820719236792 0.4824961518779084
12 250 520 120 75 -0.07562743659808435 -0.008414149857993714 -0.12160508793828861 0.0028435625782181617 0.3071435165978449 0.5521748192133697 0.9976520836399606
18 118 -440 -140 -125 -0.02952526862274757 -0.056775654596585345 -0.2359259679016386 0.8599780131218913 0.7373207225476518 0.2748705387022833 0.4369591304888645
12 480 -480 -100 -75 0.1360274641098132 -0.1466840159373417 0.12922439803776342 0.6296620477402948 0.5861751177318077 0.09193280132590476 0.7937901161012605
14 395 -600 -120 100 0.017982994517314443 0.05865422802508119 0.23370032625193815 0.06785185157887441 0.6588838611161765 0.5189161759776381 0.20568235612206598
14 272 280 200 125 0.16076034548827745 -0.02736299057332542 0.05487040822806594 0.6449457783675858 0.052432241052783435 0.007880041436159724 0.4107919214161321
12 255 -500 -200 100 -0.2429804924281137 -0.14287431310333581 0.23305858113341898 0.0402237432386362 0.38712179063273355 0.43476794159633037 0.4977136768232996
19 201 -20 -140 -25 0.17841154859753916 0.19361664754775115 0.15182114676884062 0.8213658436732153 0.9101527687849282 0.48552421385676026 0.29381631912779704
17 8 -280 100 -75 0.21999592091823078 0.1963318179766167 0.0179816719022165 0.841838226504372 0.48233413831628724 0.4111200036013075 0.4719597677696439
14 285 -200 100 -25 -0.20475392282485072 -0.08171712959498467 0.1571172305115176 0.8936919496250126 0.7736995208974086 0.29296627740392445 0.2186290365717134
14 261 -140 -160 -125 -0.10851916597849703 -0.24196177069637254 0.2004821105603789 0.615389272494247 0.7820249048652684 0.34988629019968254 0.4760144397611298
20 488 -560 160 50 0.021422553635369934 0.10582881180166709 -0.04242355385094376 0.35477776781893056 0.7333198356952993 0.8520166851901789 0.9860897578006068
12 177 -120 -20 -125 0.18442769781019747 0.16352838659687763 0.042786481602195336 0.8386486402178368 0.21142450351276687 0.9615359005385469 0.12154082991937876
11 137 -20 -20 75 -0.12780670608748962 0.0665684164063296 -0.23817606099241623 0.4349877034598957 0.39952478778427936 0.7879306708839803 0.3050583806985623
20 446 -160 40 75 0.16308010530230904 -0.17987113326444132 -0.0305187721585074 0.10448441489241589 0.7412240660563792 0.9677323689722483 0.14943753528900305
19 450 -20 60 100 -0.030309847365053877 0.1252060550632903 0.029819107620330354 0.001433704025153193 0.9159186503260363 0.050681839546507956 0.06321982521239089
13 198 360 80 -25 -0.027270744744613273 -0.24631684854800684 0.12261500919854129 0.22268113364597908 0.41974643876946116 0.3774428852865841 0.25487953050923495
17 259 -260 -60 -75 0.019681707611082233 -0.002091451711370984 0.09923058195866286 0.20324698528661922 0.1726932472917142 0.8356871533553449 0.9103535659811093
15 290 480 40 -50 0.03146289082213971 0.11416371035385842 -0.23563559363233166 0.6759880156073392 0.15228824005801933 0.654493035122768 0.6684318208990975
20 163 -60 180 50 -0.06720323837139808 0.1830261168394524 0.14000995221869394 0.9247605567028142 0.9816812050858758 0.32007687797043405 0.3229447927859883
10 167 140 80 0 -0.07367524016841998 -0.24881348560396888 -0.13394446990484538 0.15090104009393335 0.29933882100572873 0.6306068015649431 0.9224303868120727
12 422 240 160 75 0.041009492888310684 -0.07600440077048959 -0.005249001352083282 0.8923722177410739 0.0344909269023842 0.31248167331368726 0.9443939787632017
19 120 -140 100 0 -0.17855119454140816 0.22536856543793432 -0.06456564273929444 0.9911345664696173 0.3040363271546591 0.2620246585259417 0.37599269510919375
15 244 560 60 0 -0.1902772994124825 -0.18566232545334377 0.17505545278365225 0.17283810691013324 0.37171288805613545 0.13795191574129562 0.14316897357637692
12 52 140 -20 75 0.07091046675228313 0.19686328432881145 0.19062237064290705 0.5970204326455725 0.9835988988773352 0.001623291628213619 0.6455283354771355
11 253 -140 60 100 0.17589680115928924 0.1529738941302119 -0.007757958621726013 0.30011021571443175 0.7606937801465822 0.4084423907811282 0.45273692014522415
12 80 -120 -100 -125 0.0718399662380933 0.16257500788771262 -0.1529534405463197 0.15360106621212388 0.7059228528120307 0.4181093996646662 0.9003379263282388
15 396 540 20 50 0.16695228261830103 -0.01711064898386988 0.07856790643033912 0.16940825988286468 0.9808479803082342 0.30304232808959963 0.8002177134716373
19 88 500 0 25 0.1492350359440589 -0.22753437854516284 0.059087403432794006 0.1344614398947962 0.3801527980216003 0.6095808214652926 0.3626623631947009
12 262 300 -60 125 -0.06546489102229125 -0.0005548537478126114 -0.043242100047734044 0.4846947478285123 0.10278037594149703 0.4530419351427729 0.15030952465517644
18 367 -100 100 100 0.1443128530768284 -0.17405242719070385 0.1856440400700704 0.6775138113129172 0.20427080365070927 0.6955205658429232 0.4738818868912461
12 464 -240 180 100 -0.2074671890209842 -0.06879976885483685 -0.24923619859867852 0.09173937520412645 0.03654269931893639 0.06465295369413815 0.11046588717421235
19 476 -580 -140 25 0.16138124143503135 0.2178739698530942 -0.14788342572698876 0.8523039284023695 0.37428345659422513 0.5652783656576035 0.9139338906522093
19 20 160 120 50 -0.08354579598659345 0.0969981800077982 0.1409685160449045 0.8833387661508151 0.39791813119538655 0.44274212626357834 0.4703142298661288
12 90 240 -180 -50 -0.1926236550622164 0.23743690453397603 0.17662135697161035 0.8390080026381445 0.34973653766392465 0.9578322079403024 0.1359009305229527
14 300 480 -100 25 -0.046697374554717175 -0.2462287687062395 -0.09887519460285982 0.7712412164024651 0.26687750096129537 0.8133777905555767 0.8555358873837235
19 294 -600 80 -75 -0.15753087316453246 -0.046059088350247246 0.09345710554122405 0.4054937971614153 0.16594769799671305 0.2296895546265153 0.2885492307797871
11 352 -380 -100 25 -0.10639679384881817 -0.03546133359724174 -0.1229440142404678 0.33198609571134385 0.3477051489669295 0.8817804241632062 0.7568058631451418
15 305 20 160 0 -0.24338252856283393 0.09265636653886183 -0.02314412870431226 0.588338068822679 0.7056567771825473 0.32240996319499693 0.7161529067538156
10 231 -20 -120 -75 0.019057791943675018 -0.2144691984549344 0.19587009756476476 0.9244067974430636 0.9232885036904093 0.810793516483007 0.24166952629072613
13 199 580 -140 -100 0.21729404791097756 -0.24199681417599966 -0.1491135518693773 0.878671667105269 0.4806999951656915 0.7561639760362837 0.45370644516363123
15 257 220 160 -50 0.20055784889059625 -0.22556603881065357 -0.21826017378308 0.5755642932974573 0.0842759905199515 0.3259247475728667 0.18677474297535623
13 241 -260 80 -75 -0.17852215023322765 0.1705648952656174 -0.17530843206188662 0.6994296193770779 0.7334930045790814 0.5474887464863994 0.5553481988947111
17 399 20 -160 -25 -0.08359809508461041 0.20963731716902118 -0.21167209153748617 0.6444458821929008 0.287979452259545 0.5045414335908391 0.638731029016681
13 439 520 80 50 -0.2403281491008064 0.1252438612465951 0.10907164748059822 0.6224233852404033 0.027157105355073208 0.5474478259525195 0.9081026776333098
17 185 320 -180 -50 -0.2194999641273579 -0.1030097025181021 0.18920130926940965 0.593640844661498 0.5704676125743664 0.4222183291974051 0.635508219344118
15 95 420 140 75 -0.14357920231871624 0.1841213414942604 0.23820549105359162 0.8735018591750736 0.4910676066667262 0.5596165535426133 0.03685456187369973
18 495 -360 180 125 0.06253359634084027 -0.09167983039653005 0.058840103673977406 0.47096413008168103 0.53457485215319 0.4073473485866965 0.2892224067175555
17 447 -140 100 50 -0.09899847852047544 0.20453607546289898 0.21139823437123534 0.9371378249798108 0.22484936176324688 0.4568146600862424 0.25137234493502336
17 92 280 -80 75 0.13724486134218283 -0.14391359756821126 -0.1781460577984869 0.49196311369219603 0.26354272771846765 0.44619132532116057 0.04806319471681508
17 58 -140 20 100 0.184721312024209 0.13968518283802123 0.100079071940463 0.6527423832767347 0.9824018787987796 0.6135696298779442 0.8915918070389202
18 52 -180 -180 -125 -0.24848194580245175 0.24565771363906602 -0.22050447170153825 0.5075722998146003 0.8414730638690358 0.27090954408401724 0.9701108529292155
16 299 -120 -20 -25 -0.034495374645677535 -0.21632244571533232 0.15144513969286366 0.7530210912383044 0.13144687951401712 0.6737649380903465 0.636445360730506
19 5 -560 40 75 -0.0949683703297956 -0.04550794495460719 -0.05691941082308838 0.2299850140509948 0.3729322788239672 0.7355779932061073 0.4000638719010864
15 445 440 -60 100 -0.12196728753108221 0.04659281302148077 -0.19601232303183275 0.1171705128581273 0.9368174016993939 0.5402455381382382 0.41671451335530374
13 342 -300 -100 -100 0.005019596017632244 -0.010930644505127152 -0.14778979755691446 0.707490763648049 0.11891996093290524 0.47883365861143756 0.2126942547088263
17 58 -20 120 -125 0.046887841340395586 0.07242289866688723 0.1975612091001353 0.3591129577034541 0.9007362346587643 0.9400870156723898 0.8351010646045371
10 267 -40 80 75 -0.0024568953697866602 -0.15700047576358833 -0.20699445288416568 0.7625425884741397 0.6590020541922841 0.04318762542476495 0.571992902491261
17 186 520 180 100 -0.1533020160536912 -0.12523141464760623 0.2095513984333202 0.43506702514166307 0.491301996288083 0.005471242012621058 0.38090025022181373
17 358 240 200 -125 0.13333732211285482 -0.17088039055518806 -0.13215414110242196 0.3644695505007681 0.8350657733162847 0.7378056402270879 0.6722632759068716
16 432 280 40 50 0.05510207187912747 0.21320552522457104 -0.1590803950901204 0.519153936656501 0.05558078758289131 0.5803309596010775 0.12674318392363892
20 441 100 40 -25 -0.028166227453395976 0.10742926199352709 -0.03397276256636428 0.6644273695696956 0.28442158253279715 0.16341369974251085 0.13728190347507363
16 92 -480 100 0 0.08438347515717787 -0.051945944983735115 -0.13409807478489671 0.8773728208239198 0.09285993560046435 0.5682965112876948 0.3896246709802246
16 92 -100 -100 -75 0.08015884239309246 0.2409702925612064 -0.028859599329586094 0.7072152645159248 0.9735598383840904 0.29339654899927337 0.9850968740136781
12 429 460 160 -50 0.20492355390093708 0.1776631546477634 0.005444429270061002 0.009703306732255612 0.13509159738982535 0.681842659405962 0.8067139401561741
14 476 -240 20 -25 0.07085186034058033 0.0887470771492756 -0.16166968819564137 0.504157395920496 0.04772167020649809 0.7773815268628037 0.4617256012626658
18 4 -260 -60 125 -0.061728439889072284 0.13963275640130202 -0.03254848072217831 0.6131452008122216 0.47944223113034024 0.08790415002111673 0.44129309834888497
13 309 -360 -200 -25 0.22260623911972527 -0.08548936400236246 -0.00994355826321669 0.8190446429264377 0.1537188995335862 0.8321345847660825 0.8547949504643667
16 70 -40 40 0 0.1598059977814199 0.12735758625670823 -0.22708627251136165 0.3466008778498473 0.7404863775346445 0.6987805511008404 0.3662830954253258
15 187 -140 -60 0 -0.08003078895770532 -0.08347863096735941 0.22661506630070605 0.4308298054498574 0.8717937097903875 0.7679191312903826 0.5610672959442528
17 346 -40 20 0 0.03739518778562556 -0.18505473708261017 0.16583290603358564 0.4393742182205346 0.48256862046307836 0.8559758078469811 0.1523208179673381
16 59 340 160 75 -0.19303509672231345 0.05920552013247454 0.13136510282667668 0.778694799312559 0.583847421771835 0.9521298028098445 0.5554131288169977
14 57 40 20 25 -0.0038059296227215267 -0.15608057408395065 -0.07287380040051422 0.8518742142114267 0.5229081482823985 0.008582279925262282 0.840462003031621
14 191 300 100 -100 -0.005961520702482348 -0.062101108962443974 -0.08700734300815732 0.04960254402380315 0.018498728037082746 0.8371624020441759 0.48550015566061056
16 375 -280 40 -25 -0.12277257631561472 -0.09338432278424913 0.07670940660283143 0.7454352297056088 0.16236250721726264 0.29358043396087674 0.1372884966284844
16 106 -360 -60 50 -0.10240718585566366 0.2270263281074419 -0.1123017951784453 0.6266067474527782 0.745335158429657 0.4770292839842303 0.4089726513077431
13 198 280 -180 -25 -0.010834142008482484 -0.2497831776072007 0.05544412759648132 0.3765311824866172 0.7872415366309633 0.1805959952197269 0.8227305310986093
15 447 60 140 0 -0.08655746206764714 0.13437869496684318 0.10431501633862417 0.35514948268854707 0.7698016040137468 0.23898554337585343 0.42205873454967113
17 500 160 120 25 -0.04350374274566582 0.048919530392919186 -0.14771113825805549 0.8365805451262174 0.8235942315253949 0.45875812430664153 0.821032028759997
11 35 400 40 -25 -0.21266853084145448 -0.030834522835335443 0.1850300712413419 0.12318289710980157 0.39316142358605843 0.040405247168923575 0.38919059538487333
15 19 -560 20 75 0.1535842174078479 0.1531271159997904 0.18203869685490492 0.9106431285839258 0.4399831061930808 0.2914624652790129 0.37752499344718426
20 110 -480 140 -50 -0.09010357176644757 -0.051123806339172184 -0.10438878945613972 0.816459819288672 0.7098094388660131 0.30658309444185383 0.3729351864978716
18 224 0 -60 -25 -0.2133973897467158 0.20779885942535137 0.2452949147827001 0.6878514680421424 0.8068759026157053 0.5412405854251693 0.3269436500722155
20 129 340 100 -125 -0.2019771595926691 -0.1269834953666646 0.20627765750822652 0.9178372307281822 0.8247996039250942 0.18723578066021263 0.10707700503854878
16 62 -160 -140 -25 -0.2188941386598119 -0.17579495093079883 0.03671582664064377 0.1987962261403493 0.02836545593698936 0.1577432260790843 0.9325997788810619
19 411 580 140 0 -0.20080130201351032 0.17053427231973622 -0.07702939399162129 0.5227342417852657 0.11351648251908786 0.2631286379080794 0.6035147112108733
18 117 -200 200 -50 0.1935094082509783 0.042566100442480215 0.0658457617604623 0.4395769501270729 0.8250184656534599 0.031850466061652094 0.4327654628351426
16 71 -160 100 50 -0.1869948098449154 -0.17497940942467755 0.05760112419413943 0.8354369659353785 0.6431634923194507 0.7853193416796813 0.7569226535137585
19 229 -20 -180 -75 -0.1908178939068097 -0.2395796624274923 -0.1302060859361534 0.3072258293863708 0.17853779784459423 0.7219066461485186 0.5982028412823073
20 447 120 0 0 0.022274359395371146 0.16757405313916546 0.11559898266928853 0.7012144785694863 0.7215559906101445 0.31591565655577225 0.8558763024921482
11 209 -540 -80 75 -0.06291250164103868 0.1852388891127839 -0.08019993458334612 0.7583544769532468 0.5069306586019904 0.9700277000811336 0.009882006437279878
13 396 -20 -120 75 -0.013031197064899303 0.18117492965291365 0.11591624295217762 0.8340874752219309 0.9893925888678626 0.9110855348859029 0.3680236521874545
17 164 -600 -200 -125 -0.0461649891232771 0.10123771682256233 -0.16935714616576408 0.09332322890691025 0.5519261075294565 0.7386667383376305 0.1766353994655383
13 156 -220 160 -75 -0.1999146051599599 -0.12129584175651253 -0.011742947837394269 0.353600078528155 0.34403358081863855 0.4606734013155922 0.46960957620648747
10 113 200 80 125 0.12701153771796048 0.23458563740945576 0.24572106434817753 0.09183688564573067 0.627225722929891 0.6594385072497772 0.41315184913430547
19 340 -320 160 -125 0.2169246823056108 0.0273826054789853 0.2436602597263236 0.503070701556087 0.6083912216909415 0.4251998174145174 0.25850292763883764
18 496 160 20 25 -0.08995097884454184 -0.07188793142272515 -0.0480352055469504 0.17546260218659948 0.7771387838537369 0.03154538835220999 0.43982083793666826
18 494 420 180 -100 -0.007748197845462879 -0.08593131221718675 0.22953897536275703 0.731972944900744 0.5632530945724042 0.5854874434421186 0.31379668538381467
15 31 -140 -60 100 0.09041160707213758 0.14033704908389677 -0.17208364106004825 0.5782276581221956 0.7471116276016674 0.4260006272045177 0.6149675251169058
15 435 160 -180 25 0.20123926845022333 -0.045122950011358465 -0.2026459861028857 0.9682440793536905 0.679391761948819 0.2825721028564466 0.9263456085943811
12 162 460 0 -100 -0.16206873126689691 0.07719696113514146 0.13148672406724998 0.30487067934316936 0.8809685999625412 0.6974770280937036 0.8991828832238544
18 319 -480 -120 -50 -0.1400044770181278 -0.21492396703354316 -0.23409257218576895 0.025873943142153966 0.6421658907569344 0.41276797369479445 0.8896264078561132
12 249 -80 -20 -50 0.09332862871254965 0.13333864614858132 -0.20070084734760346 0.24916954912107125 0.743914857234903 0.36046025004158866 0.17111819541752527
11 222 40 0 50 -0.1269532852699351 -0.18446170597333456 0.05956708002207356 0.8215404629316639 0.9125249181194052 0.8433721917910048 0.789969840089327
12 174 -40 -140 75 -0.14638078682610317 -0.12136502250323272 -0.07718495840131884 0.3479398805271843 0.776189114294 0.17805125190326954 0.7659187657734131
19 149 -360 0 -75 -0.020136825525722046 -0.13979802632338695 -0.228846997076826 0.8413932285816361 0.7359502536120438 0.5655529207417469 0.39611764069483446
17 83 240 180 -75 0.01564514165570935 0.09664576837554956 -0.08924465291314598 0.97279056724942 0.17991809653620283 0.9797303537119796 0.9236462762548039
19 413 580 80 50 0.12358893613123118 -0.12977466167665846 0.18683749982505538 0.7365093541709711 0.4736202969292963 0.48894148581687225 0.13814634733851971
18 193 -100 100 0 -0.13122741100090796 -0.13758292076399853 -0.03302709739118809 0.6608753582948098 0.5623084387612616 0.2059131329425622 0.4378789235586451
14 379 280 -140 125 -0.10591738275092594 -0.21875706975785675 -0.12401433862147593 0.475954479504352 0.4575936151850216 0.07552171596830615 0.96387312204511
19 128 -540 160 100 0.14692990304919706 -0.23083059634937086 -0.06520963760264675 0.9517002403324764 0.07431638297117371 0.7799031980715891 0.21225516414323053
11 241 260 0 -75 0.030700340270507886 0.22479827639489053 0.09219124514316873 0.9614974770587651 0.5580044231109997 0.9898741409723633 0.4679862533743001
11 294 -40 -100 -50 0.23079078498742822 0.09991236745081261 -0.23804984623409775 0.7150969735027082 0.8782670877759451 0.8804079823450923 0.7156091720919021
11 293 -40 200 100 0.0605142659832158 -0.10443273639665324 -0.2315089871771857 0.809041851627631 0.8970733997028077 0.534114545014228 0.5951092418074899
18 75 -100 -200 50 -0.16477480836221586 -0.003472415537564333 0.07604503126107787 0.38468511789454307 0.4225511177810545 0.4635433056015642 0.9251948166611318
18 335 80 -60 -50 -0.15123385325969918 0.10784727414345735 -0.13508069477782747 0.9898508556633194 0.6810136941457956 0.7114310250357732 0.558553039866632
14 66 -340 -120 75 -0.1215250718942163 -0.1084386648161269 0.025918881016465 0.36995502454976237 0.40601728071971077 0.33077746763514526 0.3883180879715704
10 321 -240 -140 -100 0.1662942887542292 0.1973078435924986 -0.004114724573384632 0.9769764204136926 0.0043260238338189705 0.7258577166307282 0.09009159050252313
10 30 -60 -20 -100 0.17685779095348297 0.08782002154653845 0.14927251095313465 0.6556794811158712 0.15317850912337172 0.9158769547829224 0.1831678894516069
13 241 520 -60 125 0.21055109209180095 0.12088999743384443 -0.1766639065087618 0.8161856425057429 0.44749176551592296 0.09104900761818524 0.7363512075696402
14 341 -260 140 -125 -0.14664163114560852 -0.24581360764945853 -0.0076001691682827666 0.6177619352377763 0.8304632154561633 0.5884062478852633 0.5900961814666916
19 333 -120 100 -25 -0.030251123863819285 -0.14999793398682765 0.2416229166623497 0.6144746106292894 0.6189066737981156 0.5238181049959493 0.9385971739510474
15 313 20 -140 0 0.06991754631891861 -0.018021650450799565 0.04301305510176018 0.9097880377656816 0.19262816268890182 0.3810457696554652 0.9574787139510186
13 444 400 -200 0 -0.1069519484588376 0.1437738253436081 0.0610058563083698 0.8317664163414994 0.061987416681870244 0.13624128123763768 0.5209253961231931
13 222 -20 -100 75 -0.11274540207876532 -0.22040195005339952 0.1464635998735357 0.14521187552295878 0.9078235256450604 0.8464883667618885 0.9835296556693998
20 250 180 80 75 0.040704016872431525 -0.11694503960929142 0.1497554461229303 0.7408392312352131 0.09286861707974403 0.2550442212515244 0.5218586759040442
18 247 440 140 100 -0.21675165784986833 0.22482894091633288 0.009235497298622719 0.00751483542636977 0.572477465965406 0.5817707198519416 0.6113574236494822
10 272 -540 20 -75 -0.19073050652814733 0.21016263376190042 0.17107617552599558 0.2071927129383374 0.8518390094698755 0.34534504531037946 0.18270885165854533
16 131 260 -120 -50 -0.09634919950589865 0.15764688906498542 -0.05442286917625361 0.37178223796652754 0.9350343747033094 0.14243582366796548 0.7818091855904324
10 428 -420 200 -25 0.12709187796817784 0.029690252159658315 0.10989188614833784 0.27262852734898513 0.8898681886497186 0.9381668788055524 0.9815434847615246
12 401 -540 -160 100 -0.20010512250166707 0.023102321342451493 0.0026440932253487537 0.33489267096156683 0.8345008741108841 0.32837882623855674 0.10013050616749208
16 262 -160 -120 -50 -0.0018716774635614275 -0.060585422936805966 0.10551538622085138 0.3376214311015666 0.5891465754764189 0.5696185118323401 0.6722530149535915
10 434 580 140 125 0.16295400594219306 -0.08921924445392443 -0.16969834714378612 0.5622254889687361 0.7489780674798416 0.262553919605804 0.4853950492603252
11 289 20 200 -100 0.03982920767681514 0.04970711655406518 -0.1592269283800815 0.23729073251018773 0.4389575732296602 0.8863469670313469 0.5071644447466931
17 407 480 -140 100 -0.05190324160554993 -0.19473576381701319 -0.08178487682610508 0.35848781559668286 0.8398963683135033 0.5627559423564493 0.44204896477024935
19 417 320 120 75 0.15339589593512754 -0.2453390198672305 -0.11781348665821867 0.742995234950514 0.6635241310064225 0.2476744541886895 0.7749284255093016
16 446 40 0 0 -0.18434348882845697 0.1834366832401071 -0.02449607103686402 0.4225850775508929 0.3980361849631482 0.9659807892658588 0.4220829882412047
20 246 80 -120 75 -0.18594320517965673 -0.14853549272652222 0.22602194173785323 0.10291344321477502 0.9514341837216388 0.2328309134615104 0.5318788824196465
19 462 -260 140 100 0.14403695481005863 -0.021344972353994907 0.2472922488564679 0.2740550171017503 0.1499656459002473 0.19905942759397133 0.4995650845585854
10 238 -180 100 50 -0.23341322490476407 -0.14118153366956893 -0.2486764318982485 0.8325947342475801 0.05586841291088396 0.3341183391755116 0.7993927069437472
19 40 -100 0 25 -0.04302951369337482 0.1452471846351917 0.22001795048394052 0.021563670291368298 0.9395445125381335 0.18692467516864153 0.4091414484122421
15 186 -120 120 125 -0.17307521078453786 -0.15806578861816972 0.20119886131338954 0.03405634074210351 0.020255209063330448 0.6179975414500101 0.4216779107953986
12 481 400 160 75 0.23552642980145688 0.033443024858558434 0.14171466171016506 0.32012977445101287 0.8344917680092575 0.02958962342320115 0.6783518640005768
11 373 120 200 0 -0.09190909408861891 -0.06826967620340185 -0.06876109237565087 0.8813955020065295 0.1404709638453534 0.45925527968095103 0.07633138645246484
15 105 -500 140 25 0.238404922257554 -0.06777126024870017 -0.17105917133445897 0.8826248279216875 0.7716067779905227 0.38994358624079195 0.8423606820061423
12 164 -360 60 125 0.20822554085857853 0.2158667521738541 -0.19548134425405478 0.2714770819848049 0.9427896417801764 0.5610344458021072 0.8158445123396627
19 33 -340 -200 0 0.042635344194450975 0.11032340680758218 0.033156010716240025 0.49587240287399703 0.5755501897271729 0.030881720022309267 0.38251978454754754
15 227 280 20 50 -0.23072399198419513 0.00607139755696029 -0.08995860773912351 0.20580854987056263 0.6932994136110756 0.4586794783853505 0.2172365771771685
16 258 -400 20 100 -0.13204210105406983 -0.12719873850831148 -0.21572909541847485 0.6413785691406415 0.9084006470098613 0.2570133667504194 0.11382986024016728
20 52 300 160 0 -0.13871759488169394 -0.2145239689053316 0.22118412935924786 0.5268842276827079 0.643327081816372 0.42795769405505124 0.36466552525069174
14 357 360 -60 100 -0.03537432131033563 0.23764001686346137 -0.038073719618794355 0.1379032581344254 0.8945366799800241 0.5240737691164594 0.20397616519916173
16 490 20 60 -50 0.13874157369048695 -0.24925198824605216 -0.09717358980126051 0.7145709990253467 0.6534363737929236 0.23262386492223686 0.8540994260270904
17 168 -180 -180 100 0.23874457874853328 0.028003177080627273 0.023559211203150576 0.37284532517951385 0.31456096842215386 0.5875164004374706 0.746302483850333
15 398 40 -200 -100 -0.17076658567879355 -0.07313574754020913 0.18294559999825954 0.6359171506410736 0.21361487137925528 0.6190802163277971 0.08795051993721648
13 38 240 20 25 0.18795497876126932 -0.21567132482325785 -0.09788997024742879 0.6644750344136593 0.03206718214413573 0.5350989513237934 0.34121588231477984
14 435 600 -60 -75 0.16365783626916858 -0.2219263655874359 0.009992570737130946 0.21805713995620735 0.2648651478568803 0.2329121784120589 0.1361249715704509
10 466 480 180 25 -0.15952570429395996 0.22681172372180125 -0.18145328824512513 0.48372337486772254 0.009208595076330095 0.3978857039515251 0.10122744297636188
17 403 500 80 -125 -0.13896591071741726 0.17203527904285576 -0.11250335964242641 0.1700377660237551 0.4956654804399644 0.6128912831569752 0.56487322840473
12 131 600 -160 75 0.15030690257248852 0.011270922998132815 0.11450450063523232 0.19850261448867035 0.3423981598936803 0.46379399241976904 0.15861411803877679
12 111 -460 -180 125 0.24225533727227622 0.08127542654229991 0.23983906427825585 0.009536231353826752 0.7269767429733366 0.03928539914059026 0.5797345222052452
20 196 -240 40 -75 -0.16260906151008747 0.1301869669974175 0.053764030162817666 0.1444638847473274 0.8725623019995804 0.2744454079806916 0.526882900697951
16 370 260 60 75 -0.13113770102954664 -0.04578195463009521 -0.07273786722317727 0.09408576992675977 0.4291567298637705 0.8824066103445571 0.0003834745477779844
10 16 200 80 25 -0.13469965756118307 -0.1766976264426568 0.06050401465782351 0.5409215222955032 0.3792467364495241 0.14499345916944784 0.19587658733983293
14 116 -400 -200 125 0.21677952479008905 -0.0414962424018287 0.01915481470261371 0.4218317613585054 0.29163382827521966 0.6929646455247178 0.8145081301737584
19 283 320 -20 125 -0.05836248526440713 -0.13494653949370783 -0.18278683876847934 0.2865073962578787 0.29969900871487176 0.1563175259671461 0.3509260957890201
12 115 -60 180 -50 -0.09627553186007964 0.04660554557805635 0.17677687327120217 0.6951576251088076 0.2333002657522082 0.8997427104640076 0.5777498544980486
14 266 120 -140 75 -0.08681231736211587 -0.24552837070169692 -0.21243546261249513 0.45267305667238855 0.836184694174073 0.6762182260827779 0.16813807839377903
10 486 -220 120 -100 -0.21518646387533213 0.01651259504409236 0.16548139785022759 0.6633958401591742 0.9563752683113202 0.13650042996729939 0.4245705898252422
18 121 -400 -60 -125 0.02210894963440857 -0.10921146778868479 0.0033824652771646813 0.46825489673039644 0.6494333620230603 0.11311850935545831 0.4239720409481861
12 408 140 -140 0 0.22025493152167114 -0.23073759912730585 0.09622623156704907 0.24515933216365982 0.5340907360397954 0.8982196017793933 0.18679545014573762
10 435 540 -20 125 0.18642997503847225 -0.06160234467325898 -0.058492712175021055 0.08474042860013609 0.9311383568018247 0.22538395617923068 0.4591008612479175
10 17 -380 120 -125 -0.24954284049412873 -0.04644428148801 -0.13723756913158458 0.10676565891489997 0.7252905997757099 0.9255870826064988 0.8311070976001728
15 164 420 -180 25 -0.14731432605721528 0.10587225920260745 -0.12169655145311709 0.8267147743980534 0.021552413364257617 0.5530620515771977 0.13933260378608037
17 396 -220 -140 0 -0.11612411922840576 -0.004689875957473 0.17027852615344807 0.017238257883502417 0.9822953063930139 0.2077621987967535 0.1715375044544052
16 99 240 -80 100 0.1752937500586892 0.012999528257789883 0.053355768138252546 0.6653187421645552 0.5209442319973585 0.36381067015343205 0.5671677229119623
16 386 600 -80 50 -0.009099542052165288 0.13910770284575508 -0.19627097466893645 0.8495281553663879 0.293174359920484 0.43572287205295324 0.052541592359818035
12 347 -80 -200 -125 0.09911643525070057 -0.2151902594955326 0.13237336582943487 0.005136592772433501 0.633727608965868 0.5581034223295757 0.0638035279488699
11 332 -380 200 -75 -0.18739779552070357 0.06012628490259314 0.14087678033384965 0.3839692642439094 0.008564984756235128 0.26171842963376524 0.3577992179286845
10 440 -420 -20 50 -0.07878104677785919 -0.07483655388983368 -0.181430167106925 0.09859947702973959 0.6533598034661731 0.42585015562614004 0.3060859201204502
19 227 580 -100 25 0.2318639798870495 -0.21312280372965386 0.24893361790303425 0.39901507606572617 0.718381189262853 0.24239302618716752 0.32253921849363554
16 444 80 100 -25 0.17192011686135555 0.24846476711396426 0.14812131025646724 0.7149304758455183 0.14752631286160678 0.7836718023307992 0.6477116699473255
16 126 -460 -180 -50 0.08095453982530221 -0.08327813274732071 0.06292540835227728 0.3034696537328515 0.27169832507112057 0.9780575721437538 0.5601375103243605
19 442 500 -140 -75 0.1545497788296748 -0.15534905637046426 0.14754546028399668 0.02549889986729148 0.2352277579481009 0.7726523749761816 0.47229849933048185
12 342 520 -160 -100 -0.03998827445578107 0.036794216628883325 -0.13061533440676548 0.09807859385374962 0.20675257257241775 0.5313521553681442 0.07311439434673239
13 5 260 20 -75 -0.022931163408021205 0.0910391133199609 -0.21273112265343525 0.2656259610875841 0.7535404663645616 0.04002833949126172 0.13549819956420006
18 286 480 140 -50 0.2376617338523263 -0.14063942426496567 -0.12665744349733044 0.15083741081624324 0.48345559639280833 0.9813987551447547 0.20787531770313417
14 223 600 -60 75 -0.23168252143267787 0.12118915988339007 -0.032937317130510235 0.17961921928233926 0.08474256558707549 0.019098617898614778 0.7633478227930155
15 18 -440 160 75 -0.21631717040562148 -0.1835107240007232 -0.020139104427633225 0.5923483397394812 0.644419112261527 0.31052859852915315 0.6296105900087815
13 199 100 -20 -125 -0.023361194786219508 -0.19261572356005768 -0.07958638213200142 0.29309329021464325 0.5571975705132162 0.10328159315829033 0.12300883116448713
18 297 360 20 75 -0.028122036111080495 -0.19766460982470507 0.21570586023449495 0.1324761727444277 0.36554870785017557 0.1671453526665312 0.8217603069855557
17 257 -440 -160 75 -0.08698863758784897 -0.016594074506786904 0.0007470039049253807 0.8597582390048426 0.39103725710856096 0.6463961583913191 0.7501601258122298
15 406 140 80 -50 -0.03246826894671262 -0.10882566199283333 -0.0757201192102106 0.4886992016846047 0.6362195633200661 0.9414774143342654 0.3876420139905431
12 436 0 180 50 -0.07076872163495018 0.19870338588543418 -0.1152217017343789 0.33238563241934427 0.029110245261996903 0.327209063621435 0.10113987377549194
15 332 -40 160 100 -0.1601503677782708 -0.15397236832528532 0.19538448892222965 0.0255826899627708 0.6805983325346404 0.5916085904597115 0.4562092528045041
16 294 -440 -120 -50 -0.027962188721089243 0.18560668701481603 -0.07442561092777322 0.3877148540718093 0.8405041805131437 0.8712524837145212 0.08455814742658552
16 85 20 -180 100 0.018666958177640303 0.03961241039595409 0.24076585685689428 0.6112817074799827 0.18627119907372303 0.5413401217018889 0.6577439468783105
12 25 0 -200 125 0.0175799765371335 -0.23871693330734134 -0.1020988097090832 0.9308318623013143 0.4530819519237187 0.632405221041661 0.975797479907491
19 360 200 80 -50 -0.17037594850342025 -0.24138160306473222 0.14908940212437888 0.9949225300680677 0.051336943541144264 0.08536335782626459 0.5353917176085695
13 121 80 140 -50 0.18971620201938794 -0.11697859740815891 0.2179232542354847 0.4560791583741821 0.29166305456081376 0.8101742971161008 0.526603500098848
19 398 -160 -120 100 -0.16224947931205652 -0.027823269018329932 -0.17841968964755273 0.6146747171335256 0.45963752123624957 0.4345689817535239 0.2498579401406188
19 408 320 -120 0 0.19168336754471255 0.0731181009560688 -0.2264080749245358 0.3121504303451178 0.33110014130215804 0.8392799501962588 0.501287259465859
12 336 -60 -80 -100 0.1123133810538624 -0.17229514510213084 -0.1911199806706697 0.23252732131187404 0.9192484362804325 0.21430690167566502 0.3287921326531176
12 454 340 20 125 0.07453988214898888 -0.21776907420700153 0.052425453423988855 0.8235729599607273 0.5799228220348668 0.9942165092878197 0.1377617212392952
16 18 380 -120 50 0.12836707671860464 0.07232163405057584 -0.20760571573243186 0.5427005904765018 0.43506460012931847 0.2529619660094271 0.7214775603155761
18 145 80 -140 75 -0.2299314621494516 -0.02218452962470585 -0.037167963196661324 0.9849619033741999 0.8641722733360838 0.3199199623918886 0.5685658925249404
14 341 -540 -40 -50 -0.02959758818918784 0.24325594854817728 0.005194217537311474 0.38474058089373986 0.5543562749138167 0.02990021007228183 0.4940229331770961
10 328 -400 140 25 0.008010440421829856 -0.17181660999603615 -0.03329196660322309 0.5633269373892742 0.5746281807902934 0.23297789483822406 0.27594539115227323
20 122 -140 -80 50 0.2102844246295727 -0.09700137617626414 -0.19268122619058453 0.1888815908348721 0.757303109451425 0.661234070856778 0.7720575103284095
12 229 480 80 -75 0.07543645500067392 0.10520791735359847 -0.14240655492765264 0.5472260393905044 0.704491268755674 0.1085435651673119 0.7699239568911871
14 1 -140 -140 -50 -0.08487525875421315 0.05372781797270698 0.04152485106178461 0.002313770799636239 0.5859931531246335 0.14309849007979536 0.5731246224479951
14 458 -600 60 75 0.18756749849356413 0.09077820028473005 -0.12780006344805284 0.03945398932100741 0.3830906104590305 0.5098708663528664 0.5837014513981409
16 324 460 -140 -100 -0.14206784501440128 -0.03942650531588898 0.06112328560730923 0.4424840703038626 0.4733125477317748 0.7744798973693668 0.08476935316377698
18 210 -80 -200 -100 0.0077869710890772215 -0.2252928488642173 0.02491856154325317 0.547004038060449 0.744305763906666 0.9680198945747096 0.8256728488142615
10 298 -380 -20 25 0.14782159778800846 -0.16502231042299242 -0.1773810552997327 0.6967875255505707 0.10849408514950964 0.7188097125275141 0.83338920375995
12 295 -100 20 -50 -0.12032487608212872 0.1917420076235254 0.1682363937073706 0.7158475874393104 0.4376075261939846 0.6374372058484549 0.5590774627345604
14 55 -520 40 125 0.024546519529871302 0.1869666682208571 -0.23672488131529368 0.4075241169384525 0.151711761840422 0.08268943722273514 0.63733244521953
16 446 -520 -120 100 -0.05005165622777352 0.05318442126247297 0.03075677594324 0.3198951095304218 0.10562707566997631 0.034136363250971136 0.2513591665107311
16 72 -500 200 125 -0.10518035127744763 0.18415321270098378 -0.11868725652462442 0.6882168567922995 0.34435756384729954 0.0792344367063883 0.5533144109504008
19 90 -20 -40 50 -0.11144988430950353 -0.21096180030976902 -0.03489789993683362 0.3283933296905053 0.20746064322372193 0.33315716867099465 0.331178128962183
19 310 -340 -140 0 -0.04911929346625693 -0.1668344345083641 -0.21544889111996723 0.5625172310452876 0.618273909367584 0.042581053724262685 0.02632898736265532
19 346 -60 -200 -25 -0.15825164541187547 0.16547599177260636 -0.20351681431328572 0.07817741198174699 0.9028177740500815 0.010076483842453299 0.009720175300402256
15 106 300 -160 -25 -0.11916659506207161 0.0982884278233237 -0.061566000120268694 0.8358551009900927 0.22311617688779983 0.914739621226969 0.2158018655218943
17 200 -600 -200 100 0.027274398361311236 0.035478667404629516 0.18149278913512246 0.8094286812002373 0.39209776134439456 0.6908154129689552 0.7854380073037344
12 469 -400 -180 75 -0.1785674392294599 0.1955211423944846 -0.06439133803050129 0.054369310811470006 0.7713737774463836 0.7761459675488535 0.1406606159356738
14 30 380 100 -75 0.19868288675650858 -0.13704285304130692 -0.05216383173417427 0.2755078077839157 0.5361898927532788 0.2227385236272773 0.2721096450159315
14 210 400 -40 100 -0.2257942805294782 0.24538788089745378 -0.23253736172151324 0.21071619825782983 0.059017833636658246 0.28103526018489333 0.24677009437460695
16 451 420 0 -125 0.18725940685471343 -0.09092297643917258 0.16319879860962022 0.6890632644001837 0.39105940039732323 0.6974326598361608 0.01250934196588338
13 405 300 -100 -75 -0.20745563311933285 -0.05919039539987253 -0.14536173809595687 0.5294603656907804 0.3307616546569009 0.9917481381260943 0.2690803779247528
18 337 -200 140 100 -0.02955793245225924 -0.21938570528225487 0.21742976797191294 0.46179636537571744 0.37264961842088273 0.26128483367952404 0.2933177945080362
20 135 280 120 -125 0.13614556656461463 0.23130090688208715 0.1050805758417056 0.44111518736621247 0.16218436323697505 0.8667549197592528 0.8854728898541978
11 451 -60 -60 125 -0.04323021083144307 -0.10706689764362992 -0.24066638166540028 0.0752306340195682 0.647704524335578 0.5940442722112679 0.7543497962053063
11 29 -120 60 -100 -0.005776966659119309 0.1844693975414235 0.14448914377003602 0.4001340458597934 0.3278868777910382 0.4746156119024274 0.7933003371520383
15 316 -200 -60 125 -0.175080077420657 0.1311335079305767 0.11867961996304871 0.35712704151947694 0.452840073535104 0.7305608409103426 0.845753928108291
16 87 40 200 -50 -0.19457420649791157 -0.13420185544318014 -0.22200543603868844 0.5056448449058807 0.22386321185182156 0.7095646250635014 0.21480582682283778
10 259 580 180 -125 -0.2182085760681597 -0.1234600807877167 0.01832875057184119 0.6314659255746753 0.6555614707118159 0.6040728940533142 0.042531385986675385
15 314 -220 -80 25 -0.04766992010338916 -0.1635573305401637 0.024010702584187027 0.23874423859129834 0.6932279430200655 0.8346176298049454 0.2551756222954443
15 45 440 180 75 0.1925594791803969 -0.02246501010625529 0.04753159748001995 0.5740512428276066 0.2918496617873433 0.05258990135751418 0.3617093346682073
20 354 240 60 0 -0.10008248086943833 -0.06044540413634941 0.11099012501223882 0.8317847170361842 0.09729279054804185 0.30958697992251494 0.7460620514554623
18 146 480 -60 -25 -0.18356517777314701 0.02853233732492 -0.17184581034740265 0.31699916349020096 0.8757292824050176 0.19911477468097827 0.013783440658620805
20 96 -200 40 50 0.03671206457968218 -0.008186246384078 -0.10185514595491907 0.5004327782577874 0.04816116464585096 0.37606465858997273 0.47214057325057734
16 59 600 40 75 0.15544204495408448 -0.05959593897002807 -0.21424346111715198 0.44528012772234027 0.44239926923328465 0.1875045494418257 0.6359960632370483
17 174 -580 -100 25 0.11883114141805423 -0.23625678911331338 0.1486966903973253 0.7652318414078222 0.5718742910564097 0.9179084009218793 0.9713731491217507
13 231 -260 20 -50 0.03149711119474935 -0.11229106382519088 -0.021814903554003007 0.1888799264194443 0.2848789973191449 0.7340043212077366 0.5367659069919308
15 20 260 200 50 0.06529162223723445 -0.013861828911922391 -0.0028775525181370387 0.3516805604882961 0.504666872629893 0.06439113317132905 0.36660543427720804
16 20 420 -20 25 0.128348531470936 -0.18565510002316127 -0.02378366257806941 0.12391706490801557 0.14599565590363806 0.5984457463851294 0.686205392320737
18 26 520 60 125 -0.10318849428568633 -0.07099827377640822 -0.21471597370017048 0.9986204415154087 0.9034763168616037 0.6150572343556053 0.4601235374745385
18 427 -120 -140 75 0.11663546281977544 0.24989777770818988 -0.030918991517267402 0.5872657649654518 0.4309313325306461 0.42740284718300836 0.3291129049882604
12 496 -320 -100 125 -0.225384828568175 0.24654882344665685 -0.018226039870242405 0.4542974667839157 0.6220867882189814 0.33984625024409953 0.33894965749299744
13 464 140 0 25 -0.0899889867496051 -0.1433304262493471 -0.12164886496507205 0.7769339234079878 0.947756707330038 0.614966024712004 0.25227041903859826
18 180 -440 0 -100 -0.11124213071217037 0.011023425945778431 0.20376438302783606 0.7263924550722081 0.443194402238853 0.11114327297636606 0.3448907766298085
13 10 -40 -80 -50 -0.11116657544761205 0.02143642296715481 0.06244098632232714 0.39152553048237104 0.29149636149653224 0.6697317046657738 0.0019635075505234356
13 399 460 100 75 -0.07359500771579408 -0.21222180204253493 -0.2421357246594129 0.06262126078315233 0.27055455737125933 0.9616553427173707 0.8294762966822155
10 128 -460 160 75 -0.09639412318373836 0.08431225243844087 -0.02887241253379813 0.42267296425497125 0.4931907413315648 0.28096030892494983 0.37481888815810604
12 192 -180 100 25 -0.06978476089137692 0.13058026092780134 -0.19825591365154382 0.5367139383962348 0.337979984803753 0.7484190454191988 0.7851243388696648
20 235 360 -100 -100 -0.04477341438006999 -0.03618174867104773 0.0022198397539444636 0.846174616181874 0.5233208415210022 0.9481442966130037 0.7839471537227481
12 111 320 -180 75 -0.06859085695300748 0.2199778262708414 -0.11347840119798253 0.6376020110318612 0.35030939454564913 0.7622067728711113 0.38759264671923754
18 499 -300 200 125 -0.1972137178111149 -0.08462453068482756 0.15711004646726556 0.13961044520855914 0.042262927040227716 0.8785723459678331 0.7848985151182621
15 466 100 -120 -125 -0.13582071745401536 0.07638469761705502 -0.02501671891853602 0.3309288159100454 0.5073548850113301 0.8164433535014896 0.7846955613943766
11 273 560 -20 -25 0.02409272837170018 0.04422018794215021 0.2220149202086008 0.8045511992945704 0.42124328156279467 0.03360601741130287 0.721170829112205
13 289 500 120 -125 0.10974689373509505 0.025663813808217584 0.24489462978778404 0.21458067287109184 0.9700558768542782 0.9726756905525402 0.2862557794356164
14 353 -420 -60 -25 0.2071189971473743 0.23865654082300902 -0.16363696322152926 0.7818339862493908 0.303137373526027 0.45941454630417977 0.835687355023769
13 45 -20 -40 0 -0.21687902550913662 0.1284728438187705 0.09606612309735191 0.5590937802493939 0.2028574134708987 0.3491930096364606 0.36623172822640004
17 79 -200 20 125 0.03965858230158037 -0.2457450806793789 -0.17525215508208813 0.7744808699399776 0.7811414080007744 0.8275692285000268 0.858505260688371
10 342 -340 -40 -50 -0.2046688514007572 -0.1981085520843066 0.0794611308885797 0.8704260069671522 0.8451361281436507 0.5727898325650189 0.8138398229815655
18 102 220 -200 125 0.058982232036478344 -0.23202883485205433 -0.16450495216463212 0.8637702068978366 0.3626318437635253 0.7776402185790124 0.8679769516315791
11 45 -180 160 -75 0.16422250814636413 -0.1132871633435521 -0.15041353076693947 0.7467330754594785 0.6900287714133341 0.6385731941603427 0.022807182035888718
10 170 -260 180 -50 0.12002506569089455 0.1811728832809419 0.13400959630185544 0.18700816383363916 0.5985651259211817 0.7177674764940227 0.39768744779725074
17 427 220 -180 75 0.016474411934560007 -0.08011185646864166 0.24604172695733367 0.22782058111059722 0.8891182771619823 0.6727890304737265 0.5427202377442525
11 274 520 -160 -125 0.07857516890784316 0.07818929778133732 -0.0008188115579190192 0.13921789102349102 0.15718317361843226 0.996909207382295 0.286345821752077
14 264 120 20 -100 -0.10449431868745723 -0.19944557229460247 -0.18023106393748572 0.15045457717663846 0.3202177111485136 0.3942807743854353 0.4430161336808355
18 481 -280 -20 -125 -0.2291622072794708 0.21949073172853134 -0.15179294545329364 0.37512643101283116 0.17224326467928208 0.9853689008393448 0.41603448107706487
20 6 -360 -100 -125 0.24617449520646406 0.16431623200557177 -0.020756610968567568 0.10297517234007136 0.280731550334239 0.8893829424449546 0.40862959957132416
11 418 560 -60 -100 0.17787882391228427 -0.11491601171535476 -0.24868236737990634 0.3856737103725142 0.22693612593594925 0.4683137579036931 0.9213455316896888
13 420 360 40 -100 -0.10102389008323992 -0.09059368798058426 0.17184913691936204 0.1369735801875459 0.2794044954624646 0.6801944364426047 0.04499610335899196
14 331 -540 80 -25 -0.0004809799071694987 0.055043442595219094 0.04202550520206205 0.10839709100422101 0.7922732999535828 0.7104059725001003 0.46564315596139205
11 360 -220 -200 25 -0.10998442716039064 -0.2437896872702046 -0.04654277363952858 0.6884204297821966 0.15739564719358867 0.4879210120893457 0.4310945189259954
17 273 -440 -20 125 0.1976711480743512 0.09741560119180143 0.11881682895542295 0.9281386251048395 0.5690787361833436 0.4647472821194225 0.7503185819463672
18 298 -380 100 -50 -0.0618456744025665 0.14184062086161603 -0.1301879629036396 0.39188862012718284 0.10968848707540646 0.35589126726268616 0.7821222999465752
20 381 240 20 50 -0.032881943805820435 -0.03463111992945722 -0.10337004942015221 0.9618163530656964 0.49844844612531714 0.747997322432789 0.27158540640205797
12 290 -160 -20 -100 -0.08790956841625808 0.12062126212667668 0.2365486379774891 0.7404096567934061 0.5330318796708282 0.5869220262472915 0.6363799103386202
11 260 400 80 75 0.09831623193129024 -0.05102588575475414 0.11218296149242246 0.8121716380016313 0.7651908636071512 0.8625348516176091 0.01076123711692678
17 325 -420 -40 50 0.10621851907328844 0.20314904813660217 -0.1107544124763416 0.28124344895739384 0.9838232788028866 0.8668728463763636 0.9094086332915206
13 494 -100 140 75 0.22386592067046912 0.11188312463142036 -0.228703236181658 0.6433063993523638 0.5259299381647112 0.0788966091856278 0.9785280484099281
11 492 400 -180 125 0.20433598762716348 -0.08395721459914768 -0.1901953013381384 0.17498781561342014 0.9301923819662516 0.9931366083993564 0.8103150227373765
18 331 140 -120 -75 0.22047360279194977 -0.021317932290966457 -0.23167037663863743 0.32788135807229357 0.8063134397254385 0.25998540669679693 0.5379130297533843
18 88 480 160 100 0.12937171393109775 -0.04959136916437129 0.060379508951931726 0.03378216542640433 0.502203369554044 0.2645194832587833 0.3289364262295159
12 277 280 0 -25 -0.17968183995150783 -0.04889514982011217 -0.00667750156016822 0.8987897368958241 0.42845573324147657 0.34332140502834685 0.10227967466025756
15 127 -20 -120 100 -0.10266208142373745 0.17990890102845147 0.20429232773135625 0.018374880826322215 0.07389218246116203 0.49035075240665316 0.046119807539941604
16 280 140 20 -50 0.09686627172726536 0.17679162941965182 -0.1272497360909668 0.44722520871160254 0.4449859246452105 0.7121283052230661 0.5346477874953558
17 236 -100 40 100 -0.14558218590807226 0.19567882092770905 -0.19807672570262247 0.44637439117732025 0.16947391591533967 0.9810261246000199 0.7820331427165222
11 91 -20 -80 25 -0.13623634943216617 -0.22973100248346978 0.08031624037819934 0.33171787238211714 0.2652676774781496 0.36789802438321806 0.8846265529233285
17 227 -340 160 75 0.02173485330722491 0.23527069979801718 -0.015300464373664446 0.6920176820366544 0.8902869265961544 0.3669942377323704 0.30134952919511937
11 443 260 40 0 -0.10280157945726581 -0.2142299654206481 0.15578074021946414 0.46800669053559796 0.32848374377967116 0.8719366978549371 0.930813701969484
16 180 60 -180 -100 -0.1290772048099475 -0.1859288032602227 -0.22728915168698438 0.018050433669039134 0.6165497267875625 0.4598039139077491 0.5587788394227129
10 307 180 -60 100 -0.1739773522053349 -0.2067908744317265 -0.0794722781172496 0.2825819744167142 0.5990188566104776 0.9561930339744399 0.646757709676505
19 69 -460 -20 50 -0.09887139433384917 0.22844557680952626 -0.2202800407558429 0.5962140294670115 0.5965433696552649 0.6742363990751417 0.4387178414032106
18 456 -40 -60 -100 0.09527421812158188 -0.13218748497021338 -0.19859200936026233 0.7097088737592566 0.770593362338915 0.0584093846814584 0.5215320394859093
19 416 -520 -140 -125 0.24307146340771113 -0.22851700179974438 0.09569007226846771 0.27295905754762595 0.7688173398913749 0.7135305435305441 0.4750804117061771
19 120 -300 0 -75 -0.1132771576256485 -0.20008612870425507 -0.1484532091266444 0.48503795448446463 0.2957267792434892 0.6028500395098926 0.7769423507210805
17 390 380 120 -75 -0.08922022359278231 0.07711790222921017 -0.07741294844006319 0.3519984308960602 0.0597115157744007 0.052425456874470644 0.8377400695860188
13 489 320 0 0 0.20236821142123146 0.1636489720225931 -0.21870306761501151 0.12109319667703355 0.877947376691985 0.7679992179262509 0.9846815024548599
12 309 -100 120 75 -0.2319081302829718 0.058822577381395236 -0.04678230523860999 0.7054633201431106 0.5539647678202014 0.21244727153542142 0.6609974767060048
16 392 -160 -200 0 -0.16662282895847452 0.14458696221279638 -0.08618581671346287 0.0010577822697490635 0.3905088010753851 0.7345737095050492 0.4325279416035194
14 221 180 60 25 0.09001799862224003 0.012163827549609041 0.14537400302252795 0.4001393699950967 0.07247434694424526 0.04822520921268736 0.23818453235188808
18 420 -120 180 125 -0.1738716306193171 0.018982929015629535 0.07203887795989505 0.07958558685812267 0.631924829153072 0.9901185308748858 0.30475154963768336
13 322 -220 140 -125 0.020990110535913598 -0.17459512077529987 0.12002976082837541 0.7228131488370846 0.8333401000051941 0.8093663135289884 0.6714141346492534
10 311 500 -160 -50 0.18496922563361307 -0.08342311094198823 -0.13017867721131154 0.5688153140159165 0.7917977955410076 0.3554269851029328 0.9554157364037794
18 142 180 0 -25 -0.212087055003145 -0.05278336702343417 0.21106380843255151 0.1536832794056977 0.4365148801433165 0.22852859996043773 0.05219289180073683
18 469 240 -200 0 0.16455445713004974 -0.17392951974882054 -0.13466129190774412 0.023662886924595394 0.13300383717797737 0.2914522863412258 0.18299240823735863
19 406 -80 160 -100 -0.08959182193725124 0.06138451682400198 -0.1546029273966486 0.7038313833815034 0.027696344551322638 0.8665137866128008 0.664394141248258
11 407 60 -80 25 0.21288353499017532 -0.16705317057341063 0.03659095172582205 0.5416993203847479 0.8545278476477004 0.1784314188671433 0.026891577961651203
16 431 440 160 25 0.13052222488343912 0.2231589054357519 -0.0511735669824378 0.7724497581724619 0.039911360172726784 0.5893922535703032 0.04273051500279301
10 278 320 -160 -100 -0.09528095232988543 0.06319576338459659 0.01006810226754723 0.8924300742418392 0.9340634125797441 0.9008444735140805 0.44222139739502264
16 27 380 -100 -125 0.1162661929946397 -0.2451720092677297 0.1278573722201889 0.08562781486054727 0.8737054574912794 0.9498880661540754 0.050707842685241755
18 432 -340 40 -50 -0.009772743402881423 0.18306633882466383 0.12963235760599778 0.43374453111715117 0.467858122118178 0.10359379386329637 0.66508981264244
10 151 40 140 -100 0.1335640289940262 -0.06547061008304411 -0.0062917556190407176 0.6834568354071369 0.2462440916978117 0.10808213912148801 0.8554528020990786
12 223 -80 40 100 0.018294855954320344 -0.21565054091956531 0.03207766343298746 0.1591737694578944 0.22352491561177945 0.7758606188546393 0.34565602887538016
