0.5 525
10 263 -280 -60 -125 -0.1604609348685016 0.011868846189465043 0.24270681673174105 0.6336764288775205 0.01159061713174303 0.1920978742675481 0.5473688989626326
11 137 540 -160 75 0.10354357634366479 -0.22464471414938936 -0.08061525274161185 0.7108289036926824 0.28053878047106284 0.13952328631366107 0.5958809276744781
20 207 440 200 50 -0.22116298028401227 -0.1297856116285399 -0.04983876139659743 0.0384061114060924 0.4299038542282906 0.42209895048824586 0.9049803869953011
16 86 0 -120 25 0.09382130047281251 0.12074022457902239 0.2257757016247796 0.8084914472701368 0.11341690558831996 0.8308878074210482 0.9450936968005372
14 384 -440 100 125 0.10508498401811722 0.23921919132827296 -0.21287408817840237 0.11433210301797025 0.5451569270269904 0.7887223611524603 0.3752976349895798
18 325 80 160 -100 0.19279264034630827 -0.11992223545383912 0.1607270631010928 0.6950834109328368 0.5512969323109579 0.5778759135987589 0.6546203651213578
16 185 400 160 25 -0.08569431548149042 0.18333290816877224 0.03149053011332614 0.14426016399760755 0.45011166935876157 0.6998463872743934 0.8094886305401444
15 494 -120 -180 25 -0.034457670858655254 0.07722411581434085 0.04876214844810128 0.6828403722817534 0.3650146230586966 0.6427303607269156 0.14805611601912194
12 170 -560 100 -50 0.12723564735504128 0.04672271475786122 0.09765453204820423 0.993406406712745 0.5703889867751967 0.7776237605302206 0.22130528248931847
16 365 420 -100 -125 0.2235377549476888 0.014689710490090158 -0.03674210802092609 0.6474377337755722 0.7881512815472103 0.07668556638259583 0.4396230634550432
11 384 320 140 25 0.028060960338635255 0.23814652388171964 -0.1303247256968168 0.7520774497165036 0.375578863305697 0.9544296716359936 0.9347449287471128
15 48 -400 140 -100 0.22111840980359077 0.10933431980209357 -0.21261651621919248 0.9471192822524458 0.18942919463539676 0.20081502873378188 0.026307412250576645
11 294 300 -180 75 -0.2012479569991814 0.09084676125659474 -0.09581035589341413 0.6992029927183249 0.6281277935715801 0.9104445209118514 0.06447262873957094
17 295 120 -40 0 -0.20092194680528747 0.02148174312468837 0.16241114909252607 0.9998760049266429 0.42871849766425263 0.32644037323855846 0.018638902145980296
16 377 80 -160 25 -0.10885233887245283 -0.04789059669962409 -0.1780916848591571 0.7893968010076102 0.2756884682295261 0.7465119082059989 0.7527684752687228
14 35 -380 160 100 0.17258178260993157 0.23412919789891484 0.2233509019006566 0.28981526514112843 0.0719177004981878 0.3297927201557349 0.6686512408192746
12 331 -280 -100 25 -0.2311638671224865 0.19559436279091358 0.1895932281688113 0.9143069103031309 0.13452853757599403 0.32625699042539724 0.372172934218567
12 225 340 120 -125 0.058704103578652966 0.11445399535173212 0.23581300447014075 0.8020431090976783 0.14819713639103071 0.9244374800276773 0.07048375780312688
20 383 -460 40 -75 -0.10327049805408894 0.20256864992183204 0.06821274378082609 0.785924273336485 0.9587631129213945 0.0031192560969388605 0.08473059966011331
13 188 -60 100 0 -0.19897396639175113 -0.031070763827712733 -0.023252751825705742 0.061480072492302806 0.4564185259627678 0.7892584214843524 0.9933449243920437
13 127 280 80 25 0.02964584430711481 -0.005783208075417101 0.11913229602601261 0.18594250654719746 0.6467770077709954 0.39584511089160745 0.5097426902760832
17 378 280 -20 -100 0.2013578154390689 -0.21257138707050843 -0.21839772312163402 0.8571311678530931 0.04754637135203399 0.8808367624706056 0.8065559261097824
18 256 420 0 -25 0.1684833023443955 0.13835577932914078 0.10518247314922585 0.18259389886018562 0.22166147389449464 0.4654408900972896 0.3279912296310742
13 420 40 60 25 -0.0796261968841595 0.22034948808798765 -0.10704811642360818 0.15533010372123524 0.1088443926840531 0.8023717747707367 0.23003670707833646
19 303 180 0 -50 0.23369128893355828 -0.0873790536447242 -0.04826764718672566 0.6951417342478711 0.5922492923453115 0.9361622918666825 0.365685120660318
14 222 440 160 0 -0.09775863941285118 -0.18291434979746135 -0.22852364856683283 0.28240823548498073 0.08919739813974392 0.004501224785783409 0.3181567802762132
18 385 -120 120 -100 0.11132478023948578 -0.19826659365657195 0.1614694008289046 0.677499515218402 0.6555689272939292 0.009269459321982643 0.8430542811652765
13 221 -280 40 100 -0.1719016059695221 -0.18281618342595768 0.10109109812602945 0.31535865496367566 0.7920942018008396 0.17951376320338686 0.3865948936508874
11 132 -440 140 50 0.00830105501428885 -0.19139579732778395 -0.036291818746449434 0.2967936249688963 0.5745000099373492 0.8634862676640278 0.10350952965880456
10 215 -220 -60 100 0.13401226656484794 0.1602173244393268 -0.1158738848013483 0.9782709167120327 0.020325810834831426 0.11291126491469283 0.8483762724621338
10 122 600 100 100 -0.16076512465045967 0.24079481486635934 -0.04635378155788428 0.6293173117365344 0.05428843179068965 0.15734366951693735 0.5119939504478949
15 474 200 20 75 0.017237587370012075 -0.19450494136540758 0.18766926410257173 0.7453939725274762 0.7672657462161472 0.596539772480691 0.35074997212439785
18 301 320 180 -125 -0.02332264307813109 0.0821295090336403 0.08900929633673832 0.3070422072915451 0.9581051535028494 0.7422777923404988 0.5205492083326709
15 4 -240 120 125 -0.07422972611273626 0.04347935560159494 0.20553428599011375 0.8663946089161002 0.7327973467467548 0.7112147993459845 0.7505296292616592
15 273 -380 -60 125 0.21677560934435702 -0.04386662072002134 -0.07739107452892918 0.7618845836740913 0.5756389683143889 0.11577466999573671 0.262972706152372
19 467 60 180 -100 -0.15020064170429698 0.1705583783518575 0.11729908007931655 0.6859210351930596 0.09524560386773162 0.6059357181520163 0.15785017409819158
17 298 520 -120 50 -0.113904055003891 -0.12041220578313394 0.14743739654323962 0.028707848609483166 0.6351524784629958 0.9120344725869125 0.4452980268682314
13 150 120 200 125 0.01528943114450304 -0.017683665483088917 -0.23409988048961117 0.07999378874121499 0.12605770319152143 0.9069517633588742 0.8796123229763108
11 5 -540 20 -100 -0.08493148424633584 0.0760197328465525 0.08689252327184421 0.683892544433995 0.6892598459478309 0.0280975281154614 0.24573544426672178
20 121 -200 180 -75 -0.1959158028759838 -0.031238965556453724 0.16661704720756282 0.8901023644437009 0.46471367444132117 0.48397210308552896 0.3043946805226785
18 9 -180 120 -50 -0.23221706181046237 0.1225794758980196 0.04123935243926069 0.7226315706699312 0.012257575843742097 0.5190844362419504 0.554967508642454
11 237 -320 -160 100 -0.057296622025072796 0.07108468744812968 0.037855418463752566 0.6629354203237925 0.16228059607295597 0.933299728435355 0.5290691226451808
18 33 460 -100 0 0.15053959584044824 -0.036058921423440304 0.20585737718067432 0.5019089412918376 0.023331993439694054 0.911338468146112 0.5078691118126317
15 163 280 20 50 -0.04845827574518985 0.04832148477193743 -0.05888309300383626 0.06531040171890123 0.2866616115474736 0.8056094193965089 0.9503847152184554
20 268 380 -160 50 -0.0075965628528239515 0.04823514680827701 -0.2042001773952734 0.7412927318106941 0.7721371080375987 0.6090352903534254 0.07835311126745026
14 436 280 60 50 0.03136317308598535 -0.22960241148947574 -0.09534352023018378 0.1114115399701161 0.5421000843329695 0.34987539724876626 0.5025081772492471
11 284 240 200 -50 -0.07318612945889608 0.07190734440140722 0.13753431474714156 0.9918027173212747 0.6935471352698479 0.290870405918367 0.8903147995490426
14 124 -180 -20 100 0.20386309494821592 -0.18530661915337882 -0.23846132751753618 0.7127702096430626 0.4588860712953575 0.556910930245627 0.8750544820018988
19 207 460 40 0 0.21176478313625763 -0.22306038222177177 -0.1465536583172215 0.6145155373949799 0.9877891603818474 0.8684476792927083 0.33300147595365615
20 400 -80 40 0 -0.07236319906435307 0.19394201805679773 -0.09851469769535848 0.9087921858688358 0.03679964258174484 0.7505820745374682 0.3776960344017709
17 2 200 -140 125 0.11908503007546262 -0.2463862839125664 0.18976337039855107 0.8492426427974964 0.7152530492785016 0.2610643884786412 0.8678747072165364
15 355 -200 80 75 0.23634922451793272 -0.2335749927109778 -0.10736602498449743 0.4417460044895083 0.08757197427397445 0.5524633600140723 0.6834722024660274
15 134 -80 160 -125 0.22477205447931148 -0.18477780903423757 -0.097346874607112 0.6335924014811771 0.6465593355787499 0.8582381568915206 0.37199397565370484
18 297 20 180 -100 -0.2280771742242556 -0.1642392149632214 0.007524551141823488 0.001515930891867967 0.009156397634340285 0.2827241432902552 0.6926216498749302
18 253 560 -40 0 0.18507056772994185 -0.23000276704308853 0.038739016542482796 0.9370751414877357 0.00036191242861360884 0.24729991937198426 0.17670321227047414
11 213 160 160 -25 0.16694766025444308 -0.14024698804543118 -0.11947791115486928 0.5640270176233475 0.8703541302588355 0.12129742809366839 0.18109057239621185
10 174 260 -40 75 0.09245859050925803 0.16193321092213248 -0.10953986941870358 0.4306972755582583 0.8860123061300457 0.7679332970727749 0.812489000672875
11 433 -160 40 125 0.1349938314235391 0.23604211643313322 -0.23394373537571805 0.8997865977940541 0.9759436621103529 0.9219695542572536 0.7664931198973903
10 131 540 -40 25 0.08979580853838875 -0.234521576497138 -0.1397356085192386 0.9892702147801427 0.8255618508430358 0.8732886556565029 0.005071505027095191
20 341 0 180 -125 -0.046488659794338805 -0.04950339507071655 -0.23809527508659806 0.6822068608132367 0.2655274137201534 0.8099743168316792 0.36102317379141946
18 10 20 40 100 0.13826253904706254 0.07470099221038562 -0.2271450236795277 0.705999559839742 0.9010851747144853 0.11417706007099016 0.9643103858715166
11 498 180 -120 -100 -0.1845251130902642 -0.060731192946267165 0.1307067212912969 0.8327228351510676 0.8355332754379661 0.31772252934973977 0.1387841419686554
18 56 140 -60 -75 0.23957256701884244 0.10708307567004016 0.21030371654020136 0.9571238771772732 0.003321669059450083 0.6348430333180327 0.4733689670416644
10 164 500 -160 125 -0.22380009911550658 -0.09886290063504705 -0.18837549549011495 0.6040111405577164 0.9173920363276803 0.080457262904721 0.19064273310982616
19 69 240 160 75 -0.024568270208745857 0.2078690471735415 -0.162147032147765 0.8786126496390042 0.16146273185537796 0.2440232868745933 0.22362492624273078
20 400 -380 160 -75 0.07809541727655495 0.09221092508289108 0.2395309600008657 0.894529842952928 0.7022323148298457 0.45697848406993113 0.03679552216499404
16 361 200 80 -100 0.03303632258688488 -0.17916535241157056 -0.02484073800838682 0.025076680778707505 0.6391064027218081 0.5856271730467885 0.9076728248233797
17 109 20 20 -75 0.0034918217449614875 -0.21605894238738654 0.23202328549908874 0.0773478496537583 0.5806848627767282 0.11303729256841066 0.5399586134569014
15 251 -540 100 -75 -0.030926196813851947 0.07530178661040193 0.11803403218401298 0.7623947592255392 0.3657734143870536 0.7899076878610661 0.16132865839689003
10 469 -180 80 125 0.028923716774855668 -0.19153636279673247 -0.16053937872407342 0.27997542799989994 0.2866554792200956 0.9752237191248604 0.680117522968059
13 304 540 140 -50 0.17128557100597613 -0.09530951062535531 -0.035479421370889885 0.45074885514490226 0.18494850703860632 0.9874628504006637 0.018255131586735973
13 21 580 80 -50 -0.1837090181550507 0.23785867178801606 -0.241264174986277 0.5025509998285441 0.6876520652914793 0.3848864442636438 0.9254901115350136
14 133 120 -120 -75 -0.021552647148071757 0.0795048996735358 0.04534724327899331 0.27172988149090915 0.8165981730880235 0.5199901087304643 0.3347678558969991
10 257 -240 120 75 -0.12040688650708403 0.20786884019685764 0.19784912908615965 0.5456517680355165 0.7795161809829005 0.559754640411876 0.7544418350423672
15 385 -560 140 50 0.13667461218263838 -0.19946376131238247 -0.1216833849198431 0.5349574297369271 0.13029520030219277 0.6615043062483842 0.6874423536936519
17 497 520 180 100 0.0953221140242081 0.08666306087630227 -0.12470318633120442 0.5052995406529337 0.8761658199406609 0.9711139247505852 0.7764338049014409
20 371 380 20 -100 -0.23167978932386762 -0.07854880594339742 -0.12003827711273346 0.7739100637843865 0.40605886018259696 0.7749594636918904 0.24223322580274287
17 181 -60 -160 25 0.13592304220198043 -0.1654207885039466 -0.21376863091186177 0.31578871986443147 0.9808859260972743 0.4058143421283451 0.2171121860284696
18 389 -60 -120 -125 -0.007313525368415785 0.23521295771903072 0.09084023670677166 0.784999523143041 0.7749320950568203 0.49285174551784827 0.2307831515819737
14 459 200 -160 -75 0.12826261237187558 0.24514346931869874 -0.2109684055939044 0.5393881430645417 0.526106707061723 0.6764845514525643 0.48104830777974605
10 363 120 -200 -50 -0.18982742166775896 0.17060099818044328 0.19507763496876757 0.3589124301003218 0.45461535013104704 0.573595276012569 0.7221569065957002
16 211 300 -160 50 -0.20696565907891373 -0.23054776937014576 0.20544586177020868 0.577462580930048 0.25013116833485705 0.2664165425285413 0.30167459492369497
12 45 -20 200 -75 0.050408913574615744 -0.08760294503910004 0.1692346948282254 0.6397919396791951 0.28000420945891125 0.2766060462502087 0.21973855231010775
20 428 -580 80 25 -0.23275125677266695 -0.05430620668966224 0.019481543105489385 0.854813990491403 0.7251429667122715 0.42181291765033635 0.9309578385829387
20 346 300 -120 -75 -0.10281862634769684 0.11234658270055015 -0.16074030960130575 0.4203069556895258 0.7903860434809052 0.11380817496252449 0.7938609364114527
17 292 420 -140 0 0.04608890705582014 -0.1764003909829519 0.059399343115504266 0.2765821865213829 0.6539832977146988 0.9590641469129813 0.5020889595220007
11 292 300 -100 50 -0.19029727697348536 0.08263823640399987 0.2371596864075261 0.053828693322232724 0.2545497388869514 0.47615312319378056 0.48383296718537805
12 200 560 20 -25 0.20894750315512295 0.1995591135765385 0.24165806745220053 0.24098045260842293 0.05645934653347073 0.07812821393110003 0.12445771654542148
20 16 540 -160 50 -0.23693584081323665 0.15614690904856138 0.14749892034059503 0.9068382235003096 0.3325977289451745 0.37482333196287565 0.6000474634432642
17 364 340 60 -25 0.11053859559228485 -0.14441484653737613 0.008111469441328512 0.6744651421052608 0.8766056733775937 0.2752282111728884 0.0070080157371538165
14 75 -320 80 125 0.18694418640335064 -0.0642720257423714 -0.1469871537514476 0.2964112781404258 0.371681542785114 0.4249939189477081 0.6923301192217339
11 328 -260 -80 -25 -0.09406950203052256 -0.10578956278407436 0.17812309410932958 0.23205464115880958 0.11911890452568819 0.5148156349592915 0.9937216864376592
19 334 420 -120 0 0.15213160199336667 -0.17347676028613124 0.1901060312979333 0.2252232144591877 0.9206234879486999 0.8108610826981894 0.6021636043054955
12 444 -340 -200 0 -0.06216138559057843 -0.2017750982548468 0.20184290527768017 0.30983956657522194 0.5301015437117327 0.39369802535549847 0.6440994915291741
14 356 -360 40 -25 -0.03843737487154697 -0.0865218954054644 -0.1958360770456653 0.6357723453485363 0.4161303232653576 0.887821758049228 0.3383520614920701
10 36 360 -40 -75 -0.029867035104871098 -0.10287078322600335 0.11686089609573008 0.8008332240879987 0.22184456135062913 0.19291165232790297 0.7361361178832267
17 467 500 20 50 0.06557266536229689 -0.16372775061919514 -0.1872204036624628 0.25357087266949796 0.6132547356646079 0.5604540756915412 0.35844806391211703
13 415 -120 -20 100 -0.03136751494771339 -0.10995578358402247 0.12152169785365058 0.8534203449732963 0.6966903240254957 0.0784465096190129 0.2374666581069429
16 327 220 -160 -50 0.24035893025746724 0.13537469185606327 -0.14751675298474093 0.9302321447432761 0.951514058126493 0.47125062360263126 0.02552839294308129
19 159 -160 0 -50 0.013209472796089972 -0.08817061638224277 0.21808247387899254 0.13383264173710463 0.5254156617045899 0.8384779941524229 0.7600939131046415
20 273 600 -40 -50 -0.17326906257005054 0.03322173161268244 0.07689460467869835 0.5336146409331969 0.7946721852942096 0.7535211792352905 0.39887884355579784
10 25 240 -80 -75 -0.010323358600696164 0.20872813443615196 -0.0392280052519382 0.35332873954952426 0.2590260652413585 0.42093709717878425 0.8266215544533982
16 490 -500 -40 -50 0.06417380352815583 0.17466988947590506 0.18530502677430516 0.860097839166231 0.05829781007071022 0.7112363844661999 0.18891308570696574
18 125 240 -140 -75 0.12778431191176182 -0.22978108031067257 -0.20133466018637103 0.018647478658545658 0.305381661813674 0.2574835919000148 0.15508152238646666
10 255 560 0 75 -0.12385156751599052 -0.07303569001679089 -0.2316597663279727 0.580946646977824 0.3901650419457764 0.5418388959063523 0.9956564006134803
20 4 460 140 50 -0.20758927734851373 0.10629345405246376 -0.0977232788298783 0.4061910280586981 0.22568477274539422 0.4183302007538917 0.5247432969152491
19 29 -140 60 -125 -0.02504582883404688 0.17655338148347743 -0.17179304700068782 0.10121827872969136 0.20843308215829726 0.6526934489163515 0.9258105120230391
13 321 200 120 25 -0.16197720101920499 0.069376524724366 -0.23329466716453 0.35441762277333755 0.4559688752558235 0.3366769844742751 0.8886754042847045
12 31 100 -180 0 -0.21335112097624448 0.009995021771389778 -0.20727290792988318 0.5935479901129994 0.8207608380408258 0.7561645658462774 0.37006156852818484
11 32 560 -40 50 -0.03039609341896249 -0.23140655785844289 -0.2161784941001752 0.6665205730114051 0.8991314727072861 0.004179250626118125 0.8646812917883338
12 394 280 120 0 0.10930964310871588 0.2398289282026776 0.23865166963639783 0.9050482454278305 0.6276630699702885 0.9581020968774998 0.6398961027697468
16 57 560 120 -125 -0.11035790947232638 -0.23871974280066727 0.18040318037947672 0.2810698694227166 0.9817654517973595 0.9635480376130937 0.3320155341578733
19 247 -160 -80 125 0.07025213850727352 0.08229370924190588 0.2206658404550545 0.2789118414699754 0.020951289128499195 0.20347768353864426 0.419883898609696
16 320 -100 -60 -100 0.045408360431500705 0.059725383602380444 0.23304964750177665 0.42313246360243717 0.45149760644636416 0.33154464929656136 0.4785231325425773
12 456 -320 -180 -50 -0.24793370244703572 0.16015944437805002 0.07871570663601613 0.40368718275862114 0.9509355625760126 0.33622719533783585 0.3715953929022513
14 120 520 0 0 0.1968184428270615 -0.08083032471603857 -0.11956869794768632 0.7738213540450105 0.22388010032138772 0.25785534287845624 0.4439646681302012
19 365 220 20 -50 -0.02409790254538763 -0.2158179893464625 -0.2397462459751965 0.5594512256026151 0.2811071717105914 0.5664870858611373 0.8948056469892837
16 71 -120 60 -125 0.003555007255759246 0.0450857723389122 -0.0657885750404737 0.6598365759305171 0.7597410931135635 0.0578902259506241 0.8103206854365161
19 105 -440 200 0 -0.1116655358154533 0.06627217343028696 0.08602701472383911 0.5630232308820646 0.9844464822350648 0.0455689093332009 0.7291142763594263
15 54 -200 -160 -100 -0.10154051727507812 -0.05610310729662471 -0.1479078586983797 0.5463329075127935 0.6805433215272643 0.6294010785858626 0.5911044435863484
14 322 -140 100 100 0.10165532845677722 0.056785606520920184 0.11259090040216324 0.34577226622194956 0.16950380228412387 0.8790209886466713 0.8195184795605804
20 413 80 -140 50 -0.13450850862286579 -0.05906771286144358 -0.13486254856907204 0.31404546487801255 0.7518985420183899 0.886218441114443 0.7108279991414667
17 393 440 200 100 0.023899092301757963 -0.23301279139338005 -0.16163142521751167 0.036536152737250194 0.5867221004365342 0.9223636242119202 0.605845633092955
14 227 460 -120 -100 -0.14284857173174587 0.20488333625403432 0.015031096861887805 0.4220408315237303 0.6922554681727494 0.3851093318091682 0.8251270988893933
11 144 560 -80 -50 0.09653539810864076 0.24728358902939374 -0.08901492086864665 0.5634306041754509 0.24841513571623763 0.20352899828083149 0.7529409887586679
11 200 100 140 -50 -0.13867119341915046 0.20927500348692485 -0.13394541419240513 0.5831828292862401 0.3566404253762919 0.3705562170949023 0.7563389234271273
19 6 -380 40 0 0.1963978440987405 0.23323695469675076 -0.10804091905479357 0.9746194317035364 0.803672292530786 0.5820938505786333 0.798454486032797
13 110 280 -200 125 0.05469643252805323 0.10889056153121618 0.020220116296142787 0.05353164604069238 0.7312739604290456 0.7618774156583549 0.530022671226914
17 148 280 -40 0 -0.20327404395426463 0.06063690506570224 -0.052086887506334834 0.7264031915928051 0.2780381561446361 0.12979067079696127 0.17628558321988208
12 448 -320 -60 -25 -0.2274912851312108 -0.09408738469838113 0.014713789723465542 0.7732936131255495 0.17169770820903707 0.018133915173288884 0.3936244570107026
16 171 560 -160 25 -0.09826073829905413 0.010116688797857765 -0.16506881778843968 0.7791876939712225 0.9702108475343323 0.6094932628883815 0.31028841173773536
15 236 340 140 75 0.16018536920653698 -0.10741655222890018 -0.2120653031647438 0.31630222067815483 0.3663094858407452 0.6628100929437919 0.38996615210749797
20 350 540 180 25 0.1789514373676142 0.15284685171612616 -0.004119153928024366 0.34518398590125243 0.7177520331451261 0.4419456563052089 0.6873212670563805
14 21 40 100 -100 -0.0646506547576764 0.23429576950502157 -0.14364491062186763 0.5685714602834687 0.006269943251229648 0.24078475956321288 0.8261696653826388
14 127 500 60 125 -0.15776017330213005 0.09358427783735868 0.06252769885923254 0.41582054718190675 0.6977697496650634 0.4186788656139656 0.1447969985825306
16 290 -220 -180 100 0.016807495492952074 0.13304001920754743 -0.016867269071411006 0.9583515500886524 0.4368433243363232 0.6604463062933967 0.8669409536465417
15 298 520 -180 -25 0.012548781615315252 -0.04106957154743551 0.07728711083298562 0.7116997758918875 0.8463079655516853 0.43983066875496 0.06433174848785195
18 38 340 -60 -75 -0.00046479995603099233 0.12507771521617594 0.06927274131149136 0.014655396175872859 0.26624485881744253 0.9337405335815215 0.07269104602025556
10 263 20 100 -125 0.2304599120660989 0.14305582198880434 -0.05441961003962603 0.5018606411257733 0.4970846771976686 0.7061230415145756 0.7605089399205379
17 28 -360 20 -75 0.0016057904533925416 -0.0366960977555536 -0.07464175730397404 0.20844994699918318 0.20976124574989008 0.1751458235722274 0.48892737623073745
12 290 140 -180 50 -0.11031425591549632 0.09394131240236853 -0.08593983776438574 0.8407354182186939 0.2440693251598024 0.9959427999375879 0.7621525072478058
16 429 220 200 125 0.19192933044146027 -0.13334765003491067 -0.02722425634291814 0.8744386284739625 0.7852495166728962 0.26533552938180793 0.41587160845561133
10 354 220 -180 25 0.15655702914664293 -0.22970984741317219 -0.23421551827863918 0.4828463813313235 0.010863688049375653 0.055909049789974685 0.771653763241848
20 199 520 -120 -100 0.056809910415815346 0.08349756652621121 0.2333507454307071 0.9431625036865348 0.287119820079796 0.8322196243390894 0.06597403723701101
12 305 -340 -20 0 0.24242786195120408 -0.12229043259486067 0.21216183252819132 0.36643048192960737 0.1509900713212481 0.15488345967989747 0.18205179382658276
15 158 300 -100 0 0.06324196949002447 -0.21627536287515786 0.21819378595331768 0.42654068845252047 0.07392992873867921 0.06700469474589221 0.4213469218541729
12 394 -480 -180 -25 -0.08025930044521823 -0.20623787340368743 -0.06630346262575787 0.42648825133340684 0.23652031416769737 0.9969429744463635 0.19132191935298204
16 6 180 -40 -25 -0.19038767456260397 -0.2463656966458726 -0.004017914889437979 0.8807277702030323 0.8091134869141556 0.5469497273340272 0.16147160938478888
16 296 -300 200 125 -0.2167941773593079 -0.13561839175213014 0.026114692775518422 0.8793441126646943 0.44385017776890323 0.4137676554893288 0.44757482654153813
10 157 -160 80 -125 -0.19831577454319743 -0.08904515813416847 -0.2369689329578777 0.2971634572518339 0.24149712390740496 0.5856655637446084 0.951745769180496
17 344 140 140 0 -0.14161547378800032 -0.16067895765517415 0.12332785813834035 0.4269101772709095 0.6859938318692167 0.8939148645427825 0.6667655862062962
17 30 -440 100 -125 -0.18698615763126392 -0.19035394161341224 -0.24397374421655976 0.056566162317965185 0.4692887220411631 0.05975302605579991 0.7649416071485153
13 174 20 100 100 -0.15177680599784704 -0.0019283313151731152 -0.09734495059186948 0.6890395731921171 0.9918387203396128 0.9549606091413562 0.44169380202396424
16 34 240 160 -75 0.053359397272622566 0.013109852022520185 0.15693882275244114 0.8314425514975557 0.25673909113310067 0.439271856016651 0.24308282319231134
10 29 140 -180 100 -0.22696192073064808 -0.21208125119813565 0.0539300565596445 0.31443143610929136 0.871613912765871 0.43134990329748524 0.9461681901345396
13 477 180 -180 25 -0.1917740536188372 0.10561065354240912 -0.007377416020401928 0.21925570844106956 0.9262136602600836 0.9831419317518477 0.5459787962121769
11 340 -480 -60 50 -0.12352593205240692 0.0713118258620048 0.10146331429926492 0.15505264182387424 0.3364348400511279 0.424232044807038 0.04321493438385349
14 194 20 200 -125 -0.17760261354157003 0.05410550258656238 0.13120901177137606 0.4822412178602544 0.764275500464611 0.4509783683375399 0.7020443524227715
17 488 340 -20 -50 0.03918109857499891 0.1758918773812832 -0.1348012127895682 0.2897838172041275 0.988133200819913 0.3298208744179636 0.19413243929166946
15 32 -540 140 25 0.06526618541904061 -0.0644742627647501 0.1956573504571959 0.5791991353057542 0.9451624829355685 0.5696437684667208 0.4415290287625995
17 145 -260 -80 0 -0.23040762200004933 0.11690293437665628 0.09725945344134462 0.5977289501017672 0.9337513398515362 0.15062215511330546 0.40749604561607977
12 41 -260 140 -75 -0.16154422653018968 0.24408303968220274 0.06651670262665021 0.970930502276262 0.7530678706269243 0.18879590797353585 0.2729105778857155
15 242 -500 120 0 0.24722764500518607 0.15994426136589834 -0.21544633228625548 0.3214938157780082 0.9251114585077785 0.8166165311968169 0.0670650871231202
14 49 -420 60 25 -0.12862391902650966 -0.10450637978111837 -0.15607726954090706 0.7443344926305413 0.8797923167656206 0.027056405283867657 0.900182244147783
16 74 -540 200 50 -0.07643222216545692 0.11347308780774984 0.136370588040993 0.164114734260006 0.3228179746352109 0.11642088178476273 0.9643815024641706
18 118 -580 80 0 0.10957621741263451 0.22320434698561653 -0.07558335738277461 0.874022396604866 0.2777484265735456 0.11430996564195284 0.9802319213243058
10 500 -60 -20 -125 0.15065241085120734 0.1903784883930532 -0.22007628459613332 0.8734075433766428 0.6687623718070996 0.13454409334152917 0.8508397005124528
12 142 -380 -40 50 0.03753270307021561 0.18881589644915925 -0.2144319200694873 0.8533010118419482 0.22426574673381128 0.8747164714760137 0.4704242249760622
12 16 420 100 125 0.16873479072417052 -0.16267357887392098 -0.12382196664465867 0.9675376789637717 0.8036739300848803 0.8258083604120656 0.8062061555952122
12 33 600 40 75 0.1141323889822306 0.1945385443213286 0.1850211895903061 0.24983011919779585 0.11162362699421524 0.3056195271356147 0.2951065673943959
16 132 100 80 -75 0.033945490671887346 -0.23815314841345858 0.10059892537908416 0.9842782895669908 0.3781011109309037 0.9510057714493888 0.038303227126012196
16 174 -420 20 -125 0.06999148890467766 -0.09563058603467567 -0.016963581147234785 0.11768359312624277 0.4726825622554135 0.22819073731867845 0.028709505842636762
18 490 -260 -120 -75 0.11017253793975534 0.03169581238023478 0.2010430969425256 0.5241461872389913 0.10338444752775144 0.7298451065948073 0.2844142479838804
13 399 120 -40 100 0.22851065983096597 -0.027945442337256376 0.023507586834416727 0.9987098158484657 0.3210559118715888 0.2861693817825184 0.11905202880952404
20 103 -600 -60 50 -0.14752106973065182 -0.18930746555693367 -0.21233660115339748 0.5811727182057803 0.5113295123442443 0.7022288779306889 0.8451256053179548
16 243 400 -100 -25 0.0009972397717739057 -0.17256923046332562 -0.13724985090042058 0.15122843750888748 0.12125886045550438 0.5740931178731096 0.6169803260774669
17 151 -100 -80 -25 -0.22992819014987087 0.07399985045526553 0.00518720505488518 0.18948158540953264 0.36673253695131725 0.747579233780375 0.2946907250654138
13 319 500 20 -125 0.09239667030344068 0.22720581319166233 0.11302455195403815 0.4748340327038846 0.7227821682092002 0.3281245931733615 0.35404426015703006
16 85 20 -20 75 0.05429055180675324 -0.021160988787348234 0.2237575116707315 0.21256589869110398 0.6010495997572408 0.8155019015411585 0.30873119188950426
15 267 -80 -40 -125 -0.24449291706106285 0.16200814774777467 -0.24849064192460507 0.9243980565498765 0.8890049293997137 0.09692244391033211 0.40258393416941385
20 121 -140 20 100 0.0650180435946186 -0.22215650379176116 0.03821743527935917 0.39904402756428803 0.6801376586316933 0.6663552087043229 0.2976399586868749
10 375 60 40 75 -0.10540224290129191 -0.18699853243845704 -0.2159304519691687 0.39796597114095955 0.3717638620621616 0.5352630213749395 0.06090387369024697
16 311 240 80 -50 0.23263142347243337 0.23475479901766866 -0.11319948585213047 0.9943027296482639 0.11503412466485041 0.08698472750979014 0.21215182789016218
12 489 440 100 75 0.1425985330300254 -0.1231714595083947 0.10238930840670918 0.4329001849203894 0.33353072428789143 0.04162134649736571 0.6177750597184457
19 325 -260 120 -100 0.08136610534411765 -0.1915152659795904 0.08873845953910164 0.18863983920297134 0.6771644535993335 0.6244924669519695 0.4845719072747784
15 110 -500 160 -100 -0.2432841510868105 -0.22614897089664787 -0.11083963707832706 0.9866070314508836 0.8278849569144606 0.24071390274784932 0.34688549077952513
17 178 180 20 50 0.036796598156476956 -0.08200478947224477 -0.1560795742472999 0.8193707543227688 0.5769469082663085 0.8833362637678009 0.9803497778297972
13 261 -300 80 -125 -0.1403081066708552 0.153605151646643 0.16207590884037326 0.2685789267994172 0.23395704604925083 0.4498018503300605 0.8646646265992394
17 137 -460 20 -125 0.10036530825006745 0.0032120607448488103 0.045555154029293055 0.2772016580774628 0.49382880177564414 0.9355856408368415 0.6031638919426204
19 380 -320 180 -50 -0.08465719781538927 0.1741590386204978 -0.19554293974835596 0.10648640474439774 0.7413858109544987 0.17257560584375042 0.9817337715752279
12 168 -460 -140 25 -0.04420310363448959 -0.1704332859601176 -0.1742138101771104 0.4348509563262841 0.7446091089550472 0.4731313612767206 0.8880481739706011
19 132 300 -60 125 0.2215681610839194 -0.24834545324818041 0.07186009925561748 0.5335481472981964 0.9916843716475271 0.4683798773025216 0.5740844965065196
16 262 -200 180 25 -0.20744398334338537 -0.07500504659963375 0.23447284793418277 0.8131674951572112 0.8740516905089644 0.9783118021239915 0.5660095304621947
14 112 -420 140 125 0.21538105760290666 -0.1456218875805797 0.029553131842319225 0.9855468703135867 0.08841055740146675 0.6325018295011097 0.044956914950107785
15 91 480 100 -125 0.1786875868786108 -0.10168228955214842 0.09677560122793266 0.9985297470313522 0.029564230453673623 0.9970345987694234 0.5478056444228444
11 430 200 -120 125 -0.10341629161016691 0.12301503971428263 -0.06002925977040341 0.8272676931738558 0.6276383045109978 0.7938724471406294 0.3714695490425082
15 351 -440 100 0 0.08234764442398651 -0.14804064772567693 -0.1266344221388166 0.25669771482889436 0.4182648578937094 0.6759363375520239 0.10517330324199803
13 244 -280 -100 -50 -0.19376113003737422 0.24587662575153585 0.16116929429511473 0.07041541650614347 0.08874403258491737 0.38875365489907876 0.6581584417362659
13 186 220 0 -75 0.06567977423145588 0.0595512272682755 -0.215052777014903 0.991136786416872 0.631701388277959 0.8675705591764447 0.8058060367560528
13 197 -420 -160 -75 -0.11496805409228239 -0.22207408406944246 -0.04856836622858107 0.5615818839341301 0.6888526267842919 0.5803356322488508 0.26733666415791213
18 24 340 20 100 -0.004543785203267703 -0.2455320650881312 -0.18390325105074184 0.12423258884304678 0.22425047141133658 0.15995616895016807 0.012536266269529306
19 132 -280 -60 -25 -0.23004483200135467 -0.24632459692591602 -0.024219366510650153 0.13451576511658558 0.2612210067150491 0.23167341188524837 0.030975327020202226
20 224 -300 -20 -75 0.011788241298774427 -0.10448611581567485 0.1444097619316425 0.2452139062235399 0.8884164950668629 0.770226002202614 0.002729172825949089
16 115 -260 20 25 0.09263201226319723 -0.08168494129803117 -0.1602791565832733 0.7705358568439975 0.5963350142894068 0.48620529058686446 0.23930182133543743
17 54 180 -100 75 0.045246708767672394 -0.16189060326827187 0.039483752106743986 0.18262589445010702 0.2392582966384268 0.05297603470133083 0.8363128428363131
12 225 -540 0 100 -0.04994181226703315 -0.023936892783832875 -0.2042059595104712 0.9322036884541028 0.1697001133978403 0.8917499496973982 0.4965920670813414
10 427 60 120 -50 0.21341325733096733 0.17400904093932268 -0.08979231460033188 0.6747421306804487 0.9122554038740202 0.06672341860677145 0.14714079259623036
17 200 -400 -60 -50 0.08192017476347419 -0.20031282343560275 0.002900919982160355 0.12446695164513089 0.6790964088167708 0.9659643817870697 0.6447707316382
14 9 600 -40 0 0.1977946254893807 -0.1585114339439767 -0.005009642623211852 0.9835520581623658 0.7219647613367922 0.24770820147320372 0.24253130823140845
20 410 -580 120 -75 0.19902887432964506 0.019929101534431726 -0.060862149641698116 0.702827991387193 0.7752276483946138 0.11358192962287539 0.6984488503128092
20 93 -500 -160 125 -0.06437552065928981 -0.06221420631137797 0.20652317262088615 0.28265813306441057 0.33769875494569823 0.16688425949969243 0.2515167801767848
14 274 -340 60 50 0.07630930022976201 -0.13793816345177345 -0.16211333639497483 0.6038277954040548 0.3444746185427491 0.48273823223452406 0.6398431040051541
17 355 -340 -160 -50 0.24423147138582563 0.06177851742189244 -0.15972674055928998 0.6217831785842084 0.1458052159207326 0.8959319673908712 0.7005691963625775
17 285 560 100 -75 -0.12014804468337609 0.2379954375984365 -0.2382680780087924 0.4138237318248693 0.9539915808870703 0.8763061015921133 0.5679968973356431
16 81 0 80 50 0.15049073976749106 -0.24340258959239303 -0.09852391408592504 0.7827535549863727 0.08824664638332214 0.8638871116180995 0.7570341792408206
12 365 -160 -200 -50 0.03518955759583536 -0.10637430398864517 -0.046929036674109526 0.8816115864443962 0.21216046046891535 0.9725972143032152 0.38162278787667137
16 88 520 -100 -100 0.07411042167117082 -0.1471259686098153 0.18522756706297788 0.36814109360865044 0.6328135162390793 0.01218109750064944 0.5367139106409899
10 102 40 -20 50 0.23351704401426715 -0.03362820993467169 0.2491093891133721 0.019712634674796226 0.6318587938337091 0.8576954721787058 0.673843089482766
10 480 260 -180 -100 0.022019137055750038 0.06955831592890815 -0.026500310179804365 0.5926616448040283 0.810559177553437 0.4520132614607373 0.3382286396898784
19 122 -140 140 -25 0.024125666186785966 -0.23172717439321422 -0.16757703206541724 0.7298191679942237 0.9965174507303031 0.8858165260819805 0.9429924347811272
20 47 100 -140 -100 -0.1134432811930074 -0.019205573607945503 0.12871937019016005 0.890690986993604 0.42091718434459835 0.28368511209298386 0.012570571900774263
15 244 -420 180 125 0.025834304859250645 0.12983138639506542 0.15490340624853843 0.8292565845596624 0.014033640049110563 0.5220271725157616 0.44760192712085645
19 12 -380 -140 100 -0.239592917285675 -0.054938449758905994 -0.1683916830689185 0.40292885097608044 0.6775320085027754 0.5786358827966086 0.5086706550585103
13 428 -40 100 -50 0.23565122196288202 -0.07827476325101312 0.1177329309357989 0.05580268193149729 0.6499971606633846 0.42303876769708193 0.8534668438455109
13 311 100 60 25 0.07923473021394845 0.1696696476333236 0.18788062878358008 0.25226267104645783 0.0802727283761403 0.12449981033460844 0.27967033078795345
16 383 120 -20 100 -0.17939244793353842 0.22703724382514456 -0.17315721947325796 0.17152457108083086 0.8180131673706446 0.5975986028922261 0.1732136162891923
19 241 -260 -200 0 0.1813797762271579 -0.06608650398017912 0.11310822116897074 0.6394140592029633 0.6880560589840513 0.2911831164484211 0.06351588401928121
17 181 200 0 100 0.13638220040511811 -0.16126918611138708 -0.08330473919984471 0.459648273554944 0.9173839490635023 0.4116164325685059 0.8977641498082352
18 257 -300 140 50 0.08395640843571478 -0.1461294945945953 -0.046288325801711216 0.2280442363670292 0.6657956513428946 0.9849620473290488 0.04698219944168269
12 420 160 140 -25 0.028703913189753016 -0.0541897833479254 -0.0593387390595404 0.7198535751534799 0.0013333912531858783 0.7403913276296383 0.20554709819954986
10 239 -380 -180 75 -0.06637907201886495 0.12746963183073845 0.009500230911514806 0.015949392370719795 0.5331024743709053 0.9873061305410517 0.13843066234298196
14 49 -500 180 50 -0.18614350070298485 -0.1745322729583344 -0.05281592061463247 0.7113644789020545 0.9584424983536256 0.6943477595021287 0.6713379211327395
20 322 -240 -60 25 -0.09426657093859309 0.038185785911978576 0.02674093535189953 0.9482522877202605 0.395118753874275 0.3382259628323163 0.7397544574430988
13 463 -540 40 -50 -0.24503537223304706 -0.21182834664652483 -0.13687522820515463 0.5141811305912662 0.5843793330128237 0.13664103423882068 0.33134257160714975
20 362 500 -140 75 -0.16520700728474608 0.07017793937349609 -0.06127999470347151 0.284034006334985 0.7464459671164904 0.6604385214906581 0.0031021499719966483
20 478 40 160 -125 0.0462100468062972 0.052341572424738025 -0.08420427809646441 0.7801816192733105 0.29038757771396795 0.8488648426504907 0.25386512621922264
11 179 -400 0 -50 0.10589132510401278 0.025259383304814587 -0.18839471289919885 0.2271968627626435 0.1785384580550501 0.7702703608084546 0.9575912177419985
20 225 440 80 125 -0.1005200658723337 0.24054023091071725 -0.18534322752998506 0.12127507441205176 0.35806686319703973 0.8303709754207076 0.8256979158109546
15 443 -520 -20 -25 0.018934206958563904 -0.04337302843745322 -0.10634269372402794 0.060160608966744133 0.6630152745168997 0.5191157921194844 0.8085067197985565
18 448 220 -20 -100 0.06923121212464861 0.03418741609967152 0.008088421909170251 0.5567068265005972 0.24834824587161608 0.6935421703670596 0.24416659121971263
18 183 60 -180 -50 0.23671498342378167 -0.036269772132769995 0.10303895283001269 0.3915139306898209 0.12361317145630812 0.9492885068003871 0.8122764917562123
10 483 460 120 100 0.13805653017552832 -0.05568886467919543 -0.14534834702687593 0.1864481804536544 0.3992486890213709 0.36877771468015763 0.572210755547443
15 404 400 40 -25 -0.033860656459851646 -0.1342443370316838 -0.10812751841824303 0.0544020157225612 0.7397186821514746 0.08846285309261426 0.1353539633130818
19 63 -480 -20 -75 0.010490462817514257 0.1558623472879369 -0.018097768516485868 0.6888598358482179 0.05500981196814847 0.9529808873073439 0.13438396953579457
14 94 460 100 0 0.05483881943527669 -0.030892939587574775 -0.08971885616523184 0.10872156197298577 0.7252626434280145 0.0635719295066638 0.7107069984890916
17 132 -280 -80 0 -0.12503007980014352 -0.013511644342580564 0.07623112981483793 0.4590610275365591 0.3956232581991699 0.6651310346163537 0.8228727525761735
17 250 60 80 -100 -0.23469494124403734 -0.11879299451682285 -0.15323431159346879 0.8850193734866549 0.9354703215913566 0.010912223594314097 0.350510926461989
19 353 240 180 100 0.013898456534111592 -0.22956790243457592 0.11709659426184343 0.15054541636168073 0.18720080832088537 0.42976042713565143 0.2094031073546445
15 55 420 160 125 0.020531706204421296 0.17062988950628805 0.11124893752596293 0.29874577065488095 0.5230208403343919 0.7715376362289517 0.24163146057404272
19 99 -300 -20 0 0.24458165229675982 -0.11379275258549959 0.18401864435718107 0.2805943486364483 0.32872899576732006 0.9288397643778161 0.5671896307289579
12 145 360 -60 100 -0.09509051432957177 -0.0638831925035554 0.06477553934747426 0.7410818526149396 0.3938172648113667 0.5279492217523356 0.09006638591845761
19 134 380 -200 25 0.18936937801835652 -0.02801715112732034 0.08383448111325936 0.8461468180385368 0.47811085185787494 0.8846299632725247 0.987348802578974
10 11 -120 140 100 0.20657896888199062 -0.02150200810767955 -0.14264668870201813 0.32641138088754895 0.873231603388254 0.2829524592400371 0.7670591978434222
16 484 -320 -80 -125 0.07676336856792904 -0.2271259345487407 0.2061756472577036 0.7206887976966929 0.25804019788734767 0.25445352023484 0.18432177628313984
10 302 140 60 0 -0.05756918466839672 0.20482028112273276 -0.2138668459546701 0.9923760043236503 0.5312221757256717 0.8224093686131947 0.8246534653906673
20 332 600 100 25 0.1060321251665739 -0.20911760937900464 -0.13022489594541875 0.4528696765763518 0.5219551023326194 0.7354655951402793 0.9463977737179403
16 198 160 160 -50 -0.07204863926382088 -0.15385873474576367 0.2140805106098435 0.7414457308988893 0.4780790680060254 0.23883839306301802 0.9696788846913896
20 201 -160 140 0 0.1359255131328419 -0.15572621547343257 -0.19722038810360853 0.06859644660764941 0.2203849934337423 0.599135577223873 0.8921403498513563
13 142 540 -40 -100 0.06851931070141032 0.17896046849858038 -0.03983736624656509 0.21856906630495188 0.6420147721921428 0.5879238394788178 0.492497866819091
20 301 -500 -200 -25 0.09616121245700687 0.17393515551838024 -0.17716141762909743 0.32673994450395494 0.07642164751015712 0.8901734116808037 0.8577047483503855
20 178 -320 100 100 0.1613378914979129 -0.2433754064461574 0.08177624121122196 0.28233152016360064 0.9976349413509665 0.8215326120701425 0.3363830036838701
13 428 260 -80 100 -0.001603819087111047 -0.22251807526489636 -0.1268845218925394 0.10709162671304029 0.4820393748788624 0.6338037523519353 0.9833008804204466
15 449 320 -160 100 -0.11712830073847758 -0.109891220969843 -0.04377596035438741 0.657202522034203 0.6614775134682959 0.09852882236997207 0.9265335135543286
13 446 280 140 -100 0.24208538448261657 -0.21797578814585544 0.1823439887686849 0.5322574009485048 0.4229927647206798 0.7701713501791589 0.9767976747788584
12 400 540 120 -25 -0.13957142217833868 0.07890169706403416 0.13189537284548725 0.8600237167841721 0.5209514652771433 0.6020864475676803 0.01952357033187302
11 434 300 0 -125 -0.06111231213303686 0.12608023929974121 -0.24833282185842137 0.8959846043643825 0.36849197545742784 0.2536541373104433 0.7007584423688895
12 424 380 140 100 0.23158248346425303 0.20908771752537147 0.23088313407505356 0.677196082494351 0.8556420545802791 0.9383961102039237 0.8333035565916838
16 463 360 120 25 -0.14446963725999218 0.23792429542386095 0.1365300876579526 0.555007613083873 0.38923728096168975 0.9798313933968672 0.5644370899964793
12 196 -320 60 0 0.13413087506867966 0.11840071669393015 -0.10987255990178468 0.3255826394770758 0.9104146561707176 0.7238868613292136 0.7275214578740858
15 76 480 180 -50 -0.07577610558347042 -0.1961737763989594 -0.18155406499267474 0.9871513757117033 0.2883406709711315 0.6573628126260632 0.2527764870608895
19 170 -580 20 75 0.07231858604070779 -0.11160778236792696 -0.20913384641357963 0.9283395058885926 0.4906943882515561 0.639725939115897 0.43846957264642483
19 261 -180 -80 75 -0.07280904926461979 -0.19892271959267288 0.23258911127620924 0.10648859373766095 0.7504615643292009 0.10859601068025115 0.3715799667589579
18 207 100 -140 -50 0.10151155553200425 -0.016163523788350453 0.07716201584421656 0.40887972646653836 0.5760965018371479 0.15918396369235865 0.33596219460807886
11 386 300 -100 -75 0.039589260483442135 -0.14597503666772943 -0.1902867246675582 0.3049345281660596 0.02614383783374341 0.9024952389023515 0.4001777813874051
13 437 440 0 -75 0.07535720295310977 0.2205082552241745 -0.07942485306200214 0.6687500086154711 0.27442448770993455 0.8152904376534563 0.7460546467327299
18 310 -420 -40 125 0.22725772146705242 -0.05240273077538016 -0.21072082454733732 0.5373080633590903 0.5905548073799671 0.029428442288179424 0.13311787711191325
20 433 400 100 100 0.07907292060441584 -0.10033988686081358 0.19137745997004413 0.23177854308873092 0.5004625355930206 0.42465182313891114 0.3103405827937469
11 310 -80 60 -50 0.1342138127799576 0.05091867330311195 0.20758377551613827 0.8061699190783278 0.10861001124093939 0.9372416786319897 0.7155952292025071
19 5 -180 -60 100 0.08784674098715678 0.08708550779352825 0.11834076933339216 0.3694498226410834 0.5628432201470186 0.8164512208948397 0.013297989646476216
19 80 500 0 25 -0.0008640007776159475 -0.22993867788258732 -0.14161094046664474 0.9586936618944135 0.24214497434713256 0.047641708265967586 0.5148677158215845
12 142 380 140 -100 0.026193974919712648 -0.10325609818773773 0.005691978872272463 0.52456643725465 0.4269076143887949 0.47752753673500026 0.372046546687853
12 386 100 -120 -50 -0.05557651751183168 -0.0721114206280849 0.03000708562509613 0.15999931233780074 0.980797227458515 0.055982879912424566 0.23808804463369537
10 175 -440 60 125 0.1848955232427158 -0.21505760374966781 -0.037088682750465285 0.6446144116968797 0.31071800775135905 0.05853644333547425 0.9223059501789236
10 457 -140 120 -25 -0.05923455703311992 0.11411332751879016 0.06540603772327075 0.19194362541493515 0.2466291950043471 0.3055838999636322 0.9231567092361844
19 119 -200 40 125 -0.15348185980187312 -0.009467348446272894 -0.1043037342741513 0.7464188439385472 0.31553798594176585 0.29877755091894065 0.6232994798292447
18 444 320 -120 -75 0.06994405782180652 0.007942433305840602 -0.009200472010137406 0.054971834184509905 0.5298364799765317 0.5379123642269884 0.8036163364418214
16 22 -340 100 -125 0.01890786571752373 0.1553411837879458 0.09773381843585205 0.8609429904196183 0.11015021093638444 0.3294067501154424 0.57217267661393
12 333 -600 40 -75 -0.2366889519222441 -0.036314143782818165 -0.009151647088755044 0.4541528792591186 0.33479207942295464 0.8509135679971523 0.6906748529625202
10 498 -600 100 75 -0.11441966243820906 0.10403936775232792 -0.009892093207248542 0.2757144110582731 0.6821648030825759 0.7748158546293384 0.2760394680782151
16 306 380 80 -75 -0.14281118335902726 0.09672880335702749 -0.10176419004479831 0.6226561407419581 0.8137239990596411 0.9179175708423524 0.3286927665697851
16 59 -300 -100 50 0.07822698345894707 0.03841563696410555 -0.2196702553106774 0.3422434139361328 0.9912421733230958 0.35339340655057827 0.07243117285501444
20 266 -140 60 75 -0.16345000185256814 0.03911610968093521 -0.20902307774103657 0.9185013820015723 0.6656873709451125 0.5092502543770956 0.9499657778330273
18 12 260 -180 75 0.14985335848996612 -0.06922034489605322 0.03286638772651934 0.7682385400005476 0.8118765108580831 0.5085799854507005 0.39105184094829415
14 177 280 80 75 0.12122851653352412 0.1374523575285354 -0.22944289918491195 0.29067494568704444 0.5613485601117556 0.11068039648205241 0.664474655305547
18 413 200 200 -25 0.12606790839912635 0.1924286358245777 -0.24589690433899564 0.9293066630983983 0.5902959456058677 0.3845730587935642 0.39168539928893265
17 204 220 -160 -100 0.2450125213211783 -0.20880850339984708 -0.15599829903859563 0.1436891165147054 0.5250596010816712 0.29853726121347657 0.7217330499345991
12 331 520 60 25 -0.22932163097483121 -0.1929626874868718 0.002221214356522172 0.3409100189279761 0.6779504492394851 0.7344962031953964 0.2572865198645088
14 111 -260 -180 -75 -0.22611910270547425 -0.1670858184602268 -0.201838137647953 0.5240506485506643 0.08184952586215022 0.5051782853132251 0.743489715046856
15 466 180 20 -100 -0.15679326958230266 -0.22899793525609768 -0.1541317002836225 0.8904867839485153 0.9984320987016956 0.20865277843802044 0.8275901183561827
17 278 540 -60 -75 -0.20838793123645083 0.2432595308747001 -0.10239798794440885 0.8674246579113629 0.17778213868554837 0.9235161343875394 0.50571627808437
12 386 100 -60 75 -0.0684303227916887 0.06974812101570743 0.0757498580977164 0.8140761730229499 0.0990966558329528 0.11374251561371396 0.43321239851257654
14 426 120 100 -75 0.2393550427289819 -0.15052459900941312 0.08404600935324086 0.30973646110078523 0.509815263144918 0.6486136370277481 0.5284183093892039
20 15 460 80 50 -0.01660248426295846 -0.03326848328358678 0.08070758301065534 0.9425220757660749 0.951818293183787 0.6823356056522475 0.9943133446304989
13 264 -540 20 50 0.026665512426378157 0.05779088394368059 0.09210141315793885 0.4974757033720384 0.030750894435227827 0.9555862803572065 0.05204431057450987
16 325 200 -20 75 0.10725660383741475 0.16373427112052424 0.1572108630671592 0.5109730270562616 0.932242366410797 0.7111525847242735 0.9443988141998068
14 340 480 20 100 0.2226674708079614 0.11203772977691123 -0.026738700429924545 0.7768241545380831 0.5470119565354927 0.49595847947843774 0.8018050751521277
17 353 280 0 -100 0.0881450994991489 0.1392005458150129 -0.17237539694694481 0.913580917204597 0.8679695237005662 0.9733794174075424 0.13596773191158573
16 313 -500 -20 25 0.21420011347695594 0.20924370705930911 -0.062027938180131914 0.6794106147113201 0.823048044767477 0.8374751665815937 0.8479534225316238
12 399 0 -180 100 0.18956958616978054 0.21702699651556084 -0.04897564567650503 0.7113801041817229 0.6160416174484385 0.27144439942753673 0.5660834163885928
16 423 140 -140 100 0.04103450125162489 -0.01355590932054157 0.08974561463307501 0.04192173330354143 0.3014368413035994 0.49059937229794104 0.14794036220455853
15 338 -260 -120 0 0.2226703241864164 0.047275126028850145 -0.20023398441942225 0.47802689413162835 0.8919369945409075 0.9006379322503557 0.5950537754506894
11 150 20 -60 -100 0.03502157333153294 0.1948534232351944 0.1214949153975392 0.08762242135931941 0.46197418527820633 0.9044247783022011 0.3045041964654944
15 327 360 0 50 -0.16997274964036307 -0.24776927343416694 -0.1963403669867737 0.03908989801559504 0.6026019789146482 0.029076241148206172 0.31149591866172777
14 150 200 -60 -100 -0.16897386904549444 0.05097098769155434 -0.02756675505971351 0.49744484912984643 0.1047035825681708 0.48599315226866213 0.9189197178888208
12 349 -320 100 75 0.1100555472789968 0.20517752405273926 0.17895982735107324 0.6025447277730611 0.2103115373151997 0.5326183656675202 0.8231331694017125
10 212 380 -80 50 0.02977450125468023 -0.0007826576053654444 0.1763455409921626 0.4904726215479641 0.6483766234082987 0.4519306194855407 0.3524212321390986
14 423 -480 -100 100 -0.005479085533066419 0.21140259333544698 0.028723820484557905 0.28109279990094216 0.19926345420294045 0.8282971843839865 0.837270343899857
15 29 40 0 50 -0.042178875392688164 0.14202701597876033 -0.210960714051249 0.8617416019784525 0.9199777412948568 0.4946446538968998 0.7208536460950489
17 272 -260 0 0 -0.1761035653906904 -0.08533220126473828 0.15641338840158636 0.2145727965403732 0.010972309120157564 0.49314837597159744 0.24228520812480492
15 454 80 0 -25 -0.1676231999388178 0.24360468787658274 0.03214435530215398 0.2998775531819622 0.4600190758194508 0.04327777224852536 0.9586968246773556
17 386 60 140 -75 0.24122826429123762 0.1654502942623482 -0.18867583339420135 0.39856602718885514 0.5784985389031209 0.6754040579801667 0.7808249520547889
18 239 -300 -120 75 0.05841158645865868 -0.1920955532681738 -0.15808161040634766 0.10056235852800477 0.5702023820096646 0.9403760844887775 0.235683919409851
10 172 440 -100 75 0.1864229115617771 -0.21455562122727656 -0.2072038937853476 0.3326579319311783 0.5092293727452074 0.9770162292527846 0.47493663984662504
19 178 -200 -60 -25 0.08408062540966638 -0.03807598975280069 -0.09768178902803426 0.3746241226952093 0.6107556250017631 0.04394265704419509 0.01950488495409608
19 105 400 -60 -50 -0.1754867289363326 0.16819070328448538 -0.1845980020837002 0.17300762762112998 0.5058939346908813 0.9436031222012377 0.32851655554096937
12 256 -480 -160 -125 0.08951231455945441 -0.04792852922814206 -0.17020598317853386 0.7841327000402285 0.46356265054085444 0.8481901908419226 0.5901511333332913
10 120 -320 160 125 -0.2431153816874086 -0.1280557156964814 0.21288381471790935 0.18140192937217392 0.17305038984569865 0.8591894301729317 0.509405916692908
14 24 420 -100 125 0.18567753150914168 -0.21725090389638257 0.07479915632730139 0.16898535148522476 0.21689145550552436 0.5978526584688192 0.8781422125414317
12 16 380 0 0 0.05122854872886545 -0.1427344554152546 -0.22300481168309694 0.5409658715055665 0.46298952838924434 0.47250548901654843 0.5389591068505897
16 50 -460 200 125 0.15255493919953372 0.19046305067061658 -0.18434820990157302 0.2663141397243548 0.7041611743967715 0.15360454032545112 0.6961260126699352
10 317 460 -40 -100 0.08804501277804916 0.035778086501472184 -0.2242569097959493 0.08770381461259724 0.7472746527245103 0.2620202439699596 0.1480624362013162
11 435 200 0 25 -0.1755139931950241 0.15895411736292825 -0.02327050757632837 0.0190768505403891 0.0553589469613287 0.022838366394370535 0.4305357652622347
19 101 -20 20 -25 -0.12882085789749675 -0.054194056412504577 -0.22770400187159195 0.054087029531035946 0.6657466916372468 0.6827715833489449 0.660387180744612
18 304 120 -60 25 -0.15418390751196165 -0.12771455464742743 0.21260304584611994 0.5534147517505716 0.15856586612542967 0.9127404442724164 0.4902909929772735
13 201 140 -80 -100 0.12189612685087647 -0.1732850423760961 0.2154989071213031 0.8634119859866369 0.5730078763859041 0.7589629346235938 0.6956338465317113
20 263 60 160 -125 -0.23108203584278703 0.13467219542444236 -0.2015959922962977 0.9496523574332297 0.0055871588869848 0.9804249239615719 0.5718849890473588
11 150 -520 120 100 -0.06349612186558079 0.22804850900082252 -0.09908514930691098 0.6021134355259579 0.34590150408200415 0.07394604479449751 0.23537408701852824
20 29 520 -180 50 -0.12784156148902898 -0.060452641418426434 -0.2180640679290735 0.3834824595974574 0.4019938272245438 0.47972311992068606 0.9909022580462347
10 108 20 40 -100 -0.14483226136656968 0.03838050122080261 -0.15510762407336404 0.9034063972819613 0.8223785660133234 0.7307753267524261 0.38866538116934524
15 263 -560 -80 50 -0.15405049270441068 -0.18890096106257664 -0.046560300926015374 0.25099003080157967 0.2705651941063596 0.8690966521889929 0.48608108556788987
13 229 20 -20 -100 0.13221047826924842 0.033016260975030354 -0.06789702521348218 0.22078549306563344 0.30707347857520984 0.4828449738746686 0.010214370187881516
11 199 -600 -20 -50 0.09200454239673722 0.15442494641445292 -0.008858445730293318 0.47744463721851227 0.49450000297152585 0.974802009108222 0.9461702747118674
14 455 -560 -20 -25 0.04128079299668663 0.23386281948395826 -0.051571482625354825 0.768573194235538 0.2661699796378957 0.29054154611663174 0.7571680673606419
14 430 -280 40 -50 -0.1816464146327632 0.06678233473218576 0.13044773206018567 0.1784408919446815 0.7973116926784536 0.4497951470545922 0.2486023225695746
13 179 400 20 125 0.014363294985926811 -0.12592197234326552 -0.08193514051955325 0.04276846806790424 0.019483558463017858 0.5109411112489112 0.8397004500982463
14 195 -400 100 -100 -0.05141394475699751 0.24188375949383628 0.07354926578362236 0.7654102449626087 0.8985189741672288 0.5734431706498929 0.895010634751136
14 438 140 140 50 -0.0961155952394191 0.13249519160681783 -0.025838621118866367 0.5413028227647935 0.4736893436407622 0.23766568945332678 0.024495686197923305
20 399 600 -80 100 0.0398094315424517 0.18428521313384727 0.04785504684417463 0.2202279455068189 0.7385845279545312 0.3835061259656938 0.3505395086489299
20 266 -60 120 -25 0.06944736837687465 -0.1375432206815005 -0.0485186857244832 0.7026427943622272 0.38191512619647483 0.5934101612374075 0.18961674770979953
15 302 280 60 100 0.20959766427921223 0.19850771934245537 -0.14188465790538585 0.7562279736809866 0.21346486384451058 0.7187763677380636 0.23524745700122818
14 445 260 -40 25 0.05293994232544136 -0.14813092394595817 -0.09454188233765354 0.9924536172667426 0.5443893615473495 0.3988352463205749 0.5650552672128337
14 472 600 200 50 0.14978124710352647 0.10811821233495134 -0.05669999002270709 0.1544920099535092 0.6434855910962878 0.6715580138470821 0.6096238997918059
19 480 200 180 -50 0.12229241475382335 0.19562371751231228 0.20547319422205562 0.30258827470726024 0.6294621669446895 0.014866241023368754 0.4650181870798743
17 323 280 -180 125 0.1038156229372223 -0.21495368840244972 0.249512308583832 0.052327702294838074 0.2390816345273754 0.7485112003909284 0.434222429801038
12 202 200 160 75 0.22845923041389482 -0.18988945551803932 -0.03486866427701785 0.8479754885389796 0.23502872709751632 0.9655263243230443 0.3898422045813382
14 425 -440 -120 25 0.17473556675423785 -0.14312889568415077 0.036454254136365605 0.9324645415335402 0.898073663329419 0.7230684190373707 0.07024434890650189
19 235 540 -180 75 0.1604206669949601 0.1086202323885666 -0.17055674743565052 0.0854923090733043 0.37456225005065946 0.04636202760526975 0.7516400051277387
17 60 440 200 125 -0.056808853334882115 -0.17205681040523857 0.015995015660758005 0.4488150349188348 0.2704582094400001 0.13872805932035537 0.44590974351549917
19 468 500 -100 -25 -0.03237978709624467 0.14609510790135039 -0.11461983181310781 0.9842598080800965 0.7081747706515195 0.7385305712186516 0.8633010369983771
16 204 -180 -60 75 0.14813722020631986 0.0532337758211785 0.0626505097462528 0.6014636661664188 0.2947574133367713 0.5209314986174898 0.9704149545525114
14 434 -320 -60 75 0.14361416408139177 0.09811989533473547 0.14345960770665755 0.6248239186901 0.12812671400473385 0.2682961183396849 0.15794149314993633
10 498 560 60 25 0.0694633136591507 0.08218532034958625 -0.22798176466681758 0.14038662279345238 0.10474582172591018 0.26894306366727205 0.006710821002950618
10 307 -420 140 -125 -0.10968998342503505 0.03549133953798589 0.1914091125417582 0.2237259919102773 0.8923633617056326 0.8897777385102722 0.17061821314002068
16 84 -320 0 25 0.2468826870501954 0.12416144695448517 0.1876214907588326 0.6745786042480548 0.9255655344082602 0.28249303946977 0.46159542330379166
11 407 -560 40 25 -0.08334899846841215 0.09090834678708015 -0.15639717652929147 0.15220214586719183 0.9249133292047051 0.029785223616093814 0.6933452440010426
18 326 280 -180 -125 0.21951001767009187 -0.06897042674527687 -0.15882338640941013 0.4019147466546986 0.6040204727301773 0.40090287991095064 0.33831692099233357
10 111 -560 140 -75 0.2238143326520553 0.19083810112169558 -0.12136104335239739 0.7920297627225411 0.19717350233522002 0.6643351088385858 0.42998325431807505
20 18 -140 -200 -100 -0.027090863547719557 0.15712831553806444 0.1377045987754386 0.4121965303764562 0.8489503306656757 0.7430228356842946 0.15220030581449184
11 367 320 200 100 0.17101470067041336 -0.10433031058757769 -0.20111263283922975 0.9390242772261008 0.6784550339697641 0.6801468853194227 0.03760169495883425
16 294 340 0 25 -0.20341494156340545 -0.23320325105400597 0.06710705343339024 0.3671161757646424 0.03503835513092168 0.21864516050071514 0.19118820641796497
15 481 -600 -140 0 0.246575805121246 0.1421504096485141 0.14152303375828296 0.9394031261479345 0.5225090061731376 0.9577314834831696 0.1999782066168767
11 264 -260 200 100 0.1983407798430783 -0.149243289657716 0.0943804685737506 0.3227519340319279 0.6749562681446313 0.17080823460546812 0.2343768018705149
13 430 80 160 25 -0.07348084075676764 0.07466060136911079 -0.23843826751474861 0.06329339433943892 0.024714728538761 0.23734968764370257 0.64553655363606
16 341 -420 0 50 -0.08542263970412961 -0.01603665395262449 -0.2097608242256685 0.0808345121740538 0.188794351507237 0.6813274985759058 0.8028754599107264
10 77 560 160 50 0.20821699570142027 -0.1544086766742621 0.2051427772725657 0.052353602423409806 0.35632910763703907 0.5968418926398158 0.7947861760454102
15 327 -60 20 25 -0.22611335491221557 -0.05959420610038524 -0.15368729834518735 0.9196563203939147 0.6617628913840622 0.4637212410652246 0.9860542438971396
13 82 500 100 0 -0.0163008956433765 0.21071618215776872 -0.038338573326138714 0.7080005522600598 0.9770067123629491 0.9701243503317251 0.6306425926273604
13 150 -600 20 100 0.062146345567052064 -0.1170411382514111 -0.24438496080376515 0.4395632583360404 0.22516940835411403 0.5122113921988007 0.9929074314927117
10 196 520 20 -50 0.2435740284990287 0.0394560407019976 0.20339894334866027 0.41981937301479144 0.5262298548199366 0.03319038721149159 0.16240406176288202
15 365 340 0 -50 0.08171016838682815 0.11973530178108249 -0.18704877488568494 0.011474982205371687 0.10474726861467665 0.9973804290127738 0.4672949757193028
18 383 -560 120 -50 -0.015484914303600439 -0.22837156244798973 0.09284511765227438 0.8646701564234691 0.9529074120669903 0.29556026963714077 0.838077657679772
13 118 360 -120 -125 0.01325986263754636 -0.2396905039269573 0.05191831341635528 0.23986491179581004 0.5516476476084683 0.968006816718137 0.7927466647608661
12 344 -460 60 75 -0.05137697181729389 -0.20146120275967155 0.029020226205743183 0.8324927001327007 0.07685110871713885 0.21537443579228832 0.10883274229522288
16 449 -360 80 -25 -0.04744306256493408 -0.17487925067421461 0.1192195348067785 0.08329609702225704 0.7149183946093269 0.32313455351909415 0.48348148345494224
11 332 -480 -180 -50 -0.0010671331596196487 -0.20830664626263268 0.24893973439527456 0.5289179729076858 0.8175990083264529 0.700564540198204 0.2026741362805814
13 126 -440 20 125 0.03641855862671356 -0.17651269022486976 -0.014557663508703744 0.8139374056644314 0.3076110295315835 0.6934051430553437 0.9725579919473663
20 361 -500 40 -50 -0.0938689823685222 0.2362487634846872 -0.09472483293414174 0.33657632750362987 0.08628351794196676 0.23244067184339845 0.8703630948139759
18 119 440 -80 25 -0.03337893253137314 -0.18642823167078149 0.23210863797579795 0.670931980361817 0.378299501349859 0.7805698164889731 0.5336913282094444
16 205 580 -20 -25 -0.09066875505881927 -0.2475787592303777 0.040156173253288685 0.7077871795684558 0.78821456196749 0.2076103475656781 0.08086561596145792
11 24 -560 -40 -25 0.01776476888591133 0.001627029415704806 -0.10434326321382059 0.7159428119391759 0.3878805968144645 0.010470346674017028 0.98538965382766
14 225 580 140 50 -0.23306886325754655 -0.027535688098974942 -0.12478238442074852 0.2331693458166314 0.11472381436062251 0.13395852271488295 0.18916134471557522
16 208 -60 -140 -75 -0.0618523283968358 0.015201368651056535 -0.07315992106761182 0.9479066144662278 0.14051438446123043 0.43157438587651054 0.044908319397991225
13 102 320 120 0 -0.24654251020549656 0.1083970425082012 -0.024201077622099387 0.6831512775647756 0.1272510823007812 0.88060934192873 0.9434053029589958
15 191 60 -160 -125 0.14092310144031966 0.1476531770010151 0.17107540159681334 0.40829783105833317 0.778347292525307 0.04582106362798577 0.052063017247436116
19 203 -220 180 0 -0.22939073414315275 -0.1810363241357934 0.19493404902056805 0.8275349908223518 0.41590368498517105 0.2714018814427266 0.15483635183234012
20 309 120 -180 -50 -0.22220468362051027 -0.13516995710789215 0.056492287857753454 0.6372630864315202 0.8498471845891942 0.17212597405924013 0.2102736724579315
12 167 -180 -100 0 -0.20188424115003684 0.05560933027105397 -0.2074291340936691 0.9281025788413416 0.8357185431627773 0.5168908727686286 0.3260375472271976
15 400 -600 -40 -125 0.22431024781461706 0.08876691022237765 -0.030417419737207685 0.6669512875886795 0.5444927349456113 0.6053505511887141 0.5583093611307426
20 469 540 -180 -75 -0.023957882358446925 0.008368785430745984 0.24401090395576502 0.2166199738489859 0.012227033821508249 0.0792098101485994 0.4323536030974452
20 27 -380 -40 -125 0.07346188161406275 -0.022428201986713914 -0.006975430389351112 0.020464964009749176 0.3534718260227979 0.67008403922097 0.5386948800556289
12 356 -300 0 -50 -0.0023387619456655684 -0.06569833763028249 -0.11773407608973446 0.4536199948297793 0.6798095346950698 0.3535877611550551 0.6539570614658059
17 56 -200 -200 125 -0.21074558669804605 -0.05343348344481297 0.16977569178752577 0.5396000528091581 0.5705187943452061 0.5448225738135573 0.8413169990813427
10 2 40 -200 75 0.22602233406582245 -0.19838801150718127 -0.18537787601864758 0.021558633117801373 0.6246978757801335 0.09745091746739798 0.9362266966289712
20 323 460 160 -125 0.16500467758453718 -0.11803079466915278 0.15316908476886582 0.762034257639035 0.22360177205195642 0.37705646870235 0.32993409741510193
10 358 540 -100 -50 -0.2148346153205286 -0.18159388521980574 0.1320122186659124 0.8342204811042883 0.8426535160043626 0.0026765442585645616 0.7149009048944382
16 127 580 -160 100 -0.12407721755711643 -0.20172989069597136 0.22309822187545442 0.7268405694638629 0.8662259218255364 0.23601232596110666 0.8143583114206198
12 203 320 -80 125 0.15029485718585278 0.13157789131484565 0.1872346624955477 0.054030170478750805 0.8371496668145776 0.5689659071976018 0.2914844930858509
11 357 -360 -20 -50 0.20965365699695698 0.22040451153458884 -0.1726786979924554 0.013650315716640882 0.27794367467651826 0.21447380118213655 0.03131742909467483
13 271 -60 -40 0 -0.056901714121067926 0.08614348492760254 0.17184193781210283 0.09335209787514942 0.7762501134548775 0.3796108001394213 0.8546966621500299
13 231 -400 -100 50 0.054264080127602476 0.09668352641679412 -0.05616515229842495 0.3067009646726012 0.7892893044959716 0.7461859923941678 0.8944219002131234
16 368 540 60 75 -0.042431089428223545 -0.18132454536638237 0.052552743858115425 0.9472367905844036 0.5755999631806361 0.7183460408689004 0.8705032376599636
15 351 -240 -40 50 0.051834006839756086 0.03518536027947111 -0.19005252124898436 0.808914507672024 0.9052992427634168 0.10774549375552134 0.9666862333930802
14 411 -140 80 0 -0.13184304473157665 -0.05873176488931531 0.07999485412913887 0.6200213562206572 0.033267390128802754 0.9340590932947045 0.0985582982318246
12 243 320 -100 50 0.06656471653540308 -0.21151501685513802 -0.11813931527419208 0.570193818500604 0.2592869701583873 0.33567706099501315 0.43389915750865227
11 472 -500 -60 50 0.1065027616447689 -0.22520755035299822 -0.15792788008413727 0.9550661825365716 0.774488558943589 0.7090587017851959 0.9473024574985031
10 499 -140 0 100 0.1707392685632983 0.08664867813118299 -0.12959601121864206 0.31331144763302243 0.9792251535723664 0.7669145942979225 0.3347353905786311
16 314 -220 160 75 -0.21708707950677736 0.14541950277909876 -0.13513623206113745 0.7734685036786604 0.5910520303922361 0.09120410544425839 0.10911097884285703
14 90 600 0 -75 -0.018825119500666176 0.04581533509567076 -0.007062368486351556 0.8344982320077073 0.8299106971470752 0.6956791185071738 0.4807653131283349
15 263 240 20 0 -0.14196091189922472 0.0030033580176784813 0.1518464862745777 0.19555515827141956 0.3806507628861243 0.08130856795097186 0.23324031166752757
14 172 320 0 50 -0.01743182016024203 -0.056898407697799636 0.026510979114251154 0.4635419553701583 0.7413408443051508 0.4066147054735627 0.38959062761773255
10 415 -300 -160 -25 0.19884843209564462 0.197791354071989 -0.004891663903767662 0.19994644621963498 0.5817357955893048 0.1342339547678435 0.7691194612332696
20 487 140 180 -100 -0.12115125051516362 0.13836182604969194 -0.05642225744131474 0.0951031753484275 0.8142643824354947 0.9259220073810481 0.181265471946641
15 500 -80 140 50 0.09843908490809666 0.17733776975544402 -0.09213014997716212 0.6608516741232119 0.9667927027716915 0.6348655374520721 0.7093571780389969
19 487 480 -80 125 -0.16601080701182563 -0.15150259866085358 0.17765159791969642 0.7251081994433053 0.14323216783967896 0.6551312383903444 0.3364263842697126
18 116 280 200 50 -0.15406959922361813 -0.13985181827433651 -0.11051858795209424 0.39251029803329807 0.6222359932863086 0.5186396487210735 0.8020936694454126
16 351 -140 80 -25 -0.038035574437155495 0.21006634251256895 0.012392007024827734 0.38878574686436473 0.6999336037559525 0.6401194947257948 0.5348585096312699
10 234 200 80 -125 -0.0770590009598604 -0.012218571666854416 -0.06419409021886135 0.25203043347413556 0.8759632243879439 0.7068288589399376 0.9401090328713244
10 169 -560 -180 -100 0.14157890086313335 -0.2315128559932652 -0.12038492174385923 0.18239585688071924 0.9810868269364679 0.5620632805349736 0.26697811489163215
18 493 520 60 -75 -0.08865188365143412 -0.12246200518327038 -0.22927100394001576 0.6087869588486707 0.2923016379865515 0.5760962495582436 0.7509416731785581
11 62 400 200 -75 -0.04982124721366443 -0.13234845629251263 -0.013780601405640969 0.9805072874899711 0.8409201939331657 0.7823296370009039 0.2789392252284404
17 117 560 -180 125 0.10296555072174207 0.052307486872510356 0.05619798043289165 0.7512129179958751 0.935018663510357 0.8936855692946184 0.8557894232655412
15 119 -200 -160 -125 0.18857227620050548 0.04443577445209679 0.07659574912613737 0.25650228420369203 0.6814782248871604 0.012071850987491639 0.9019542557117519
20 333 -160 160 -100 0.18307617821341038 -0.066429269334226 0.19507295471959485 0.6371734925830962 0.8484979915283096 0.13868280360862717 0.3142561961594472
16 79 280 -40 -125 0.05090916079807867 0.12052184676085054 -0.09978582157120097 0.11385287802967736 0.9750565478326968 0.36375518594788625 0.6710323431834766
10 289 580 140 -75 -0.12666402988274228 -0.23654140994035255 0.043140261488049114 0.48165648418581497 0.4274828864805008 0.03248030339077468 0.060504556503852336
12 333 -240 160 -125 0.16154931958879148 -0.1406624209541304 0.15845590973159512 0.997817768270927 0.9514030700138891 0.4876311613183941 0.6658033538468411
15 321 -200 -180 -50 -0.023597885224356907 -0.0719204869332446 0.08186074685110484 0.5546443899801641 0.5895069217213257 0.26787303087498426 0.0744938100573912
14 69 80 20 125 0.029700677636121386 0.14772184045038267 0.07364425897538907 0.6286754679552459 0.7909195751529472 0.17994838341155994 0.008699350850620569
14 436 260 80 -100 0.24491936120111096 -0.1115554770462246 0.17818779125034967 0.16244014171161802 0.6629759804993899 0.6324704024186996 0.6052420296926067
13 89 -520 -40 100 0.026782635000882404 0.08303700423303928 0.08626380237261466 0.2933674036421072 0.7062350710790168 0.15976050220239857 0.4375894532425316
13 488 400 -120 125 -0.1403441610952446 -0.007061447972192214 0.22837022457783862 0.7780842140108039 0.4510048424792795 0.07181032642201168 0.8227394104075573
16 38 320 120 125 -0.2120253240768485 0.16100835660284657 -0.042095575611637515 0.17691316256109102 0.30692513414610667 0.8911659106280887 0.2599769441262675
11 147 -260 60 -125 -0.07402842757022071 -0.038083480530849145 0.02345988973306551 0.813099023722252 0.8785588378876764 0.16052440960357206 0.8582244733626683
17 96 -420 -180 -125 0.08757906110697866 -0.08703424144592414 0.2088659917136077 0.46127639188612146 0.4716455204656016 0.11776808553695373 0.22965486926102363
19 29 -200 100 50 -0.10674328993792681 -0.02460795853964326 0.025104966159835262 0.6896666383183442 0.5787242135080357 0.6440261436502883 0.16857710785105795
11 58 -480 -40 -25 0.11586419553447691 -0.14540193341134638 0.17222327826052752 0.18371564033757248 0.7006290104263757 0.884928902387388 0.8302285873357246
16 116 -60 -20 75 0.019087156219426415 -0.0040610641961562055 0.1975825212640998 0.7646488705395001 0.2531125460351783 0.1837465154158554 0.4128405153627718
18 102 -40 -20 125 0.14444993559759078 -0.10898637335370898 0.2055817998869357 0.8153552280174879 0.9282798709889847 0.31710795844788575 0.8247176968838844
19 183 -80 80 50 -0.00020721782501159636 -0.08274347995194786 0.22152630965052428 0.5472567297950222 0.5549662381030342 0.20390237418278578 0.8136209802860295
11 264 -340 -140 25 0.05238359971671652 -0.1299262153053845 0.1745496758156111 0.24522531263741087 0.5321638714576499 0.32976394657004393 0.9386879007586652
14 299 -520 -120 0 -0.2051581472805395 -0.16237649972029672 0.1022868663402201 0.880246098416772 0.9990513107036268 0.6840610520282528 0.4163888696797
10 458 440 40 25 0.19669165640261504 0.06978307044164128 -0.20261025305829272 0.8313616638121313 0.8165204065842636 0.9292238540630253 0.4185144797085968
14 193 -160 -100 100 -0.09026329611594175 -0.13656125277659958 0.04905659154419717 0.6305607370506953 0.8045486825281182 0.7871992626448734 0.44209822006730326
16 225 380 40 75 -0.02983668113512794 -0.23009354590623027 0.06930968170030577 0.0941662033607622 0.2205935634406886 0.23376232743827952 0.15007630308724373
12 182 260 160 -50 -0.12219631430654221 0.09439465323200052 -0.1999531913148302 0.0013060901874458741 0.9203028291016985 0.41241404900718026 0.3723545103405771
12 199 280 -60 50 0.03066827870696237 0.20577885628196652 0.12790090504950913 0.4911257295762588 0.9874057304256973 0.9587286046350737 0.48775131459072185
11 60 -200 180 50 0.1261683963265401 0.06887077654582091 0.11498152781303483 0.628542062440346 0.697579472074328 0.1672693399887918 0.5781927794875569
14 305 120 -140 25 -0.2009436684821081 -0.06346046721913567 0.19570173786247774 0.9688870956112499 0.704348348485763 0.2505116074291963 0.20693342876725707
10 187 -380 120 75 -0.026722023453792265 -0.029385185368619116 0.1529926978110624 0.6535082040607845 0.6093255308211587 0.10966440250684706 0.28633415031529275
12 282 -600 80 75 0.15595912040365373 -0.06175754071159695 -0.08879905931271981 0.6142149162535797 0.25703505915666647 0.3095479481399759 0.23266558080272082
14 194 -200 -160 -50 -0.14995337553016896 -0.08327621134360336 0.0268863407426575 0.4424686071058076 0.07493806964258998 0.2187321444786302 0.4280556149147934
19 8 100 160 0 0.2237810630748135 0.00012076157095186613 0.0173581192965378 0.8609936365920027 0.05674535829170835 0.812465774039909 0.9656844015632288
12 327 240 -140 -125 -0.21316241029468308 -0.13894536761452042 0.010422132948573526 0.21218623090267408 0.9851112305807506 0.7647870208233419 0.1070618414942448
17 67 -100 20 25 -0.16592098263297977 -0.18919656856509914 -0.19555865619464585 0.33293222377737774 0.210156538159036 0.15123323300467095 0.6441745262485303
12 482 520 120 -75 0.034029305276567834 -0.2223735881451368 0.026459111419683268 0.6100977548534328 0.28210098220752744 0.7231456160226176 0.893168404179045
20 54 40 -100 -50 -0.17096919674816674 -0.215457576821104 0.07124954058414451 0.07437451055538014 0.9863641464503361 0.5232206591561157 0.5948401752502586
12 107 300 -140 -100 -0.18264910299566528 -0.1461640445423784 -0.20063563458119793 0.46516687367052345 0.16949445317474332 0.14661361038095888 0.7349005102043973
15 468 -420 -40 25 0.08490695577112545 -0.05807875260294726 -0.1398392998392094 0.41625595384913916 0.7184034100289476 0.9841887777944525 0.7195016839085778
18 298 -140 20 75 -0.03715938853776812 -0.1733856913522865 0.17086712393546127 0.5468072090163532 0.4007474046108841 0.39768617360462544 0.5169564271580463
10 462 580 -140 0 -0.05491082726307239 0.22211414365150317 -0.22547692656630497 0.4448597576387727 0.053294981144930476 0.13177277073838323 0.44241766762537804
18 259 -340 -60 125 -0.16440899792048425 0.12321803552871635 0.05149483316262771 0.38376023697252537 0.39243996774062617 0.15007328575717516 0.22036509235303348
15 148 400 20 -25 -0.07887538173978775 0.164532893802116 -0.19243166706025655 0.2397747638344 0.8949858711599141 0.40025093218101526 0.8638847402232052
20 297 -100 40 -25 -0.02523290688108104 -0.23609998836198115 0.04963580620252661 0.34968783136450066 0.8838192698802807 0.872516018239485 0.13135382444717048
12 134 -80 -80 -125 -0.20105993496439317 -0.07704727572352943 -0.23040756599025886 0.40448208966442156 0.2924545069865404 0.6798441033991968 0.7957897338970232
12 151 100 0 0 -0.14184683639308188 -0.22033569559303506 -0.12905272973488485 0.23080263937937773 0.5002750074193028 0.7512971466524422 0.8323456230287537
20 419 300 200 -75 -0.05304397459154514 -0.17201703294238052 -0.2082068605162718 0.9258995990126998 0.2756700545146439 0.7337326129561195 0.3032651545682361
12 351 -180 140 -125 -0.1779833412396879 -0.19974031674174786 0.13104869293649118 0.43264624812661845 0.0868938580116374 0.46158909604677945 0.9729337539951455
20 274 100 0 -125 -0.23367922020314158 0.23276412413261222 -0.13487448051755974 0.45732771349038337 0.7167139385892559 0.34815873011549936 0.3677185894724113
18 251 -240 -40 0 0.12686848895695402 -0.057333219659363555 -0.0699102347753337 0.6455323817513631 0.31136769914594475 0.9173340377574111 0.2166234443798467
18 408 -580 -120 75 -0.11924281374247309 -0.17681146580775353 -0.1739356605718116 0.32512446288647734 0.15553416509933982 0.28147484065652384 0.33307882558159174
18 166 -540 -20 -75 0.16016028804757526 -0.05722987410421915 -0.06861142724326535 0.3253624549579154 0.7272689929915674 0.12458073454784102 0.1632556283704213
13 457 20 140 50 -0.1947021615574785 0.03266826033964504 0.1454928405794732 0.960233991521977 0.514651150979808 0.7121567476036424 0.7884036692632674
10 249 200 -20 50 -0.04635585114927193 0.1452746086273567 -0.07071206388856971 0.8880567773826774 0.8571107512834485 0.40737577352894083 0.8362866122520876
12 75 -340 60 -50 -0.03926003268616757 0.19400803797087368 0.05822548458263399 0.6165896760530505 0.6856682020611691 0.916844639858281 0.9840728091980446
15 72 320 180 100 -0.07410064256470017 -0.004417069634170212 -0.20939702635273505 0.226688745603148 0.319581470470395 0.7458979057633915 0.009985925681340602
19 42 -600 -40 75 -0.015124432276112987 -0.0220845919713335 0.1772169214454073 0.6160474314324913 0.9929123798105344 0.8070302177152524 0.07220655889774152
14 127 -240 -40 125 -0.012662651926859114 0.10285832056073846 -0.23352436677537347 0.5990046248580438 0.9238634993767567 0.6132803510307804 0.9616034544569834
14 18 320 40 -75 -0.21059703545579128 0.140884687518616 0.10269881172635614 0.5701243001957529 0.7727419542579544 0.41928365021497793 0.8819231353485916
19 5 360 -60 -75 0.03137872541700182 -0.06939066456352144 -0.12177295308287367 0.9381709269974776 0.3736685912575586 0.8352793305850952 0.47027516896676014
15 377 -500 40 -25 -0.09017287432582582 -0.04381564026806889 -0.012661560621529122 0.8790275453492031 0.5873122509534257 0.5332960661533712 0.8575457551914163
16 132 20 120 -100 0.1383428137809246 -0.10001376185707478 -0.1458359271174457 0.5440529021056985 0.31856667389748927 0.9464476758148083 0.40576484400752044
10 103 -420 -180 25 -0.058133272122053214 -0.12757952533474737 -0.10727142589629696 0.5844067029246359 0.044100101196651864 0.09544174034375885 0.7843558266142449
14 126 320 40 25 -0.18576495798595943 -0.2330411003360096 -0.032645206426002216 0.37334669660678554 0.8277901287425677 0.5453689384432562 0.46202027864713613
13 330 -260 -80 -125 -0.02544830416257876 0.07098826986616136 -0.09783108138703372 0.08180190997880843 0.9942107167182688 0.20417477694367658 0.9872960293274982
13 339 580 -120 -125 0.04718554478297354 -0.14520262590520494 0.18563691180495462 0.6707616516934276 0.303927259685705 0.2544868736891599 0.0344764978358435
11 462 320 -40 -25 -0.011051132345745784 0.04692777257597591 -0.16539826184894085 0.3542225101461812 0.5092322426367629 0.9463289273331373 0.6346721724289162
18 282 -260 120 25 0.1533606779167424 -0.12497103441409785 0.09948062201117958 0.15834255361504446 0.13872514727083385 0.4707780789320134 0.9085032070061689
17 499 -260 40 -50 0.18461445876440447 -0.060224104869697315 0.008661554674346927 0.7044067451473891 0.6967391153546661 0.8470123026480367 0.10832395230663117
13 167 -360 -40 -125 0.21126433784060777 0.17308369307917176 -0.03647785991826413 0.5548590800110234 0.9175965754994582 0.6998231321584286 0.0770243342759197
19 428 -360 -180 0 -0.2181896651671169 -0.04038949169203121 0.15618134116910493 0.9719033038171789 0.33775562156369043 0.17105554659436484 0.8895703026414101
14 453 160 20 -50 -0.00247729356026255 0.17960270189672106 0.21575628035109717 0.14165097552429962 0.23342231377671208 0.43470534220860746 0.5558322416788886
18 370 -520 -40 -100 0.14284529396800777 -0.21497628444863992 0.11568615834154838 0.6852123139906416 0.8549806966906424 0.7903915253746101 0.6727979910931845
11 489 -300 180 0 0.13619659998290734 -0.20719482641803244 -0.05749663115308318 0.43293791979689067 0.7834610678874057 0.8071517326240312 0.6432783678226582
20 287 520 -180 0 -0.2228560861332921 -0.03627129359547249 0.056768176631962264 0.43408650114289127 0.867217315446083 0.4750049655591819 0.51748534843116
17 93 -180 160 75 -0.21151249158430457 0.01416188761417253 -0.11012847447752871 0.40281566641864996 0.14690669862128014 0.2308497315689677 0.5267613636867364
16 368 280 180 -75 -0.0911800243111841 -0.15202836347707532 -0.07698673513105331 0.2264144894682536 0.4064293266415503 0.0493772896801995 0.2503870412066517
20 410 260 20 100 -0.0022692428753131044 -0.07747096642341261 -0.2048985897777898 0.8061204895452581 0.6606814812857773 0.8313570884931187 0.08334451662175024
20 425 180 -20 125 -0.20330361061115731 0.1348209537357818 0.19208949967824634 0.7627206123404358 0.01509430747155005 0.37998936280972406 0.8502604343288385
14 254 100 -200 -100 0.14198722961748894 -0.011904393716160644 0.039706606134243094 0.8140089249359649 0.617649740196994 0.21940167652824738 0.9347113946726217
10 84 -40 20 -25 0.1264528714855651 0.07289664129660972 0.013908205411551688 0.22415040198403902 0.4089023960672835 0.03066470184424197 0.7392240601688884
10 200 -400 180 -75 0.2317062351159177 0.24140564274681786 0.07378913010631039 0.6354425229147199 0.5025564345276005 0.8762415069516805 0.4883672127407729
17 343 -400 20 -100 0.061657132102864 -0.06110001428096201 -0.06153263698146594 0.06542347750153488 0.17584573201468046 0.8387796125446774 0.9701780920283818
12 153 180 0 -25 0.03736405720110669 0.12167742010619692 0.04408140693537471 0.8464396512913424 0.0408353026296957 0.4652557732337561 0.01472855227060721
17 238 -560 -140 -50 0.06264538069397796 -0.050959344005814367 -0.03233485908275435 0.862750336326431 0.6265324742847701 0.8244455555171804 0.217972649975831
11 380 180 40 100 -0.06446051981687045 -0.24034821181932992 -0.16387189498079113 0.8384019239129568 0.014632303771361377 0.6695718383072721 0.1842623144051091
19 221 600 200 -25 0.057287813443514524 0.20554456268569665 0.1626779691198606 0.3045308238295267 0.318207774320714 0.9012349268328722 0.9038721220680991
18 34 200 120 75 0.01056037320129738 -0.028564229213262793 -0.07151167342227022 0.7047252348383172 0.47733282223744533 0.2965810396761218 0.5618273033918729
15 26 -540 -140 50 0.20843695133122508 0.010742473335782099 0.0529120691142036 0.890634329131797 0.09229791127673215 0.29260795807189566 0.44734990759032667
16 377 -40 -140 75 0.18538928524006093 0.22168259528540674 0.1097309533683885 0.4499904266578597 0.13521749102439962 0.017887952089512993 0.8081551246959054
18 153 -560 0 50 0.18088428298116244 -0.006517392451867332 0.1775291555423763 0.49423416442922763 0.029512947959394187 0.832856015289241 0.4617732190948778
14 364 180 60 25 -0.06456840796499963 0.01098902014996761 -0.15773357021656265 0.5831231856477287 0.500839097913786 0.5670091495925798 0.11554041736780152
13 363 380 20 0 -0.019686979186180564 0.19265764941038832 0.15100022711413696 0.31443786176072086 0.8353989084357846 0.8738477614956347 0.9407892289752692
16 123 360 20 -75 -0.17648217959806134 0.03617620542491973 -0.02339761588228917 0.501353399109289 0.5608376373160082 0.601313374307597 0.4465716517359489
16 359 40 60 50 0.1234106909267747 -0.09955081132713944 -0.07981447620211068 0.22385316308156022 0.8075231066880922 0.5368456784925203 0.3626513781518177
13 71 0 80 25 -0.18619298863907247 -0.14761801265957686 0.19619049241837488 0.8685464321907551 0.03479879969599886 0.8502708399813249 0.8072083111646956
