0.5 300
10 244 -460 -160 75 -0.1243776742036235 0.17497220533960656 -0.23887746667684945 0.1473566675568766 0.004093292794633663 0.7198392948320281 0.6698976729527791
11 10 220 -180 25 0.23562532351120075 0.15201398662164955 -0.021801357110687702 0.5030903081931535 0.18501307077200313 0.3018205011362409 0.4816990215291562
12 4 480 -20 -125 -0.046025617961423126 -0.16707090012028308 0.08652613684298999 0.36908352932184185 0.8176333342524675 0.9955330858705775 0.32670560179700925
20 270 -280 -60 125 0.013632750464489918 -0.06978494598108298 0.02330889892031146 0.4893185399964145 0.8721848778712876 0.3597521715733071 0.14028431370803807
12 114 340 180 100 -0.0971676451012849 -0.1106343737822269 0.05177148495038936 0.8266064349232441 0.18437750400567465 0.6953166471835429 0.903651451312494
10 144 120 140 50 -0.17306919566634593 0.06228849206369408 0.100765729402367 0.22673460781802024 0.25015701475726826 0.800774052462818 0.2063558053938227
18 437 -260 -40 100 -0.09357533275739788 -0.11724785339605043 0.0882069186551126 0.8087668836307256 0.1736506691828993 0.19928786126203624 0.5719936172869243
11 306 480 20 -125 -0.1936974821318389 0.16862406932857216 -0.08010157535897067 0.6333239141289682 0.10602411915033239 0.5241667546729699 0.2161881623167986
10 84 -480 40 -75 0.0247427293596148 0.18547139733074142 0.09176316826068426 0.13353142024712217 0.8047252438345852 0.9034764605391138 0.3974674725843105
18 377 -360 -140 -75 -0.23537139075068403 -0.184135547842473 0.13085045309908933 0.8315554894472209 0.1124391592061107 0.6110423569635285 0.8455799159217072
10 423 -280 -20 -100 -0.09824949026463808 0.13375577309420517 0.027777253808902336 0.15324563282308357 0.5030301897889138 0.9781545594116222 0.505100282133136
13 149 300 -100 100 0.04859479904146213 -0.1655485186317815 0.16216477091015702 0.05658764088561763 0.37998152896253656 0.977368518426939 0.6240576697246909
10 104 -140 -20 0 -0.08140871315180348 0.015163534425255587 0.07519427812880569 0.7717380961889442 0.05448457227994341 0.11887839155012692 0.9852564630582386
19 481 -200 -180 125 0.1702200469396648 0.02199080337857129 0.10867830927164429 0.8171208966219939 0.1634901447375552 0.6742872386001502 0.0058203294638575764
13 386 340 180 -125 0.09509108722408582 0.1269083339289384 -0.12454354248834332 0.583865452163619 0.36612499247079455 0.5853061241990352 0.5537174508905928
15 84 -280 180 -25 0.20872560217867747 0.01757790531858866 -0.016966799400698174 0.9353521224408279 0.148545916986483 0.4521058937570178 0.4004562845355317
19 464 260 -180 75 -0.1608286451700317 -0.06563809554446715 0.20291315621545164 0.3792574036060289 0.6683823722515339 0.5350367693680352 0.7294890894255008
20 308 -580 200 75 -0.15646743187392204 -0.05978511962534255 0.1722085105190509 0.1119388271216567 0.9244184633602369 0.07641742331054668 0.9170899586248219
17 287 120 -40 -50 -0.06773068131946142 0.10080193027264084 0.21194464976951222 0.9717758466785357 0.12151586130996106 0.3666287508551265 0.44346308273565826
10 417 480 120 125 -0.07412279456537252 -0.008894781147504804 -0.2119055882411357 0.439200422808651 0.22275064921359833 0.48601326554724056 0.13210778957718528
20 165 460 180 75 0.22652881463460245 -0.21747864912919668 -0.022676828150630712 0.2601702527581825 0.11595700216631843 0.10637939781177552 0.25016471266825513
11 24 -480 -80 125 0.1668201876215596 0.1296625342097737 0.053017060930877324 0.9665048016297175 0.04239090645838173 0.17493089497323933 0.23886462849208534
17 236 -280 -20 -75 -0.06326052824236333 -0.20989841270193915 -0.19889457155838292 0.930549191250759 0.023036032981062826 0.3990969504446472 0.8661981309556464
11 340 -80 140 -125 -0.040135513450653304 -0.11791624751633367 -0.08033676046530613 0.40896886187445436 0.16589585911026394 0.35662263914945525 0.27647787346387354
17 485 40 140 50 -0.19231297580794138 0.21459496347419543 0.2236489678623722 3.583882959568019e-05 0.7289004028593588 0.7875635199167108 0.060769841714684025
14 53 440 80 -75 -0.047611825182253986 0.07961758346046766 0.16835885636364384 0.243839778316993 0.5283555176476603 0.7908270213307697 0.08314701363521426
12 134 360 -160 -100 0.1691757629637991 -0.18516173885283144 -0.20716707843620163 0.48093579918293006 0.038257762148897756 0.897763052266322 0.08452246816154596
15 307 -200 -140 -50 0.23027753619329894 -0.006079131518511416 -0.050692184710469324 0.3496841832420168 0.3793066070323792 0.8370252051545226 0.6133946377908774
12 31 240 -180 -100 -0.20065181922966113 0.22948833920022738 -0.12299598827019248 0.20866601482895653 0.18368266104184283 0.4411793584475415 0.3995045473574982
20 498 140 140 -125 -0.22787080084151135 0.09642486945189727 -0.15796693310334575 0.8051110397656706 0.05859339301828337 0.4559819511345603 0.3713235903663862
20 304 -160 60 -25 0.032516311636433426 0.06241082006301257 0.20520325526053218 0.8821590698282229 0.46234689642457916 0.9303187907267442 0.949422288106467
11 299 520 -80 -125 0.18356106429037972 -0.23797612412052616 -0.09245683264940824 0.9598167343509864 0.43567750880811196 0.9165419229596005 0.262780917632386
19 181 160 160 100 0.08281895496113001 -0.020702168346038885 0.21365988420248655 0.3322680591133649 0.4337219108521094 0.40425331609012627 0.463313057620253
20 149 420 -100 -100 0.23153449122069875 -0.13568000053442364 -0.018366666946657506 0.7715395004025063 0.14110503537945396 0.9747520459022022 0.824625756990024
13 277 -40 -20 25 -0.20201929562021415 -0.14484742157140823 -0.027850595462519223 0.20621209539731122 0.7898709549391151 0.8505685270382235 0.6088920803492903
17 388 -580 -60 100 -0.1597284964047065 -0.23057525981870897 0.18064745159873646 0.5496180066336495 0.03711025406631141 0.6814862862043769 0.4694762452805211
15 134 -320 -80 0 0.1349931981116373 0.19701427600981047 0.1493538399171862 0.9316929392404161 0.5964064662142381 0.2738470997133756 0.13686018834907698
20 101 460 40 -125 -0.05986407876456573 0.09052705374118458 0.12246302738388043 0.7594119008631235 0.3381154989617049 0.26502509123876883 0.8012545445637085
20 27 -80 120 25 -0.2133735048598231 -0.025072769148206386 0.18807759773989446 0.7145160550339883 0.5846024640114343 0.8868462146862948 0.3564715992285795
13 159 -220 -20 125 0.0008351477677955299 0.12198478638331245 -0.10703249439097445 0.3298733714643153 0.4370313528656983 0.7053083531100246 0.3872326417005877
19 58 260 -200 -25 0.182049161492632 -0.19684154576930424 0.009302159885824612 0.8160341316322598 0.5527944894177107 0.7960137951960083 0.3092519341497296
18 389 -20 -100 -100 -0.24726861820823826 -0.23086050851874412 -0.09273691019503838 0.91286921944485 0.47610628820784284 0.4569057350396658 0.5557465435554879
15 162 580 20 -50 -0.23559342059827715 0.1715873719221555 0.23072641472385408 0.9177129491345373 0.9705252862969023 0.34335120175164724 0.40738612090543846
10 43 -160 40 25 -0.013927366984762268 0.0377913537979192 0.09482134885442917 0.5059555749566506 0.4381866487396727 0.6310425126261454 0.3092523690175377
17 428 280 100 125 -0.03599403823016939 -0.2384736608860265 0.24513215466060062 0.7933989047605716 0.16435004926851482 0.495319018936934 0.3436755958573856
18 78 -560 -120 0 0.14597712183787537 -0.16358377203091884 0.12305950333958299 0.7265246670213352 0.40908123036519894 0.9797966521833074 0.13576423704336316
11 191 -480 -160 -25 0.062456003282175376 -0.161882135459962 0.20916997748940225 0.45277708543393735 0.5778050082406099 0.5838781310009226 0.022079992551192196
12 417 140 120 0 -0.1409821667042983 0.14366750174448462 0.11105530212956372 0.686752101306348 0.794142706678987 0.46839930527558105 0.10573943572221534
15 43 -160 -100 125 0.0046369492001649415 -0.026137360491658768 -0.21777293499123385 0.29512510777860335 0.20211339471635947 0.9113173561244226 0.7898326910105309
16 96 100 0 125 0.03961966840960912 -0.010879154682675696 0.17035921591529463 0.2536391288254741 0.251542126094605 0.8265568315751544 0.2824980567425037
18 308 -560 -60 -50 0.10668361553918904 0.14237200371046094 -0.1794977732006776 0.2871950152767144 0.7742894531037977 0.43353561091662585 0.4707883297297134
13 112 580 80 0 -0.010160823162889632 0.10289439621843427 0.06267655416935447 0.9257640833089887 0.05536241795245145 0.3925342838231658 0.7030530165173834
13 311 -180 120 100 -0.149497614411291 -0.17994039463479578 -0.08295979991651681 0.3350200529896179 0.5611637733993055 0.20182407628947707 0.34970707516031085
19 376 -20 -160 -50 -0.023589376103028248 -0.0008000261975262823 -0.0640762704034134 0.61433128052967 0.6162638443951258 0.03129166146508555 0.22136299076436317
12 7 460 -180 100 0.2471282114383141 0.17456268489817567 0.24757619063903097 0.9157355332963287 0.45480334327506644 0.0879067559242046 0.3543036078506976
20 466 -220 -100 -125 -0.14378723427739076 -0.1474702780599812 -0.24277557708299607 0.6691698632225551 0.8899517730649913 0.777043936597455 0.9125723968402006
14 18 -540 200 125 0.09839478963842963 -0.06135151550706547 0.13467614098107544 0.7597250554099567 0.8820626938444864 0.8350670461751167 0.021504454772747095
10 484 360 120 -50 -0.1049998323148073 -0.01965407646291578 0.05903688032358706 0.21362706823237132 0.46391242066704375 0.06906722324517522 0.21637194310527474
14 88 340 160 -50 -0.1874645737132024 -0.23652268145698074 0.18261948544726853 0.9022730562019485 0.9202841089849099 0.16321723000055444 0.6525174243200337
17 455 -140 -180 -100 0.1146847442849489 0.11426357237797508 -0.21183369793985618 0.6824663067717895 0.6573909885405135 0.9991395307264019 0.16855485638754641
16 455 -300 80 75 -0.16961296198137626 0.24502661249225977 0.18402501916266156 0.5278027555687488 0.82982085866234 0.4470802908084993 0.660196889752467
14 482 -460 -180 100 -0.10952442267913626 -0.11969653868715929 0.16169691155788368 0.32306037555290046 0.45839717248070444 0.252132978742608 0.07947189642814811
17 215 280 60 75 -0.22257257670899022 -0.2455536517570609 -0.1820851521453038 0.6100697947888536 0.04788333603158168 0.19638796236279976 0.26113317055935326
20 260 -440 180 125 -0.008956488677658803 0.01721838060327091 0.1305848894818138 0.5882601517862545 0.22146520733310082 0.08151329748509084 0.8098747562864662
17 352 40 -200 50 0.09849241121675512 -0.14064589781904707 -0.031226590671424637 0.3021053883350914 0.9841475325279263 0.5658789616577694 0.7624969088046636
12 482 440 -140 75 -0.14778783397039402 0.23134730506450696 -0.03265665635039905 0.15197655690586465 0.25697560455884205 0.7551862727211934 0.6234604026509997
19 160 120 -120 -100 0.20347258523282913 0.24910961293343786 -0.054349084623058486 0.35603637273133715 0.23353785760215007 0.23187456132168194 0.7724802672671922
17 497 380 180 50 0.046048446601495596 -0.20297990162422458 0.15939329366825228 0.9998952573838051 0.4042415953479518 0.14908622281948747 0.3138418979969928
17 216 560 40 -75 -0.20472520696687668 -0.19370401612411148 0.1232787517631238 0.8949903106064145 0.13355344939279756 0.9545648409928792 0.1381511249304812
14 350 -320 140 -100 -0.16513953670037695 -0.12476570770096146 0.06926981477924316 0.40135514370572345 0.7942322800099784 0.3802262647865712 0.81463332310022
20 72 340 -120 125 -0.040887740209114565 -0.18623204184317016 -0.05171465939852077 0.8013375338862385 0.16697124177432343 0.9595582028763542 0.6737059250413728
16 190 -500 100 125 0.07884126419413023 -0.019688590872380785 0.15870055844122555 0.825638111723112 0.3378498107963154 0.6859722910905311 0.4100354289258549
11 471 -420 120 25 0.12064685644915485 0.11875983475932961 0.16815346032061435 0.5398152423046644 0.8649264235407347 0.16980699748600414 0.892597289069912
20 363 120 140 25 0.10010594455103256 0.03254807724853487 -0.24812983130002841 0.5672210792457464 0.4747838455865405 0.4779869575776349 0.04537945629359297
13 450 -60 -20 0 0.10479728705496849 0.1905715534880537 -0.1723832732374005 0.710756300373675 0.5633874947756924 0.3088334904220311 0.09497046526632269
15 25 500 -20 100 0.1512682968175414 -0.1983529619060258 -0.02361430153053501 0.5640743297993459 0.9850871082296371 0.27678089851231136 0.10240984473543313
19 169 -360 -140 25 -0.18384156657628065 0.1930309870183659 -0.05421579103683133 0.047516229143039435 0.6771370582406941 0.5648117415278548 0.3219809642467234
16 324 580 -160 -100 0.21566334478282911 0.08588036277842132 -0.17714064123729722 0.25159188457095294 0.03767937552490008 0.2275862175594796 0.6939425384388959
13 443 80 -140 0 0.09969675149432539 0.10893693372440094 0.09083237549764339 0.1886000788528419 0.0732297900050044 0.05837643444451279 0.07477069688428317
19 60 -400 -40 75 0.14185288174990196 0.18015899227954163 0.12068110277720995 0.3494267544882721 0.4722966099350796 0.11107942588099651 0.9115795482152068
13 270 580 160 125 -0.24596445250296306 0.1027306431427007 0.2195012274901964 0.6263703690655755 0.35139073872522864 0.2127606944431315 0.41667420063821103
14 349 -200 -80 25 0.19006617662130543 -0.18557158132118812 0.001345933958397827 0.3619291168434051 0.46030528358624323 0.7296390277211516 0.15555306065946273
11 166 -520 80 75 -0.2305902158591377 -0.24267176120542683 -0.025288127850345565 0.23639127687678374 0.5725021502549791 0.025049286150211847 0.7972831388906535
18 364 -100 -60 100 0.23346394061518982 -0.1036835701522067 -0.07390802791236306 0.5072010517213552 0.7957502295415197 0.48807090862302016 0.38347809120645415
18 328 -560 -120 125 0.19012413829511549 0.01883994030190045 0.10058315379380767 0.7054678463589926 0.4302192534425652 0.30166448433355275 0.6261526808788647
17 115 600 100 -100 0.23800541339307957 -0.15278712813338496 0.13841371083546128 0.047161592825411214 0.36464215323319815 0.9962606846098226 0.04759046902463737
17 248 -500 -120 -25 0.15888453970680505 -0.2132641182895964 0.0760409707880525 0.8548453519168502 0.7608329330158438 0.03882777232626877 0.4600242128552887
19 378 -60 -200 50 -0.1874393171330891 0.21005113504714606 0.24958833737699226 0.13282312356247672 0.958850054509455 0.975145838549913 0.04780450805857528
16 152 300 40 -125 0.0002917051313658381 -0.12286372074657537 0.1580200586023866 0.8215002365272017 0.02430602139270921 0.7423332787335216 0.6390907212107098
18 184 400 60 75 -0.12003253427656657 0.10520577268442305 -0.08719453800510502 0.9405850900520507 0.3497495307954278 0.7346976913891837 0.5996594631656296
13 61 580 140 -75 0.12572988861779033 0.07814820218497276 -0.1535295399880412 0.6969020771891478 0.39711707495334403 0.2816836426388153 0.8714151476276764
14 484 -40 -180 -125 -0.06437932621853293 0.2205155490448218 0.23487398188109393 0.2179484577493711 0.7967773615053768 0.11812834302284037 0.8611123306613929
14 447 40 -60 100 -0.13320640142695434 -0.246069646705932 -0.20492421734621857 0.8665091367217266 0.03009113247946993 0.8248059148094034 0.35043607904006846
12 353 420 -40 0 0.17475315896027271 -0.11540868936653947 -0.14427599485363485 0.22177225679510804 0.9945944845080004 0.5842969639612915 0.2955090280497207
19 80 -40 -40 75 -0.10822802805576337 -0.027564826211283144 -0.18429390736674234 0.7418800149205269 0.35078220861662746 0.9826529946507147 0.9984305797295765
18 311 -600 -40 50 0.16285843384827875 -0.010199718742690933 -0.22487293605561265 0.23736639855544617 0.8847121035678127 0.06770610966072677 0.7891555013516002
11 70 -400 180 -50 0.0066466180613615755 0.02924827416942416 0.03388647059228772 0.19506060524777735 0.6913141042953652 0.677119394111126 0.266639509335728
19 396 -520 -200 50 0.1797896993176646 -6.636814132937596e-05 0.16764551225475327 0.9948098896668797 0.8185886235068124 0.655903940017314 0.9517252904294625
13 214 -160 -200 100 -0.10524375200844854 0.23884192478533417 0.15951400694284784 0.049326553807866214 0.9029184686186871 0.5953560207328132 0.02109152433097561
17 305 160 -140 25 0.1501434503354857 -0.1502254949927117 0.16618291002066377 0.6771682564679614 0.8139828908368582 0.6819092053302308 0.3324177746805189
11 179 -580 -60 75 0.2469192858987685 -0.20473047297077973 0.09504140852430759 0.2890518616581611 0.016892247502087843 0.43376358433455997 0.6112750433224539
12 280 -80 60 25 -0.0965807273071117 -0.2121398002543402 -0.086032983279621 0.9438248784982989 0.7546113888844961 0.63090276775206 0.919655558831681
17 335 360 -160 75 -0.09558931193238968 0.23908515402502306 0.2431674926672689 0.4551562898760173 0.8059284379279303 0.6673038046121366 0.6990801935702055
13 321 -380 40 -125 -0.026642517981950664 -0.04497487144537182 -0.17000732697064108 0.783877726005938 0.7972647540350052 0.8748413381708243 0.9744784797017998
15 386 220 -80 25 -0.13816242230929665 0.1324960007030329 -0.2304685825009995 0.8136935712399216 0.2574974235388139 0.8197172007159198 0.3598085102407874
18 398 240 -200 25 -0.16335517249880654 -0.012410402904069584 0.24885788125961122 0.5820611216203696 0.695516500193462 0.08544187656556579 0.22877405137198525
18 390 20 80 75 -0.01109894018436336 0.07981481912273569 0.0432729116647142 0.8384003463449944 0.8263921681067761 0.3587037534314993 0.09352076238535234
11 334 240 -200 -125 -0.1248563743341417 0.15148272016286318 -0.023194381931281483 0.9298136111574963 0.10495224823891935 0.7213850234517366 0.9098629466120137
12 387 -420 -120 0 0.19972846020224772 -0.10778868838674516 0.19366831237707927 0.6143531343166286 0.18015907328757497 0.585540823077111 0.8809402404057035
14 408 140 -60 75 -0.15382447802114946 -0.07375559951048649 -0.04270147836654847 0.3900844986714852 0.7413667294143321 0.9585012657178387 0.3218322255634929
16 350 420 0 100 -0.17786157351110538 -0.14251349422683202 0.12701053143386598 0.3226432357397122 0.046419892322502765 0.9717157104061529 0.31640171716822474
17 407 -440 -60 0 -0.02680258329030155 -0.1828804331549551 -0.16923572514605173 0.09683516407775528 0.5328856383544391 0.21032836421503032 0.2553863801824673
14 278 480 120 75 0.2170547147661882 0.148957051437541 -0.046632349298294073 0.12927703711073069 0.9834579332733587 0.02750399311218521 0.055072126634947205
11 396 -380 -40 -75 -0.02334901141810103 -0.06582753110989414 0.16355534633339153 0.3320992992101418 0.005379014043388031 0.07840353432341851 0.8223782819922156
15 414 -420 20 125 0.21734374557198688 -0.07878968884182574 -0.027946484484810186 0.7906770897176781 0.48034865584303776 0.17006457163143585 0.6741570951575516
18 87 400 100 50 0.08254865504038827 0.1685340454303036 0.008874519696086658 0.917533803725415 0.18437422195332975 0.42794333701411125 0.9910712354196699
11 23 -40 60 -100 -0.21037970419816887 -0.149911118875379 0.20680120468651986 0.1955806023778569 0.4168528653556062 0.3554385773857879 0.06387129032266892
17 105 -180 180 -50 -0.14488778597894847 -0.19991697370950612 -0.17330836501739355 0.18481865275891107 0.7607630991833156 0.6915381498503128 0.16220520304664643
12 210 520 20 -75 0.16014300209614046 -0.0020242772360007932 -0.2081430056979916 0.9238222443795341 0.511834196975269 0.14476928192857808 0.3595385714563347
20 354 340 -160 100 -0.06506108244201625 -0.19837048784890549 0.21784296642667783 0.5857289602050104 0.8127413625081239 0.9192558538568407 0.4551383931587857
10 177 380 -180 50 0.029951164141122477 0.14245376871734805 -0.004669487709484499 0.583636287871673 0.5696470474578671 0.4736086889686587 0.9987440594682192
18 156 580 -100 -125 -0.16054361751697577 -0.11534654848725606 -0.10604129265966172 0.038659558183667286 0.8232367531406185 0.6058009015823939 0.9376715524556443
19 176 -480 -160 -125 -0.11881652964666112 0.1278771971963069 0.06562451061152003 0.22998670358273443 0.13651745878420884 0.18985112599205023 0.9676720100884215
15 171 140 -140 25 -0.19794283959228254 -0.05765211421887678 -0.2399114255321914 0.16057828242478434 0.8430610971994222 0.49768850491301664 0.9584369639150975
16 422 -340 -20 25 0.1993543721878222 -0.1264426842743997 -0.1867799939626842 0.1483098209561301 0.24779876384567578 0.5165419725257723 0.02766990995167773
13 330 -480 200 -25 0.10410076751685354 -0.09909863054800838 0.041830817360570705 0.025500586795777824 0.1365529486013305 0.5095736648710588 0.1535599002216943
19 406 220 -20 -50 0.033664372663691766 -0.0725739444013847 -0.022867853984622044 0.05602813779169957 0.33665116168217646 0.8588427302785744 0.14710688446514575
19 269 80 140 0 0.14620815752908073 0.10430981934513278 0.17909534452288695 0.8004972961921258 0.699572028135702 0.8592786770214023 0.8809683305239846
17 91 380 80 -100 0.23900557714667592 0.14290936636984308 0.0833302933239376 0.943833383856555 0.36538823034160706 0.0881211114930297 0.6910757491413587
12 118 -280 -160 50 -0.17796869201165727 -0.0601242009428129 0.12250268461801411 0.8249622293269447 0.022718984187072744 0.6221938369224468 0.6056435938058723
18 474 60 -20 75 0.07473514046317059 -0.11264176829442163 0.0274942863508848 0.23725376656369634 0.7752933689246826 0.10588369475069703 0.5148999418633209
16 134 340 60 0 -0.23084865323453257 0.12238190372410312 -0.07099374524387952 0.22490043156487016 0.9414675929340544 0.5100039973923888 0.3832239703888938
15 206 0 60 125 0.22300379186419267 -0.04988769643402574 -0.004191532834783851 0.5004380052582883 0.6406520821896459 0.3950966717374964 0.3741742413175957
20 367 -160 -20 75 0.24885807899710777 0.11182239528924653 -0.020311817133264853 0.9855509301969956 0.03744419364841933 0.8821250430450257 0.39506833344565684
14 451 260 40 -75 0.09203222875498068 0.026860287374391334 0.07782862560653536 0.8400926877487394 0.28035842749580575 0.5971632936530921 0.37584960163577674
13 438 -460 40 -75 -0.14093854039928044 0.06810281467246915 -0.09322782139224667 0.8189185021102634 0.14548163235350908 0.03832914434728274 0.48580230573715255
19 406 180 80 -50 -0.11029658471382225 0.041784350213990074 -0.06736609320876752 0.896014842565111 0.6883678885305605 0.7124382564354245 0.1450229467041888
17 443 -480 -180 -125 0.16103264409674833 0.12356833299851083 -0.12857058851362035 0.8980362725365674 0.6600924017279205 0.590903097034309 0.9375885247268846
12 479 -260 -60 100 -0.020531888394224374 0.22921185134504646 0.20391447191651796 0.8885433025457296 0.6304390550122356 0.5130920268327892 0.8380631943089418
17 452 480 100 75 0.1624344929774979 0.047440696763824064 0.02499572802040878 0.5426461719837417 0.3397335611895915 0.41701218544697216 0.8665576079630961
19 253 -40 -120 75 0.04773700396242753 0.11836077048332694 0.22262245152328347 0.5258759517189523 0.7964449564166192 0.5713542411273357 0.013861288324199972
13 297 -380 -200 50 0.22369364443130207 -0.026740578404277626 0.13239790256717132 0.8670651902024503 0.5803893343688663 0.8271415103795359 0.7811524304973608
13 335 -300 40 75 -0.18773136220484055 -0.16216989549666455 -0.09863667409866972 0.6596474185852128 0.8253019838262345 0.9886911290906587 0.2408197081693041
12 393 600 -200 -125 -0.04377497301334676 0.02651970645508578 0.1502999031221896 0.30559497388457335 0.06793382444481033 0.8094889044929554 0.9820800188488918
14 440 200 -100 -75 -0.022117739790974422 0.15802485033874158 -0.07973379242872997 0.5749157150623477 0.6520587218057301 0.804961630204053 0.9860472764205774
18 404 100 -140 0 0.04657163366915745 -0.1667115175153105 0.03902813442819558 0.2586280144043198 0.6652077618914056 0.4631422570741043 0.6550997868181191
16 71 540 -40 -50 -0.24320791972842615 -0.1880533319973543 0.12377894959274488 0.63933337731619 0.26479345383624386 0.14993410191735757 0.6316472332755761
18 9 140 80 125 0.07448241968785446 0.08038687909787978 0.03733041763189787 0.917776315879824 0.4603695478786206 0.6533719549478523 0.90790084021744
14 204 60 -200 75 0.05901749965762948 -0.1775609325165009 -0.165808193959123 0.7182016777232577 0.8201439321560968 0.1333321827058176 0.21654241064034851
18 282 -500 -200 0 0.000829165974309154 -0.17409490409618805 0.15672159476847713 0.024370424580701933 0.18203037900400787 0.9967912086717693 0.8726512392954654
15 447 -240 -60 125 -0.04861250432744296 0.2062058862203972 0.1862873856585312 0.7289296682955309 0.29130179301635994 0.8588182518761206 0.03429448383660383
14 497 -440 -100 125 -0.02469358201292282 -0.23565039784357217 0.15749617928352805 0.69557714479022 0.5896443087391705 0.8745965758215447 0.7706498996659225
14 123 280 -140 75 -0.07459994033052092 -0.13151685883559122 -0.16496046064906428 0.9549136895416476 0.7493378085118616 0.8339931045564841 0.157990059352643
10 87 320 -20 -50 0.10776422022610077 0.10778645983310131 0.1381248854690853 0.3571159580457304 0.18064229536463727 0.9080900993141251 0.5041305278418325
12 94 520 200 -75 0.1988967115993252 0.05128094255488597 0.14965057699731132 0.3635494474800246 0.07559632192889643 0.0426187342553932 0.1107319542887516
11 339 -20 -100 -25 0.17317599488796986 -0.021178007291005774 -0.02445865809372627 0.4180415385118992 0.7724817903691366 0.017395083848057324 0.7124500272267775
13 103 -60 -20 -125 0.021180657802988168 -0.23788675992519814 -0.1545102376935072 0.5462096058636834 0.11448230419123562 0.11513964657786513 0.8855235768665404
12 487 420 60 -75 0.23044950404585562 -0.18147052802975533 -0.18372963395844705 0.4884778209610873 0.8224210658759973 0.5365000776764459 0.8823321886814948
12 165 -180 -120 125 0.16638186069507843 -0.0535269041187415 0.08945232979689988 0.8847991094633575 0.07597740645444706 0.9789308368774481 0.9846331906811244
12 380 -540 40 100 0.1089289367879584 -0.22848097934090983 -0.08983696463578184 0.6721538301161297 0.9215095078134512 0.7610909573366351 0.5281905275346738
11 66 -20 -100 0 -0.08270776220664655 0.20686029988764626 -0.04725405535605176 0.36782900790388184 0.11186532732861953 0.9823556485780643 0.3551610254439098
16 55 540 -80 -100 -0.06053081301593233 0.2155812749152995 -0.19637788441711174 0.18724204445066228 0.09357126243805669 0.3571989417874242 0.26422195060157583
15 212 240 -80 125 -0.17129852013569674 0.16529831294590297 0.04313568880988916 0.6792774635850116 0.582453739931905 0.07519445893165733 0.7367265201984061
15 214 280 -80 -75 0.22386271973457422 -0.22485716839728281 0.03152040043428311 0.9817609122592231 0.2448911401527566 0.2839255233034581 0.39874621766709994
17 463 -80 -80 -75 0.036452842490666826 0.21896238767752996 0.1456184670500138 0.8917037579578925 0.9878408827024414 0.6005440726993834 0.7738237881837076
19 320 -40 -120 -75 0.13631616713879974 -0.0051956491928046855 0.012062538555949631 0.8811896880497644 0.9409699719962538 0.5144942065082874 0.7102475847523141
14 352 -520 -120 50 0.04902165563770239 -0.18327076568365885 0.089549469375724 0.640569571849569 0.8796408694515498 0.4325737328222288 0.5149117689880858
10 435 -260 -100 -50 0.11204299178379384 -0.18119971557938852 0.1632040899906257 0.41006497005490505 0.3957039341957229 0.6066028560627937 0.5580987953734772
17 369 -80 120 -100 0.020451553504227338 0.18578112817897702 -0.06640864379717998 0.7319639920228983 0.9544297883447215 0.6539558195004131 0.39384764970727426
17 488 480 60 100 0.24469810133484304 0.004601961044590319 -0.0004793087842187016 0.4573928022194539 0.4114736933692664 0.6806845021986575 0.9597308246392379
11 334 80 -140 -75 0.03281095065946271 0.09137257142386818 0.04806515828507951 0.8317038877448355 0.35526816213650625 0.9891337009499007 0.5158273630717396
10 75 -100 -180 50 0.09141607366276455 0.02724268875418212 0.19265641656950633 0.3044692752739322 0.6050287249100046 0.5165658474774883 0.05001481452323442
18 234 -240 -100 -100 0.10958320575313468 -0.07191708457273505 0.1361530370181797 0.5633910735736097 0.17098233861542267 0.7386271924079866 0.44358063614087917
19 444 140 -100 0 -0.02416982069601248 -0.20249422873346046 0.1837558892875329 0.42704877941508923 0.5887737718070624 0.7041634189111716 0.36697476686223307
17 225 -80 200 100 -0.007677962691651774 -0.2206349015136953 -0.022007901479671466 0.006032478359511706 0.14955724691166228 0.6562046868545272 0.012554388502545422
19 202 460 -80 100 -0.13600014467733196 0.19424736650652807 -0.12724141810708067 0.5442048432705952 0.5845218645941684 0.5084511419515453 0.8677379927036157
13 377 440 40 -25 -0.1864945246916288 -0.004071475702314253 0.24436902799763527 0.503345076069654 0.04996069016711746 0.6232288099109414 0.8495736074169579
13 154 -440 -80 -50 -0.0717106592083494 -0.02945367020700923 -0.15332760737111972 0.018865154619468916 0.7431623948861323 0.15802387144933883 0.10266921467275836
13 89 200 -60 75 -0.06082261668441358 0.1998830719757554 0.0765129949195476 0.6072242368956077 0.41299658480660073 0.41253969805143553 0.96152086159632
16 42 600 200 50 -0.11939140327696773 -0.14202877309874173 -0.09275874329272027 0.6701629942021499 0.056663603475736624 0.7010591924391983 0.13441471868364196
16 310 -140 -40 100 0.04311299851566036 -0.011047399593366813 0.11050418867074913 0.9665657529103009 0.5246800352639495 0.3025235206051231 0.5139541858915273
12 131 -460 180 -75 -0.07684901175580722 0.017791711093631646 -0.1931119995032844 0.9099324829514417 0.595815233895182 0.9268585546049043 0.3906610479896854
14 97 580 -100 -25 -0.0358098924402831 -0.03337678377247494 -0.12665331081388426 0.4271134099961691 0.32083126934483264 0.010502637302001405 0.8877023471744458
16 240 400 200 -50 0.1968483088628945 -0.03204284506489513 0.11815639371853592 0.5248017695811633 0.3633409412298807 0.31986840132396677 0.7827553047307921
19 192 200 160 -50 -0.07683937634701771 0.021815495107304794 -0.18427333260731293 0.687181625386795 0.1661078744553648 0.669768210945086 0.21589891777034087
16 327 480 200 -25 0.020008941150689685 0.1174556744462183 -0.12205342690842391 0.4958534529226939 0.591397153963921 0.6590036223703843 0.9865034016341945
11 407 260 -180 50 -0.15588150666577694 0.21067989291532557 0.07041126182674151 0.5264753373214682 0.5685774463647046 0.4819157923061407 0.48139283402403144
19 261 -320 -100 125 0.21250468819168816 -0.11198191481658248 -0.1498975777243387 0.36067506752018064 0.2678312157929337 0.0018879133924155633 0.27364830129290085
15 451 -100 -100 -25 -0.06538357619535085 0.07670818181993938 -0.03212051102128727 0.4421388682300701 0.32292858725015317 0.9282317264368645 0.28563361616935856
12 321 -300 -140 -100 0.20870547105434323 -0.1214724924293793 -0.057525588738254474 0.7885593127706978 0.14116295837860549 0.26052547573173135 0.33982615397544036
18 295 -520 -60 125 0.11188310837823306 -0.08842889624898281 -0.17170632711506645 0.9940152626742268 0.842856781322141 0.11224725756001419 0.25806904258510655
18 201 220 -140 50 -0.11673468092633504 -0.1217621114075948 -0.03153781869603545 0.44410854828549984 0.4072924978756649 0.4534070016036451 0.9311133080656684
18 377 -480 -60 0 0.16590801773152808 -0.13752219044629338 0.05957148874409002 0.1597180555298935 0.5093805115804354 0.5107046097479696 0.6123524810732267
14 5 -40 100 100 0.15981217663476993 0.03388167788173413 0.14553013668356757 0.4073094658493984 0.050792344106585285 0.001861198872176839 0.4513322835335096
14 214 320 -80 -125 -0.003218795715098699 0.12623111291172745 0.05198555228615154 0.40644371247139177 0.6694367369956966 0.9107918241649284 0.8836684597078404
14 498 -280 100 125 -0.21980325891708996 0.2006667507920144 -0.20871988103938355 0.08546378263924004 0.11443620515889952 0.8629564134388541 0.9117801727750168
17 474 60 160 125 -0.07035539501479732 -0.2051093698470718 -0.14473706564001515 0.48917006188702017 0.45519232460822634 0.2047354927890328 0.44639224020421264
18 236 300 -80 0 0.028403437952122967 -0.21114291428024357 0.06653833240129736 0.046569830541935975 0.04114151689683754 0.4309007891118616 0.1206900672768988
20 408 -60 80 -50 0.023752429384935547 0.1718359960663145 -0.16636524088192484 0.8814755283205155 0.05011941892262861 0.6423060842585449 0.12482466792969238
11 462 440 0 0 -0.007843147422515961 0.16985210165953163 -0.20051461340437376 0.30077002065784886 0.9249135013298166 0.2954164224258786 0.13148599841574715
10 1 -120 180 -25 -0.1415978018853422 0.15780673297950443 0.05644060000206019 0.6017269188911838 0.5216981916042419 0.7026686741596398 0.7824637593374585
13 234 420 0 -25 -0.08405604080352724 0.030228344574346422 -0.20800278932454347 0.8029936323720568 0.43784726953685815 0.6287533558244666 0.3887753666327598
12 297 60 -40 0 0.10884673991232863 0.025341257941357775 0.02800394707135062 0.02280580233825913 0.1728882458895975 0.06518753753069528 0.439737364888248
20 355 0 -140 75 -0.12008003081708735 -0.03700644782044338 -0.2239777592407895 0.5305476618869364 0.23051140578845009 0.0402617334751616 0.9452717430726698
16 143 160 160 50 0.12185105930336931 -0.1818856868717596 0.03855868481208474 0.07184584423370077 0.20424568501676033 0.5462804702368725 0.7543418550157721
20 434 280 -200 100 -0.24914872244321096 -0.05693530220630921 -0.058982644133499906 0.7409251408947343 0.337484640439222 0.5973636937480422 0.9372637821826537
13 82 120 -20 -50 -0.0182946075513164 -0.17682474958859629 -0.05675810313137497 0.24158267405313283 0.9400001542736202 0.4588462955664039 0.029597834545559087
18 479 400 -180 50 -0.1504355026053073 -0.06366953581100554 -0.06425640880516348 0.19167963652992137 0.7117287700014474 0.29980645993503297 0.7638849019846389
14 149 -560 -100 -50 -0.06605619697552984 -0.1269790000872985 0.21747272777737137 0.7716163432508172 0.9926253920334993 0.9285953655095605 0.6297855249027307
13 342 -440 -60 125 -0.1716348212089593 0.09201760053543362 -0.06741603762531728 0.318905809057785 0.9606342294264895 0.205964212596499 0.5944994338868281
12 340 -80 20 -50 -0.2093662766028937 0.12145567709236782 0.19144399562736647 0.6264817561662017 0.696980546028757 0.48857757531438695 0.9348925699047594
10 98 100 180 0 0.24054730350764253 0.08703496303388247 0.15437856551567192 0.2798173846642721 0.5237064295122242 0.7165275325774597 0.9711797797557806
16 94 -500 180 75 -0.046123990025822126 0.18376214666621943 0.07147496823068727 0.898019760187003 0.4466515009957439 0.21033357503609873 0.037066322314388
16 153 520 160 -50 -0.1121008984123607 0.2350209420314079 0.20253000354620504 0.4029742315082333 0.2481343439339987 0.41096018647073496 0.36081296370751126
20 27 0 -60 -50 -0.1938190663537988 -0.13918873909095808 -0.2478372448031474 0.9581823245651714 0.8803839802663095 0.6670492635761458 0.5813046564667902
13 425 540 -180 -75 0.08339527171201089 -0.216621878177225 0.07552259485168228 0.46753821833312725 0.5394127028036483 0.574178392209049 0.8851062399267746
17 362 360 60 -50 0.10064218771476985 -0.09890803972027834 -0.19740762389345828 0.8892761444256388 0.8378973698536283 0.6462996436414544 0.8106082144831294
19 80 -80 80 -50 -0.09036985229557526 -0.09904863427423832 0.24868985824491274 0.1456151212395217 0.4000811868500499 0.851606106934025 0.9644921229593577
17 267 -60 -100 -25 0.10777025078809088 -0.025121508727407926 -0.013503554512649896 0.20507002437541477 0.29517233419785827 0.9388700380176873 0.10628365831843167
14 323 -220 80 0 0.01292508973784301 0.2186463926080549 0.09450533434593855 0.2385484076352541 0.9029221406421725 0.6644112042272317 0.01873089504571901
18 111 -440 -60 -75 -0.14664512187294287 0.050143632973778995 0.04274257300520651 0.5377958953581439 0.5545989661588112 0.7452571219793787 0.2940039867191303
10 451 -520 -60 -125 0.04599632028810041 -0.16867561605055503 0.046070177999352535 0.08709128247078368 0.35995104256317123 0.28150899898736537 0.1343442898062126
11 150 -20 100 -75 0.11537768369655937 0.15757307333562598 -0.014728729966033083 0.1150866967742794 0.8410724809334216 0.2702649904787652 0.5020960488542889
19 411 -80 160 -125 -0.06534562476220823 0.14558510364266003 0.19996431050764568 0.7232930803395944 0.7049038185053681 0.9022608207482209 0.6870177717480123
14 146 520 -160 -100 -0.08027363121082198 -0.10359001778975802 -0.2176982188595729 0.34524575833742777 0.7639462046280685 0.36283109541567615 0.1189945562608219
12 483 -40 20 100 0.13339174352404137 -0.11556230187696148 0.14045467386794563 0.9154012166069891 0.39045225602053535 0.918522229834652 0.7086434773811068
18 161 300 -140 -25 0.06299896068192079 -0.019231343030727988 0.15334073622685107 0.6632366286498999 0.891397729235062 0.22252440198721246 0.9185807761157979
14 398 220 -60 75 0.1838019554006891 -0.07685491124246097 -0.014502951641947315 0.9312036425421639 0.8853616393023978 0.03094402371056648 0.8600935212639801
20 102 -140 -60 -75 0.08478187495076384 -0.030968380484130198 0.19537715132679168 0.1176614242153099 0.5509785803084468 0.21822508092107362 0.9327310474037688
19 198 -180 -100 -75 -0.14710144997859542 -0.1451472653341646 -0.21240702859693128 0.8675108882057307 0.27763277240232753 0.5679500186200344 0.7247238064743083
13 384 -240 -80 -50 -0.0916444222836561 -0.14792152459890712 0.04968648846025919 0.22372294851561225 0.5403552133919751 0.022993926674016008 0.8817451582298774
11 417 -400 80 25 -0.17831860328465715 0.12850854265771355 -0.053257890352024995 0.6435058703426946 0.7567014749942502 0.8615973808378127 0.6347895749926212
16 331 -440 160 -125 -0.06460498421138139 -0.045618761383337425 0.0785234209434032 0.9853437240298039 0.04569069596049147 0.3889094157173797 0.2796036771441679
13 10 300 -100 25 0.008545233126509677 -0.03802397818768244 0.14559932944181697 0.2656281428852647 0.22854622509618783 0.6329511086376938 0.7679066190808562
18 173 520 0 50 0.2374507720399111 -0.1767321401567125 0.18299426540117736 0.49907655724068767 0.2946463030372368 0.5024686457363546 0.44516852359549663
11 160 0 0 25 -0.04689351258625091 -0.22510178712506707 -0.17118869310570628 0.7468499837739019 0.37309597372558057 0.7967092529277066 0.03923574788951589
16 391 60 100 100 0.08566698834806746 0.16804557252851787 0.2235792842274673 0.7778613538836027 0.14340991176278528 0.2899994336139816 0.5421205670609949
15 412 600 -40 -125 0.22622667387818934 -0.23426047582500448 -0.19488704189121647 0.3854124283824856 0.09843690207256428 0.3532720524842031 0.3889160598442759
17 137 560 -160 25 -0.1943300091586142 0.005930020493379762 0.11138912846802607 0.44930321667994844 0.10435929626874385 0.7551246606215 0.3572745274950778
11 80 -260 100 0 0.16956833983333414 -0.16275758034518312 0.23694445560411376 0.39287690206581727 0.35784734706690036 0.0207124633425243 0.9088832555481736
13 194 240 120 -100 0.22208592004933997 0.15518688960731059 -0.24454883225360946 0.5958828220017099 0.8320463564627175 0.283135037994773 0.806867396248655
19 463 -100 40 -25 -0.12930836634715515 -0.010551244288261319 0.013375540982104639 0.06701295043681799 0.19020582689676335 0.19495661948221688 0.2423743099512693
13 383 -320 160 -100 0.016343550589811517 0.10410896949118142 0.012362706360806108 0.8695556753183995 0.4784730633432005 0.6220334839891217 0.10360903514500708
11 63 220 80 0 -0.20198428688149095 0.24492432656177354 0.2242720446971151 0.04435873672031743 0.895617480789938 0.7390265926716365 0.8266071863016458
17 305 -440 20 75 -0.20160758812818386 -0.042308404126079 0.12231973674328728 0.1528022732271983 0.12600552200153115 0.2794371428076474 0.278284408724641
16 374 120 -140 -25 0.1392431127381778 0.06320237003308932 0.09203073021504005 0.5310733956664601 0.8137229644506236 0.9780240270924904 0.33408211234679597
14 37 340 -120 -50 0.047061858039578075 0.2454253971130888 -0.20300692626354927 0.15313738731474735 0.982529203642257 0.7034289401055405 0.27319238217895037
14 495 -200 100 -25 0.11433442190188597 -0.10331477548390339 -0.09706893565579239 0.4572405540496034 0.8881964771284199 0.520814936803512 0.5412497168466721
15 97 560 -140 125 0.17418211763339164 -0.012060794985123802 -0.06599020130502231 0.3335883116953112 0.28313630796253075 0.6099087997285906 0.278115075244445
11 106 -280 80 -25 0.08298139668465776 0.18439507065915867 -0.0786860688138436 0.06441141542115336 0.7253680701053122 0.30806194377295826 0.46906737104810214
19 133 -40 160 125 -0.13178026728812897 0.025941320753726738 -0.06484416069523052 0.2419438179530483 0.5660011171595485 0.5997371245997846 0.8193969045695303
17 87 -120 -180 125 0.07645912804116545 -0.13729778838487622 -0.1742858770223114 0.9788194346930995 0.3827393124985642 0.06425919976912509 0.6681884807619863
14 343 520 140 125 0.2432727085833457 -0.0031109709393311036 -0.059128644733399294 0.05940659335802778 0.189462219064769 0.8961160535164778 0.9684209049858978
11 434 100 0 -25 -0.23912815701473078 0.1327686265009837 -0.23633306812752808 0.14654100937276004 0.9203486277722139 0.9108035959380775 0.12591722978866338
10 241 -220 100 -50 0.06245261160372895 0.24399916071624522 0.1820259320130177 0.6643164872544169 0.5484311778511796 0.8589021863747162 0.9404709491927596
12 31 -540 -200 50 0.20678791175090822 0.18932376828441116 -0.07957774196743822 0.2586933317483242 0.6215421911278735 0.6856077616617249 0.36881651518453495
18 297 -120 60 125 -0.11974501411017663 -0.2113412311646244 0.1771231428852269 0.6373411873382661 0.9273970688356986 0.9194387492033914 0.23582371801608126
19 384 -100 -180 100 0.08981054694277357 0.0022214857892982054 0.03960819628188683 0.6905950515628474 0.312888433709828 0.0451559796613048 0.8569363684264121
12 149 280 60 -100 0.11877721555220389 0.010799709143595404 0.06361652581906085 0.6558686076451665 0.0627173649887337 0.32783073656438955 0.977048475087257
13 84 -320 100 50 -0.23132961167426985 0.09209236924157238 0.020925421788619947 0.04161267833051163 0.40097147655428234 0.45320027399994023 0.42610005927390215
11 361 -480 0 25 -0.15732149607509316 -0.18478957768604992 0.20278876323652417 0.15690257835275 0.9995572574702757 0.7704554900773144 0.22207673451993448
12 53 -160 -140 -125 -0.1335382277453973 0.08611422146352987 0.24970905800349807 0.19414670622735042 0.5675713331371418 0.17645923640641714 0.7901500446753419
12 172 -600 -120 125 0.1059325424187198 0.17354065153137005 -0.07667364847171537 0.9463136470792001 0.4333810388934265 0.4895659559171117 0.5370158877791751
19 40 -460 -180 0 0.16639242583150704 -0.16064734392724217 -0.19925013432774624 0.37792741103124283 0.8609460078872812 0.5527222116166858 0.5444395085589979
12 406 -440 -160 -50 -0.23654154032710695 -0.24979015521304387 0.16244699975180837 0.6448888295535443 0.980369399242991 0.17492996700702623 0.9111491371218804
19 154 600 -20 50 -0.11398815574159182 0.180704479793052 -0.05193450261320348 0.262950977991803 0.9945205731499487 0.3445739695497416 0.3946058765673539
19 178 160 -180 75 0.17005235867100488 0.03193850872553966 -0.19366106165388736 0.9909742972720714 0.1603652047482632 0.13472406421853045 0.6096708402005763
11 118 440 40 100 -0.2148354418763435 -0.24918098011406675 0.056214911838952 0.44998986452372447 0.4773689173527367 0.560533517004757 0.5450969721341055
15 116 80 -200 50 0.21959829652045837 0.24719092239456314 0.15407982773726325 0.6966617655315048 0.45145677853489186 0.4541850539904069 0.18138171593891672
20 107 -380 160 100 -0.10847708534256412 -0.021346568477894345 -0.23780033061929773 0.041673019815456014 0.17846060155382082 0.9364741710673725 0.21412698428434507
16 177 520 -200 -75 -0.15861264983310702 -0.17917666426740203 0.23763098510641206 0.5683569920846488 0.09443669050246295 0.9520570902424218 0.3192766475201422
11 397 460 -200 -25 0.0257211832634755 0.04097998641756678 -0.0009262362906198307 0.5347552961378396 0.834385792832792 0.7483595231234292 0.43304492222752977
12 471 -280 -160 125 -0.1285188807258254 -0.12299788983907867 0.2057919886327344 0.5082705261363508 0.05572722058902091 0.13756817397793553 0.5953973480456276
10 381 -220 -180 -50 -0.03876009811429493 0.06375838735053929 0.16572126174890994 0.43200932053457874 0.5203253478684776 0.007786978729588889 0.3670285178617032
16 141 -540 20 125 0.03791867107445068 -0.11057372326673104 0.14337778907572185 0.06703304863938908 0.1422567589067466 0.8039409410312945 0.5990126053645931
11 144 -340 160 25 -0.2327319590093701 -0.025651406247064523 -0.010446527068230238 0.33098985634820144 0.2586119469810816 0.4871741041275981 0.7814741999622621
16 500 -340 180 -50 0.18395551047715342 -0.035241489778410684 0.09585453070998479 0.5354708955855177 0.2939687946108729 0.20057098762696712 0.6157571105800616
20 32 600 20 125 0.01050569314873645 -0.22301291806933515 -0.0566307876728791 0.5243133457829335 0.8218783073855751 0.8231898275536699 0.07520026999651341
11 103 260 120 125 0.10590502368611227 -0.0954779540852077 -0.18565927392717863 0.08487983729047499 0.6090759962523266 0.36702469436082397 0.456914932868292
20 496 -160 -200 -25 -0.22961112833302855 -0.21987007589174307 0.18769915977848756 0.44948856884450905 0.2226938330513022 0.2871891635549719 0.8422839578226744
16 187 -380 60 25 0.10647667114195902 0.061750520719642654 -0.007457312561584939 0.22226429341209508 0.26818092448443387 0.1578885924568526 0.5049110073964406
17 403 480 -160 125 -0.14741449515680305 0.10579234708320268 0.15122396877741257 0.8384462720504701 0.7947997932897114 0.06923538602398094 0.049604836709115196
12 346 580 -140 -125 0.15597207832892457 0.06579708084260288 0.2386628852856983 0.20886156301357384 0.11847041535903535 0.6062028706514838 0.10780324458955837
12 326 80 -160 0 0.10120653280379449 -0.2175122970783776 0.06695448804891913 0.3912313812781272 0.2357748742700082 0.4262609072035852 0.22389948667803317
12 212 -600 80 0 0.21696110413479136 0.11979375896289246 -0.024013583751899603 0.25734775566596835 0.45829982203488995 0.39127444718311566 0.45002348980405604
13 38 -180 -180 -50 0.08356752332054745 0.18108919751215347 -0.08619322066924356 0.30926458351298936 0.873267111851461 0.315588816823244 0.510277705630803
15 483 -600 -40 0 0.07604335349263047 0.14104956350488174 0.14904181968302815 0.9934093111421406 0.2570908364340886 0.912772263961714 0.6129304535392274
15 346 -160 -60 50 0.23574721842416035 0.08806846737232144 -0.14129965010300166 0.644625121339233 0.9919622447162835 0.41997604271140665 0.5922671129458248
20 53 500 200 25 0.020478879970216968 0.03256320593656481 -0.15629148359956596 0.5227567356656967 0.9123938910857649 0.8740049637454231 0.847837698220466
10 343 360 -100 -25 -0.0651329579918738 -0.11831276893204462 0.06398750952869087 0.3327380541219592 0.09576161372263103 0.8936863738941278 0.30760190540152577
19 379 -580 -20 -100 0.16074776709382482 0.1558771394144331 0.03519024853664232 0.6771194906173094 0.3844464505604511 0.48005245019575205 0.21873540537203529
11 341 440 80 125 -0.19139852703066007 0.1197719588859692 0.15637387031074884 0.6609707242618973 0.18548426922259165 0.29684253248658055 0.7246028630316758
20 279 -420 -180 100 0.028956952466259234 0.060156744722024424 -0.08739721390502703 0.056818340749298035 0.6996160030044327 0.19647205499823983 0.5885642160961053
15 396 520 -20 75 -0.06428695355675718 -0.09337975215357702 -0.13393263419839946 0.6260542645248304 0.5438223542740497 0.21461175548101064 0.876550149820858
17 268 -160 -60 125 0.1378105871423138 0.05834533348410054 0.188619180328427 0.3489208262528126 0.6676149741868717 0.343563557617928 0.30924354587116554
18 383 360 -160 100 -0.19039465888836676 -0.14801149400697272 -0.10057417345949288 0.883106735492969 0.23044707775289264 0.010224356857379657 0.17843610942527877
20 497 -60 40 0 0.15043501835311301 -0.20781694763668013 0.10802476870750904 0.8512735834689698 0.4719166809510069 0.7932111966849272 0.9466915110849486
12 217 480 0 -125 -0.03224563233668759 -0.060772274675571336 0.10668385449030515 0.3004490700666207 0.01590266169463017 0.410121378023552 0.48474755512169543
19 112 500 80 100 0.06214571292396792 -0.23981261441641977 -0.07543908239878827 0.7645043873837759 0.6465838959985699 0.38532039153648123 0.4023450661760617
11 379 -400 20 0 -0.2141852642727241 0.19689154789414415 -0.015115344137886844 0.7552681393948787 0.7151239803883485 0.10285101903465976 0.29036582070182615
