0.5 500
18 387 0 -60 -25 0.04790800880134288 -0.23696621874909835 -0.01010491971712435 0.5724505857132142 0.46286376062030155 0.07316402971219393 0.8184148844810131
20 189 320 100 25 -0.2470334242962663 0.004835289897044681 -0.03341911962391769 0.5827885259261731 0.8430265667156553 0.15745509059514295 0.8909722647656555
15 214 -60 180 100 -0.17842334018677286 -0.16069817295190875 0.1824159677219817 0.5179355049472828 0.13046441324597668 0.9532572361665056 0.46859877498040214
16 346 380 -120 -100 -0.03553814583518483 0.21272622081200154 -0.15546635817625937 0.928863978439147 0.57841666725147 0.221160062059108 0.681235911904174
17 217 580 -160 100 0.19890674998685764 -0.07129626011947793 -0.12104218280428741 0.5235682275962744 0.09751693397834837 0.6869595845276388 0.09992746536959474
11 330 440 -100 -125 -0.007723921706375481 0.13241006109330544 0.19073345725932733 0.7705989207918978 0.5820212003196349 0.1562327274494969 0.17982252860372683
18 265 -120 40 -125 -0.11321305362229028 0.06238670281016301 -0.22465923777949137 0.972795060292964 0.6767320196001613 0.15359439713648904 0.16834855000016868
19 186 240 180 -125 -0.01130827091740011 0.04758744930887232 0.057197472753649836 0.929361881957115 0.888465442089709 0.20036499678922548 0.7363201630894468
10 43 40 0 100 0.1661036651486883 -0.19539444299869785 -0.1291919489300351 0.5716588966768432 0.08971622483957165 0.2338165333623079 0.7990243589282366
13 138 320 -160 50 -0.02821944954384742 -0.17931955670936067 -0.23775865431486204 0.7304119112777746 0.39883451432441097 0.4942470757002756 0.04817963708303841
15 359 440 180 -50 -0.04560158851784052 0.1910038884294356 -0.001962473615096605 0.5288492531990068 0.723238635253588 0.015608575526130819 0.7323323557830909
14 312 -120 -60 75 -0.09085159330667425 -0.10888734377801035 0.15062581091270277 0.9020467492528759 0.16217967136631395 0.5451278915147598 0.6737815611993286
12 150 -520 200 -25 0.08162136762991073 -0.12633338118489773 -0.21007930857010293 0.8829550650889251 0.1967985000921929 0.39047615831112614 0.7663600429392885
17 52 60 -80 -25 -0.06059503915988396 0.026604340849389452 -0.1849039443465476 0.09096856818558097 0.3003648231926611 0.30610313317108173 0.4627900392351135
17 170 540 20 -125 0.18583878289282307 0.1979269962287994 -0.14999276678788642 0.24432303864557814 0.38921557295531883 0.050975408253170706 0.8475740200113322
14 390 540 80 -50 -0.1915422346704579 0.17700441674190215 0.12842433400645464 0.0184621090997118 0.8738397757216114 0.8783060220567649 0.27159134787314154
13 49 -360 40 -50 0.20784407840823477 -0.15351187766887564 -0.13982048502457622 0.08814880264570824 0.02356235260742434 0.2132786108371041 0.9195437255012571
15 278 -20 -140 -75 0.11557515064408086 -0.13415592172139484 -0.05057109694138223 0.46490551451619977 0.830236316755866 0.2802872771887591 0.9421308542800347
16 70 -200 -180 75 0.031643875204183936 -0.1978219627257788 0.1820363769335248 0.619570214392528 0.8942347403236529 0.5751944664995575 0.27317463682116405
19 46 400 20 100 -0.025117499900231544 0.22738676739223296 -0.12070567247721037 0.9066625455217876 0.7531070008514265 0.706273154176883 0.7799345342079586
20 149 -360 -200 100 -0.20222037560722173 -0.19996243777699368 0.19839604729779842 0.0779954636235558 0.9587799415571974 0.09771023974760584 0.9612171631041536
11 102 120 40 75 0.06960960222871965 0.20423969443027384 0.07310065439206032 0.3459384215339002 0.6499723761423618 0.24102086147835267 0.9760513805135524
14 71 -580 0 -75 0.04500173126362078 0.08669299020188492 0.17069073209808305 0.41828634374305607 0.7653650752774156 0.9846898565925546 0.5857582923445316
18 106 60 -40 -125 -0.1930883479959392 -0.15532962551635515 0.09127996214424022 0.8000455018244289 0.7466503593188352 0.07348950773026997 0.5272515899144509
16 342 -80 0 100 -0.13049870196587338 -0.02734489250481187 0.1802884879931318 0.6950299173249013 0.020212928193889645 0.20306334828932393 0.18056746242168253
16 96 260 80 125 -0.009727223269660135 0.20255908351010787 -0.1440744685774038 0.3513663153350347 0.9971114405701573 0.7312580860153942 0.3011158905376995
20 187 -560 -140 100 0.18851365344846432 0.015076609645309824 0.21485209311724773 0.5055164864558039 0.515648193595228 0.06616052604783318 0.35854112261444715
16 443 -520 -120 -75 -0.1511302295452296 -0.05328386006646785 0.003963882485442494 0.22109982602646128 0.790099605383252 0.8120074956421087 0.621683748307658
16 37 -100 40 25 0.03087659433721457 -0.11097471669723558 -0.12545185598184544 0.6051429991835493 0.3911188587044824 0.5147897665978458 0.776376047182918
11 129 -520 -100 -50 -0.21944087406226054 -0.20261506170551224 0.1829224180411912 0.8281032622887707 0.7707438924453429 0.6690104685981575 0.9751451271004105
15 347 580 -180 -50 0.1886990882959641 -0.1540435182012478 -0.19888109966575424 0.3344631503918788 0.9866413011049373 0.8677231574385448 0.9749038356721038
13 413 220 200 100 -0.2188203937113256 -0.14074426239575816 0.16778689314857886 0.18090996861194752 0.7341286207779602 0.27671254321670535 0.7756919410067621
16 266 0 -40 -75 -0.04961771844706758 -0.07264458385972877 -0.10856707375504943 0.5553190036286427 0.416203203600674 0.30957613508810977 0.12261718996832116
11 331 400 -140 -125 0.037396265360709835 0.19945263800975782 0.18621154767263398 0.06393950130413073 0.7912556495990843 0.5229317473911825 0.45989772287711295
13 43 -20 100 25 0.14601256451439515 0.23681293985990975 0.01395416397570265 0.7868325165987466 0.5700813793069521 0.08712707290158295 0.2906882259415088
14 394 -540 60 -100 -0.08832787461517655 0.07340413497392484 -0.24923095817574653 0.4482884761925219 0.09151057931036777 0.42362886638605357 0.4059075064007548
15 321 220 180 0 -0.09237745131776903 -0.06157476357232183 0.10363284209482476 0.0021765521847949554 0.26844485209190594 0.20139295171188432 0.7613452549450088
10 101 440 60 -25 0.08608103654331123 -0.10241263195828798 0.07855489251854375 0.1984883822287864 0.7032036191280333 0.51885829636245 0.3298181002130641
11 466 0 180 25 0.06127005033420296 0.04786191979184978 -0.17966651467362232 0.6720009054100416 0.7571647116346979 0.3694153674109547 0.6629916464477053
19 169 480 200 -25 -0.11022313606689899 0.13222289847829238 -0.040182194638490876 0.7622064458281842 0.8382064759720359 0.5805514377099062 0.8698253602891163
20 105 360 160 75 -0.18218320537445543 0.005381888396367329 -0.07532134183157957 0.20384074717346012 0.07494870554623434 0.47334304833783303 0.6379756373233827
16 393 -260 120 -100 0.1718326542448046 0.09382188277602488 0.1612661543614981 0.3555018112452517 0.20288733656058677 0.31150678822749023 0.5728234801527786
18 60 -260 160 125 0.209460500611014 -0.07211297543329592 0.1399528730657248 0.027419709513647694 0.609286830388541 0.8090570821334273 0.41742050921168605
13 460 -120 160 -75 0.08934075325396335 -0.1653141412339877 -0.1617961930600335 0.39342841710948784 0.841201585641423 0.3577551981176641 0.6133425987491662
19 17 -280 120 -100 -0.16137839750220745 0.05943347090060136 0.17876296124200947 0.9405224117715415 0.060439790129338755 0.4008404765400311 0.17080137022342057
20 139 320 -200 100 -0.11770649739941985 -0.10663244965280955 -0.15666267178667242 0.21544862477815896 0.49274402199799816 0.9562075702970442 0.39089308226614694
15 351 -80 20 125 -0.11489044239836932 -0.10580191691027341 -0.20858244579008783 0.6171927072186593 0.5559827208983424 0.36450905856917026 0.48914852429034006
17 474 0 200 -75 0.0008388707084664992 0.02158250520804239 -0.11195088240326878 0.1968289192264765 0.7445118071335026 0.6163937665738456 0.5822864530227404
20 462 0 -20 -50 -0.018481170055360208 -0.24984652339725216 -0.03584039316366561 0.27977785481932593 0.3125686408980226 0.5066319951363609 0.8684653720363654
13 348 580 160 -50 0.23933329288112243 0.08010184403083193 0.20577147850062943 0.31481391315677565 0.7541971936984633 0.9215192369332642 0.875861327518286
10 215 -140 -40 -125 -0.12367541463855208 0.22712435813198667 0.13409597898813708 0.8620132624938238 0.7230217860450092 0.9223866622876736 0.5290210271272603
10 152 -360 140 125 -0.07421247139731729 0.05980696211121578 -0.030742247816329615 0.5799198839294044 0.19708437856887806 0.2720048268684109 0.4064020217913
16 319 400 60 -125 0.027629883199992933 -0.07026751432268191 -0.20500168590085122 0.8704523710349418 0.22819850670141184 0.9138558545675374 0.8323581158425867
10 308 -20 -160 -75 0.24866991647263864 -0.14323146934134234 -0.22064370725826848 0.3091331177237451 0.6957259761785357 0.5569668480823464 0.11168706667597272
19 301 -120 200 0 0.14541736773127684 -0.02266656697452979 0.03890778665740802 0.9267655234792803 0.16715293410754217 0.12234618508820949 0.9056908246556133
11 114 -340 -60 -25 0.041678538267556964 -0.06725084433062262 -0.0408302304062797 0.2443383297678925 0.10070085659478922 0.6311220510255015 0.9996425825468441
10 198 -40 -140 25 0.010767590525018467 0.18011941709548174 -0.0008979304419117762 0.14700346212671966 0.46687653868989754 0.06778913088687644 0.8907958757238357
12 389 -440 -160 -125 0.09825603394548343 0.12619186345348932 -0.08157204413259456 0.7816350420148539 0.6268132502376823 0.39320391740884775 0.8530573781524075
13 250 -360 40 25 0.020938667761942253 -0.04188918266498648 0.06813896343345544 0.29064631030493426 0.7555022757515008 0.288501967671013 0.5816253406587554
18 456 60 60 -25 -0.19510542774895123 0.09234627041456434 0.1625762006225842 0.2643404771076936 0.9449143636113049 0.3197693979513001 0.9671669347472072
16 310 320 120 100 0.0368741390021341 -0.15419036484841436 0.15279110552778652 0.2786612933812671 0.9021494062296189 0.3901929785836381 0.6766733720688355
15 228 -480 100 0 -0.22234299083479525 0.012359699205302888 -0.21780521804528402 0.9835778464078395 0.06797068724121968 0.8679897715114053 0.3130950187189082
12 425 180 120 25 0.055193622231324846 -0.14380471861124683 0.09950428555644991 0.44255143254727425 0.5671991377737936 0.9229565962742494 0.8565029124225734
11 139 -200 -100 25 0.23824189426445075 0.21373454000753872 0.0036899825227323935 0.5943832838498458 0.7796104439287852 0.09735657036817347 0.5390125950254836
11 183 -220 100 75 0.24151515380777172 0.08622974969438807 -0.18482887837808332 0.01265124650960725 0.9005985854143074 0.8826215641605774 0.9191909489225821
12 483 440 -160 -75 -0.13110335339716345 0.17849283040106623 0.1443524966182665 0.9043166198920205 0.7312021051165742 0.6710136271044833 0.012625037894357982
13 452 460 -40 -25 0.056141006163932194 0.013536902474019896 0.0613840490536946 0.2538937325446796 0.1501800650824976 0.7982861983030294 0.6645316863801101
12 402 -320 160 -125 -0.2229664557084563 0.054950541044700096 -0.017884692826473314 0.937010355958239 0.3779002292345248 0.3990069109869976 0.860318818779853
19 291 -40 160 125 -0.02247187839694148 0.11360799515812997 0.12386234859276973 0.9707592653437221 0.5130776635256672 0.7413449913413777 0.7535591539671963
13 58 -260 -140 -25 0.20390707919828394 -0.21311914320247627 -0.20899920636344976 0.7266680209813774 0.41689467563216276 0.03553687184953391 0.581862522764888
18 15 40 180 125 0.04620490574892189 0.16122290971704284 -0.19541278940075052 0.9818442938942781 0.2862881170345236 0.33998822119736005 0.44214714988234116
10 316 -20 -120 75 0.15313348519254094 -0.08459514936317242 -0.020400418106218177 0.6492885477491867 0.6803245046990866 0.9114000155299978 0.9906323329911217
13 416 320 -200 25 -0.09491022227821672 -0.2119195223265829 -0.013616647799478798 0.3380028396861684 0.18194109195844643 0.5114100754340808 0.24076096038477013
13 466 440 80 100 0.23679686859434035 0.12701409434455363 -0.00819721340430496 0.9155939596335021 0.2723097472360214 0.690872263577174 0.6128299432921218
18 123 140 100 25 -0.1385896976098167 -0.16159568686995718 0.1393850724469683 0.18276279832726627 0.16552500767694567 0.7278082158570688 0.61520245949533
10 188 -300 120 -125 0.16858742122218456 -0.07211768010673636 0.03581522811815524 0.1369582397661463 0.6201936465694234 0.08876902363240302 0.13920994241753937
18 79 -440 -40 125 -0.2150310631134693 0.020146550791703577 0.14910905454995993 0.48432118699936766 0.4885395107373123 0.7377463073640235 0.8028872574615451
18 435 -460 -40 125 0.11655124206289014 -0.19116803924887488 -0.009188753101577574 0.7853209653496224 0.15327862382012258 0.8185779179694027 0.20563441791117887
17 337 -180 20 -125 0.13797806959620457 -0.19166174245191492 0.1817653838806756 0.8302114528720711 0.5679159943787156 0.06402679311020121 0.15815933775973368
18 434 -480 -160 125 0.23935359330699585 -0.18985224301221132 0.027811519424776276 0.6736969473416916 0.7249116989605177 0.6609415496311706 0.3403399714087513
18 441 -360 -140 -75 0.10878475455310355 0.09727987261825582 0.18474316181708123 0.18317728413192846 0.8368760147946557 0.8465725592640209 0.07742133342485535
15 456 -300 160 0 0.02881915480995134 0.02194576460896447 -0.1063187969283837 0.953526743629967 0.02091653719444231 0.7339702450005767 0.30678711130287195
17 17 -380 200 -25 0.16279706756473467 0.2468959995236673 0.22914164118797925 0.7846762401042968 0.38688159471437766 0.2972149437681799 0.7855524634140185
12 464 -600 40 -75 0.19973979985783646 -0.10300579475847954 -0.12119006026900797 0.49077968008331974 0.9214344349576522 0.4625930468738889 0.743773711790962
11 432 380 -180 -75 0.17565832095475037 0.07291976570984354 0.22655479737375983 0.4514767628749079 0.6054221186725872 0.6499439201845173 0.5454573555164783
20 162 -480 -40 25 -0.10506612900700113 0.17239671602591083 0.005415782752273557 0.9862558540720829 0.6469813134640702 0.5549911285119155 0.847745318192722
11 487 -80 -20 -125 -0.1376264319559387 -0.23340879540534654 -0.15190048646594767 0.6740770224139314 0.5882010706806656 0.7817148876311218 0.12471004811231923
17 228 -260 -200 75 0.10270566869151376 0.24791027636240942 0.02303451544107471 0.6167669587547936 0.6973401315233548 0.6044647679157354 0.8065376032079239
13 219 -420 160 75 -0.12566215956912563 0.20771385094871858 -0.24318984439941982 0.9412525001997109 0.5367857806476525 0.6710948177074553 0.5334434122471019
17 371 20 100 -50 0.0037816666308989055 0.20783288246847392 0.1619753633857539 0.6681796363797546 0.6724119732496651 0.12811115932791894 0.42799153102400034
18 287 -140 -140 0 0.04375065556403912 -0.07580126142545424 0.08305517226669223 0.4305685465314196 0.6535858379470667 0.28076266075607004 0.2862756415152544
18 492 500 -60 -50 0.16786579936227375 0.06091431943648862 -0.09324237795315832 0.4758902704894161 0.7208747039744053 0.5919814735739234 0.8740619569432744
13 241 -360 60 125 -0.0026602501561056036 0.042468641606739244 0.1816688435774934 0.08988777789842484 0.10468788453407685 0.18534079657007463 0.03449789998510677
19 22 20 -160 -125 0.0865054437928372 0.1341270017131344 0.09111800914657142 0.6111365278803806 0.8181043918901052 0.11907057874301186 0.8335671366271878
17 223 440 80 25 -0.16545202489694794 -0.04801106116578102 -0.16705650328706634 0.8761183683111476 0.33769309338613496 0.7364023555462714 0.5077555417282925
13 26 -540 -140 25 -0.014603012113736158 -0.003991426318688707 0.028606090198891154 0.18416701077960373 0.05386338743550523 0.49146313056726754 0.41143188006116216
17 245 -340 0 100 -0.15658010439622672 -0.08170262114365157 -0.17564563149684886 0.6036887175038599 0.3841505758561303 0.36792930327897067 0.7921903213035988
17 397 400 -40 -50 0.00697418681520251 -0.1629126080504738 0.2006318778744684 0.07402710847806337 0.19645869066960653 0.6154265114415383 0.9734001758894157
14 267 0 -60 125 -0.004274310635927425 0.08936138873918209 0.11794268012689307 0.2158998448395576 0.403381254927039 0.8742627193252553 0.6900458610648192
16 178 440 -80 -100 -0.12664765901842495 0.07585446355254022 0.017996194699596568 0.8011796128468651 0.8626260649794042 0.42784297991500153 0.5381785187816953
15 305 180 160 0 -0.1549171856670329 -0.01711182585359855 -0.21345552410633528 0.35869970034051335 0.11837244246722567 0.7729801589698394 0.072657393042865
15 117 -580 -140 -100 0.05558189616880865 -0.20896811593958797 0.027133325973446698 0.8978016361366766 0.7548714594019496 0.30559127199923186 0.01140948962286692
13 202 100 -140 75 -0.14812418895997093 -0.04557904855828637 0.1631301822623621 0.9067591400984317 0.1309659006762527 0.8884284205462943 0.9088888643399299
15 408 240 20 100 -0.21163167855367226 -0.15429914479410917 0.02870983696649909 0.20983739432548376 0.4495453044730138 0.9179373249082052 0.623252757554954
13 49 580 -20 -50 0.1897529617189599 0.016540040962887137 -0.23119241561955906 0.7236373382369532 0.4492032670219053 0.5164743172712217 0.7574514528783509
18 234 40 -120 125 0.029527417151667623 -0.2442223157400894 -0.03740361264797798 0.795157562667044 0.10619807850504148 0.13415642641677816 0.6289227828533858
11 78 560 20 0 -0.237426603514459 0.03833610114393643 0.008892991828046981 0.40292065821914846 0.5694978056751221 0.5302406114302208 0.5427967982591817
13 57 -520 20 75 0.21345277618236996 -0.05062106937264582 0.1887252063324793 0.7964268633432792 0.2935122253381286 0.550627132606803 0.36824361806104766
18 389 -140 -200 -75 0.1822438527134721 -0.115815310141134 -0.18034829263132607 0.17147152666584609 0.8186544413432082 0.14902939421236816 0.5925672376680959
12 105 -160 80 125 -0.1272833780729839 0.07626679393113261 0.05235918283938423 0.713947233809761 0.41423328786730407 0.8676449730457245 0.3994441649113398
15 417 -180 -40 125 -0.0026112890020977275 -0.22581733315999636 -0.07132909762648504 0.8433811477039441 0.5319971839716445 0.27972418653609854 0.5518506839226988
19 86 -300 0 125 0.10410449689556561 -0.006327250450184063 0.16711376277564371 0.8009411979002479 0.25715186456884376 0.7475370946101206 0.9632753875621136
11 284 -440 140 25 -0.24250468914837525 0.14540709061341317 0.12321847757352372 0.7537857397496847 0.4779927942763882 0.2752441053707846 0.4100299646422729
20 408 -140 100 50 0.06776951991576613 0.15934914436707182 0.011560204708521371 0.6390013470156973 0.881144045237627 0.5359767156752923 0.6523502265838422
19 224 360 -40 50 -0.06669275043898526 0.15138542763002727 -0.12724295539752506 0.6765714675422249 0.6406982385004617 0.21128223552301462 0.6580393609426975
14 415 -540 80 100 0.1447262799578799 -0.09754537399682217 -0.13548597966559123 0.9430797312608673 0.3688141296246823 0.9469213996929051 0.1241151925935624
18 64 220 20 -75 -0.13227701339611542 0.2393943488899472 -0.1450538911709806 0.3481050201301251 0.600878038895268 0.038658589346510897 0.18710506251859094
19 142 -440 -180 25 -0.2065136054099611 0.1250123601720909 0.1894656631789493 0.5341294119371154 0.5558568077950843 0.7238309961821112 0.8010902067353268
20 462 -520 120 75 0.1052715956739862 0.2480358285430559 0.0921807613185201 0.14137345302408677 0.47153969614321345 0.4576436137008486 0.19041645766740223
10 359 500 200 -125 -0.1766014780306504 0.1516425494958688 -0.11751541771383112 0.6387452951363067 0.03285625136867709 0.7263383214527541 0.47077809308574725
20 165 -400 40 0 0.07509178913103476 -0.21510266913604448 0.009497806817082732 0.1156461236764339 0.2584257064608373 0.8959029121744627 0.32097191190329866
15 436 420 -40 100 0.21499833220641895 -0.11879831225483878 0.20886370820778283 0.8647837501021481 0.41225852169637234 0.37327170928043585 0.05416752521631696
14 36 -220 -160 100 -0.11154331693357789 0.21022712797251908 0.10211065889667464 0.711750542633332 0.042406031734918526 0.31467240982337397 0.20949271582100537
13 327 280 40 100 -0.17010861402638355 0.17617125431830488 0.22562141001413738 0.6674662250436959 0.29508489150225803 0.15854089525757686 0.8973407222069427
15 121 -360 120 125 0.002868920590774815 -0.18540324872641395 -0.06873723650988273 0.8308881071957921 0.6336093453079072 0.45861098320972526 0.6392491592339334
16 370 380 40 0 0.11747001407477026 0.15629487481171578 -0.09632825127757527 0.28229003107096196 0.08180727179786529 0.3710540811475308 0.13533320129495519
13 456 400 -160 -50 -0.004259240047414847 -0.16287211088638703 0.035115098566957104 0.5264221779194312 0.5247491011082619 0.12461367677285196 0.4632696363857316
11 414 -400 -40 25 -0.12222998044194411 0.231999830603852 0.02645977298899216 0.6227598821454864 0.07410387376842054 0.7646403949701186 0.3025636374013605
12 163 -380 20 50 -0.048015106840936794 0.018059294038284268 -0.1172256996152446 0.7032672819589619 0.6464805727501015 0.06475464254326924 0.9863459134924628
16 252 420 -200 -100 -0.07674319698887738 -0.20020739696789402 -0.24838148953834122 0.08009844819549994 0.039119158007678734 0.7586347369045386 0.5930379120407979
17 193 480 180 125 0.18019584752894485 -0.05507348130975914 0.04553726993219248 0.7228492652252568 0.34140317052838764 0.17546739128389144 0.27747964598513275
11 43 -60 20 125 -0.1086591887650371 0.0978177191213706 -0.06113586304141888 0.08915144257022012 0.6714566664442567 0.6103165363540718 0.6173126056881444
16 474 260 40 100 -0.10895843802993121 -0.005545519562094425 0.21645438365457037 0.03623470124068784 0.803692011766218 0.6286026625829341 0.4404553709382386
15 496 460 200 100 0.2302539854720032 0.2163174240940806 0.14404423885916534 0.11094442371090463 0.8909784366297996 0.0027828496977285733 0.3001846041567563
15 413 160 -200 25 -0.10119954699190542 -0.02241911800352875 0.1953396206914676 0.9579116651621489 0.27884733324767585 0.19013850414599553 0.3687984213038574
19 257 300 -80 -50 0.0011552024208740796 0.09499128203124302 0.1794017746714489 0.4128937631863242 0.11198268323439198 0.09369878206542126 0.7505329503502619
10 211 560 120 75 -0.10705184481725188 -0.07912340457382072 -0.1068367106759926 0.6198258306797113 0.8786513544846544 0.24915261226213425 0.2956507846394504
20 341 -460 -160 -50 0.23387191812869168 0.10395300060263257 0.23734637114599122 0.5763642540004037 0.7834534120530976 0.7268308936593925 0.7681441876869289
11 372 20 20 -50 -0.23194680519038458 -0.0219649171908895 -0.21143856165571184 0.6726440931663045 0.5367250029263152 0.8595276411193283 0.3163640388581086
17 488 80 0 -75 -0.15293457139275352 -0.17906282160885 0.16824610952597385 0.26783518001861895 0.7714943776261374 0.7250297789504326 0.13080245965420756
17 223 -300 -200 25 0.11236397384966706 0.02905580872058916 -0.19696957531976833 0.998746558578955 0.1583681979541437 0.2816606398699091 0.6458889835647295
11 99 -160 140 -50 -0.24022843422904122 0.14572565272214488 0.07779170511126321 0.1063361350033295 0.9231904900068898 0.039633865365754306 0.3199952973872876
10 309 -120 -100 -50 0.029840115457695937 0.15148002330766935 -0.20459535189065536 0.7864439558935054 0.882397398555621 0.6917521655637825 0.9310953469827042
16 307 -160 -40 25 0.002604276117168791 0.2255416269325471 -0.02103648998237695 0.1789642836919948 0.44054620412215717 0.00026108582427064597 0.5931772053092897
16 438 340 -80 0 -0.1081849588003968 -0.07288405459287112 0.03490900223146404 0.884454759183143 0.34682831335216713 0.603140425594035 0.37240707974676746
10 20 580 160 -25 0.11935479399591531 -0.021253169804244132 -0.039383192600112915 0.6616795238004239 0.22298429150149834 0.6861720586415215 0.8964279387046442
11 464 -20 20 -75 -0.10403414911367587 -0.09951606763394899 0.040451277862977586 0.3389353661970468 0.9342915535703776 0.8571610267859738 0.5054244861771928
15 371 440 100 125 -0.05800633680665235 0.15829575460864792 0.13014393766837445 0.05907715395532709 0.24486465709733285 0.06980456931655243 0.634993148001357
20 176 -20 -160 -100 -0.16432914516894231 0.040489496383660895 0.1638866275941986 0.7489704789111441 0.8501149830633759 0.7511985813269981 0.2595770838390744
10 475 160 140 75 0.2302052528892487 -0.22232230897996452 0.08279423392198104 0.526509962579708 0.5146001908442318 0.14715842222246278 0.18913002644115473
18 69 -320 -160 -50 0.1305823060588141 0.04597462825594756 -0.003655901282025531 0.851030208785019 0.010613574023905392 0.01172857813309347 0.11280054290447672
10 344 -480 200 100 -0.1892964749815519 0.16421304039321 -0.17940213019195633 0.42726405629974673 0.9047888779255735 0.20426522123524238 0.7531640747384543
20 415 -500 60 -125 -0.19026458049236916 -0.08149703425227656 0.1675129424316511 0.9230945457363663 0.2837425608990827 0.3561257338620848 0.22180855623143814
17 270 200 -80 25 -0.18112958219338243 -0.08120072937394712 0.18194114383411436 0.5491995108695382 0.5851903422196779 0.433509175345584 0.3118776043380994
20 18 440 0 0 -0.136164854418239 0.08926270071232939 -0.2279646478230965 0.7096307886313447 0.8075044642795315 0.24760890037806005 0.42188307091966515
11 112 160 180 100 -0.23335284264096734 -0.02435694016392287 0.05194897562878026 0.935021980086411 0.3443200414103953 0.1609640669643928 0.09580708424961293
15 340 80 0 50 0.1181503326446256 0.11248954326511695 -0.2246787782346436 0.8972238297052544 0.7542058933570699 0.9592741928386633 0.20334694308904366
14 17 -580 -120 -100 -0.06794923119012952 0.016838137435865097 0.24797248768688768 0.19315029900175607 0.3935731531859158 0.9034252737290202 0.1707672298945152
12 26 -400 -140 -25 0.06279121981332586 -0.18418874156948906 0.2229028550734562 0.48420229383104885 0.7833259576444417 0.46438930464586425 0.05967821444462029
18 47 220 100 100 0.10749390478428261 0.06615905687927542 0.08683121275092676 0.798745469181489 0.12913478684189195 0.5611510570471084 0.8910559650128587
12 256 -80 -20 -100 -0.15826480474388577 -0.10657190808171357 -0.14475427324957385 0.6515194512507916 0.36162958239750176 0.6772707729989391 0.2104854049753282
12 188 60 20 -75 -0.0702876598593451 -0.026147369431891776 -0.08881900133569792 0.1517146624676723 0.003184988696617874 0.6285757817051797 0.9201801107496963
19 371 -180 120 -50 0.13372551882370304 0.005049442533876514 0.09940806260653051 0.3580706478271414 0.2228019893334966 0.3358258063009617 0.7641753471306784
16 87 440 -160 -100 -0.05744699701716832 -0.039438328184177696 0.16484935884018942 0.7750708470473167 0.8521753382192638 0.5458516757920919 0.9417964356756963
14 497 -60 -80 75 0.06707832863163721 0.03648023216289653 -0.034681713185337304 0.3558167089871819 0.11739732368394129 0.9759329193523076 0.7387597149423967
20 328 -40 -160 25 0.012423306939802481 0.07926640260122131 -0.2450395467011049 0.008204311439503842 0.9783950894558842 0.05703895106701329 0.987344317604663
18 102 480 60 25 -0.18191474085177672 0.15350528915245343 0.057980538404731496 0.2612202281115923 0.06761172737681698 0.898913220114429 0.8234070012581067
20 405 -320 120 125 0.09071489420433021 0.05809922875001683 0.1990558763194763 0.2490583810405177 0.11667899012515248 0.21203532413761683 0.8630595598150655
20 95 -340 -80 50 0.20302381498555538 0.18402050052933205 0.12610085045169084 0.16176996801312804 0.4698593815221752 0.9236996576825015 0.3998355119129843
12 36 400 -120 100 -0.10057252516801246 0.06234733001624948 0.10161257794081124 0.6695264936402823 0.23776901927167593 0.0004606559197913862 0.5069273389104296
20 40 440 -200 -25 0.191693628058408 -0.1236016031374712 0.06675562704730431 0.1400439768460252 0.6945110548763618 0.38876502938929525 0.8142726243928369
20 274 160 -40 75 0.08008148014557986 0.24553224683086694 -0.22744772739870228 0.8099394446281909 0.9895802586604663 0.07363541872166246 0.3832792242253117
13 486 440 -200 75 0.24681900340462098 0.05185665104308995 -0.23277226324217254 0.9651936624343772 0.12396272558514199 0.024961284796519156 0.5441596742871547
19 122 -240 -200 75 0.09121449687122934 0.04507902684168946 -0.18963448769814534 0.9321249107477388 0.43683981395496585 0.46758026554359755 0.9658036510480941
11 297 340 -140 50 0.07991358061858977 -0.15709721903683044 0.15834368789208547 0.2996041125018264 0.3698189479442373 0.4492801179016308 0.748206554252792
11 248 -520 -140 75 0.14549045975050767 -0.19602218615694061 -0.042506916004598716 0.22567621985982567 0.8717618349061562 0.5667330238939948 0.33046625552344755
20 370 500 180 125 0.02992930362356011 -0.042533191577842355 0.24314570724238982 0.28538681568727853 0.7262493640896563 0.7012029498330998 0.4502967974582939
14 422 -280 180 75 -0.1926332974657216 -0.014009073238245406 0.01637166007821539 0.957704867936216 0.8919803644597822 0.2361677981392103 0.32874426140194524
18 340 60 100 75 -0.12128586721115386 0.11035189440557253 0.09512703136767853 0.2762041634513859 0.02427340488282881 0.24586555466468307 0.7704799091262419
12 277 440 20 -25 0.006162054336682765 -0.0756750076084367 -0.16230497614794592 0.14305714157570604 0.6444286363581535 0.8514106559299467 0.03759854174699717
18 357 20 0 100 0.12314286230157862 0.01834370990289258 -0.04159157524443963 0.4260224390951156 0.9120473349642181 0.6873217058195839 0.2357560128578483
20 53 280 100 100 0.07424578880625327 0.0010142782338313783 -0.22386347051204236 0.057407553410190215 0.9681663350505243 0.4832019610400058 0.5708266371577512
11 247 400 120 -50 0.11058026215686012 0.015817503287218815 0.1158702999340186 0.013722652598064822 0.7333775521704661 0.9007786196560238 0.8597538079717251
12 400 260 -100 -25 -0.2074672314792816 -0.030872288260638203 -0.15088015854847148 0.042458314979709866 0.976968633825765 0.3505118741213421 0.8248983718773037
15 256 -420 20 -50 -0.18192820098128193 0.016111776801185973 0.08383475491428988 0.3442509431252224 0.7634989079667163 0.6966068030536624 0.14352380589514968
12 226 -40 -40 75 -0.08113723084430102 0.2188509467578112 0.14518821380874275 0.8703933628316293 0.9798787100597258 0.309033117945987 0.4273367609821569
11 39 -60 100 -125 0.18297035112915666 0.02087466554287143 0.18182558587016473 0.08801728362043026 0.9639654856328501 0.2711929764360267 0.06264089317427202
12 409 560 140 0 0.01676433190196963 0.09338012486568298 0.04262660281969355 0.2528240802259163 0.3001992490617317 0.3997104438472956 0.3691071504921428
17 484 40 -80 125 -0.16758026070194187 -0.00924257502789999 -0.08124660449507026 0.8830212160606633 0.43840722273891863 0.006289174522259411 0.6391614870468826
19 91 260 -180 0 -0.20940710534769974 -0.1016025435401568 -0.010206114500579233 0.5223024857017403 0.8866505696045878 0.16729180334777083 0.9979175772432503
20 135 220 20 -125 -0.2041009508060045 0.16447591099245495 -0.16436869069908178 0.21256821625688582 0.23531144205740884 0.08179759408660059 0.9781159597952962
13 60 60 -80 -100 0.2388791213682478 0.22103968540498126 -0.15789620146883782 0.4831879834189172 0.295601905478433 0.36628358295877184 0.10997493333829478
20 499 -180 140 -100 -0.18675574293815717 0.0980217406821588 -0.23927248628208586 0.8497239552222365 0.6055582057219847 0.7853939837584103 0.24981240078557154
16 94 600 -120 125 -0.1301799916444153 0.16364172568875301 0.2329329410711921 0.6226603082939048 0.3784384174546085 0.2535483354842957 0.44966181102469527
12 21 480 60 -75 0.12117278067591147 -0.06392914564168911 0.07455834409893114 0.163755004411687 0.7793198923774699 0.906086076084868 0.6850291942107586
20 8 -40 -20 -125 0.06771791889520928 -0.06534767280003762 0.041129205449107475 0.9520654613214501 0.6252346755364626 0.4533442316705183 0.5529456034203574
17 76 80 60 25 0.19132780487841045 -0.10839646085265409 -0.015530110546409126 0.043039061267920564 0.8006357443133096 0.41087756315726753 0.34608497405245797
17 153 -180 -200 25 0.030198864173144657 0.030436446471464262 -0.07568648025255087 0.207901798499872 0.9862337970448003 0.671043659143318 0.12833502779868822
20 89 80 -200 100 -0.05207584133130172 -0.11604212249923662 0.13745900482566997 0.37968178941670416 0.5177275180067082 0.2017424679642177 0.2585104878986061
17 457 40 -180 75 -0.015963038826068643 -0.17238339953644416 0.20494939950206897 0.425253094880679 0.0016330486192468463 0.29411698486232685 0.8089001434925595
17 247 320 40 -75 -0.01500105110643335 0.10526763376022924 -0.15859182797831367 0.5374738203834891 0.059159812163199765 0.967760749458602 0.9747057036116062
11 297 600 -20 -25 0.09161088210671925 -0.06126438874295004 0.07692738904153573 0.03792570563734288 0.40761899223671516 0.7087206002253452 0.9873568005620745
15 366 -300 120 -25 -0.24199441867271065 0.07255327338159989 -0.025928403537415157 0.4974368689948856 0.2409831751849575 0.8196531046327549 0.6241300813792909
11 148 560 -120 -100 -0.14714557886811824 0.2353435947443991 0.22588902403611993 0.8103717721690524 0.620270310284777 0.42918280934893716 0.11491916657790047
12 500 220 -40 125 -0.03196804987533175 0.12482377005785472 0.220208597282592 0.6990593747913607 0.0501911348535109 0.37261282796055684 0.31469468504033893
12 404 580 160 50 0.14524967984376286 0.08285083929510245 -0.0503383244370873 0.8492018454530621 0.6941758757434942 0.6966353219659788 0.0003867914641582093
12 306 580 -160 -50 -0.2059361745673401 -0.21979559627293627 -0.23562675296402125 0.6775342869688085 0.9244623536120589 0.16027207079032213 0.8497621004230235
18 107 420 -40 50 0.07219819557811619 0.17815488460727807 0.13357067379218568 0.19829093940485654 0.38637856892219313 0.14274749521782237 0.5583523984415774
12 413 80 120 -100 0.010692236211148842 0.0060399229428866885 -0.15280667526464548 0.009026533944216264 0.3668977325185768 0.49122490292987364 0.4468406243028542
18 196 -20 -40 75 -0.13390116669610647 0.21086049522223888 -0.12588133135012203 0.7883032956343519 0.3027713473008151 0.13593629178048616 0.9306131855115871
14 255 220 -80 -100 -0.2298270451021398 0.04604124721143332 0.019802342600149125 0.2920913923142747 0.5717590843768963 0.22565572469320228 0.5052186117219037
19 16 -80 80 -50 0.05480830870720632 0.09301058756187969 0.07328964968324064 0.35063554899985494 0.7562417351499922 0.5162368344872652 0.5008097895566344
16 57 -560 120 0 -0.20334273409155607 -0.19813121564568054 0.10487248822403888 0.7495033050377163 0.609623240273645 0.4725646262595461 0.8922869383554579
16 285 580 120 125 -0.11808630560651778 0.232375013105036 0.07614246589882495 0.7330328450558734 0.11652348026396697 0.16539577900901747 0.9586936968148758
15 240 380 200 -50 0.20247749652432923 0.22382387550566396 0.1564390269374264 0.8256045069592222 0.6156474302346748 0.2501854835735273 0.11093758088412464
17 348 -260 0 100 -0.16071012791686784 -0.1833702706683083 -0.09686675441350079 0.6784862502955975 0.42095559218021916 0.18330001858457068 0.7589961362419919
13 441 -420 -120 100 0.14270224979151075 -0.16494167471850163 0.245478388597755 0.9952509172407248 0.31122106433191743 0.6441537867699041 0.6447035098938514
11 59 -120 160 -50 -0.023356333945298402 0.07062443592741252 -0.06640645782616783 0.3326325643280561 0.6752705022354767 0.4057527233308271 0.03781520808913719
12 265 -280 60 -75 -0.1866640644146933 0.046895000932992814 0.08689277232934589 0.41368316699982743 0.5492796839168527 0.8587297518415872 0.15586896936573125
19 369 -300 -20 125 -0.24078276141005572 0.09292431870673762 0.1492299057194137 0.5107306435485832 0.3504625201772782 0.7907372430469481 0.02803067191530384
17 483 -300 180 -100 -0.22904398130285275 -0.1185534952345974 0.13625368892110473 0.2102446954913192 0.5722067606551952 0.024373709223497908 0.8528942381149208
12 77 280 200 25 -0.005827956451334604 0.16819758138993246 0.16593837170234943 0.522888601553839 0.3943233762719225 0.6194509710743455 0.11218455333185906
18 241 460 160 -75 -0.08068291677506761 -0.10431245257791472 -0.0024992628512520154 0.4191212963042279 0.6101109418203899 0.9074580162540775 0.2918864788835097
13 402 -420 140 50 0.06294864685909357 0.043989424207882044 0.11409872190573961 0.06783939898687397 0.41900916363154395 0.37983617782356316 0.0855123667510651
15 114 -240 -60 0 0.08880903908949478 -0.1800985252545712 0.16445335973808095 0.5043135961706481 0.333495873947799 0.7453858142214868 0.972908998220632
11 460 240 -60 0 -0.2425485269739599 0.22373987071635765 0.14213961678120296 0.6127911418663919 0.9637267683861879 0.5565798382287511 0.1828220678106357
12 441 380 -100 75 -0.24541712343512834 -0.010580928313352334 -0.1686973812800946 0.009703230549675257 0.020240992051154816 0.457539786831595 0.30946372776925724
15 28 120 -40 -125 0.04353943180312403 0.1327757628877405 0.24268408178909795 0.9954437668835974 0.21186749910551594 0.32874818557662455 0.73165158670664
12 189 -180 -180 -75 0.09300117194088886 0.16791276138186184 0.03229279189436429 0.13066165191444457 0.12437962479912146 0.6948216695806647 0.9989769835549791
13 364 100 -160 -100 -0.003253424188988552 -0.19231015540586543 -0.12572256617516775 0.4730833753662247 0.30647578027682054 0.16021355539587434 0.14527024694747448
20 454 140 0 100 -0.16210401156341397 0.1809301760280979 0.10083077390462547 0.8807600612890228 0.8329283555091568 0.6764006736014018 0.9355234958447076
18 114 340 -120 0 -0.23388455409888725 -0.08574388962414603 -0.019264702225946673 0.8816536912582476 0.17441415535984373 0.9825574569251285 0.9965053843475367
14 478 360 -140 100 -0.2436737415548501 0.011359000967840815 -0.15518996206528424 0.7931635219958157 0.8082898169016561 0.6347289307973091 0.13314768081539152
16 225 280 -140 100 -0.07336094867512832 0.15139076315035327 0.201796756961116 0.2041632614649599 0.6161572644802824 0.7551099856915854 0.04854499396247747
15 298 -600 80 -25 0.101547716020704 0.15212112795851068 -0.21406516582666302 0.967745594123282 0.7292919339068954 0.17103815257861288 0.6528909369020591
10 142 -120 -80 25 0.08580723549988384 -0.18461703648580052 -0.15228965031297914 0.9288813443599298 0.27361792415633457 0.9252005643752124 0.6616758704325088
19 48 120 -140 -50 0.06356887321722654 0.11229487191578247 -0.15939048872056683 0.15726737597447749 0.12535749888983183 0.18255933991530493 0.6543878731511762
17 434 -440 -60 -125 0.1710519867418171 -0.13567934797085607 -0.07817176630744826 0.7156428603545132 0.8922238117117618 0.6691866986411299 0.5260542794779517
12 124 -160 -180 25 -0.06714605127612389 -0.20761212506544685 0.07738564279622628 0.1937333523368936 0.9992918340946741 0.6337222191776036 0.03993718830986581
11 125 440 40 75 0.03762795504039784 0.17462217486098808 0.21101983713047257 0.5169613909339744 0.6712452714886247 0.2091160378253587 0.8517937505626756
19 250 320 -80 50 0.20693041013993801 -0.13015208200742462 0.163516995512214 0.47192469468553255 0.0950268713535839 0.4646332428928559 0.251081539505128
15 91 440 40 -50 0.04991032447567301 -0.2186491402809187 -0.13545278463508792 0.6924851880716489 0.3123189258938308 0.7510820840877556 0.6589587572134337
20 104 420 -200 75 0.10490451705651532 -0.09419935339379898 -0.1428513700918948 0.03144631370187356 0.6486099403683743 0.8214910149473521 0.3171321880298926
20 322 180 -80 75 0.14234678609928247 -0.10364814205311423 -0.22362971339225146 0.8075318055123832 0.37428660552545534 0.07196365374780744 0.27585363891855186
18 403 540 180 0 0.0818118419411144 -0.01717549975841115 -0.09022503441096691 0.8584841866039034 0.27337361385579784 0.4527391586880337 0.2617831531709587
15 374 340 200 25 -0.17348553946203393 0.2087331933260284 -0.11239001090788991 0.08827070554001226 0.5415503616960735 0.40903445147089845 0.4144938230972558
10 80 480 80 -75 -0.04604363250456278 0.05663786471349391 -0.024676075615751858 0.14352540719259133 0.5519694404913338 0.25687094114865316 0.5937474270145967
20 359 -380 -100 -50 -0.04566687428049576 0.016293942670663197 -0.11881217819605172 0.4258057820632377 0.5790659446337411 0.02914951772439678 0.03202624944150567
15 391 -420 20 -125 0.03761348286967159 0.17830770777991317 0.1561889106244101 0.32970136014640994 0.5771826627427572 0.45779607103942244 0.804812424406755
12 185 -220 -60 -125 -0.04282825545935576 0.033633703071597576 0.14161514463619823 0.8549512906895876 0.11420516531915337 0.8283303473472301 0.8333761761010333
11 487 -460 -180 25 -0.04858182055857008 -0.16931091210827115 -0.032647401545844 0.2726059799628645 0.528095081303459 0.2717965018429197 0.706768727847019
11 65 260 200 -125 0.19264824132425717 -0.03562168451838804 -0.23507368816281154 0.10869174805772408 0.24491662211834575 0.5582382854300848 0.45078886179252764
12 96 -460 60 -100 -0.22499782156880016 -0.04948563343404161 0.10259367946597564 0.8389518095161356 0.16548040401234887 0.45632204537288845 0.1384078052118073
17 243 140 -160 50 -0.09500967947513977 0.11984119051093606 0.10946222148810081 0.2839827784887644 0.3909413631183716 0.8223612852560407 0.10487565162234325
10 351 -480 -40 75 -0.07468265963990262 -0.19975174522722605 0.17785343331974562 0.5460692266054399 0.4956176975954677 0.3396013445852675 0.7607447615723797
14 422 -20 -120 0 -0.08486033608429622 0.14551719223084691 -0.23108603159446206 0.8546920597130281 0.07518552268777023 0.21808794811858212 0.5490978498785583
12 438 -320 200 -125 -0.02409736640596022 -0.04860251184522263 -0.13097266416443248 0.20322220192347762 0.7569925602378715 0.9979383164684512 0.3038542174379214
18 452 -200 -80 0 -0.21573847585644323 -0.03618473087287549 0.20069675144694077 0.11647904939593012 0.9017799662349472 0.2662840050946951 0.5937014191109862
17 274 -400 20 -125 0.16483502324043608 -0.05463559744803281 -0.07910218073263658 0.47247122553451604 0.8787290397184307 0.26486727784000974 0.6465540536730138
12 16 -420 -20 125 0.0985150252447487 -0.014111458274978728 0.049367135264454354 0.45731191663988147 0.8205401916692883 0.1001507789789311 0.8360664789108732
16 270 20 -100 -75 -0.15494058740180194 0.14931732383318597 -0.025206416534452936 0.9757256910565278 0.04292722409685312 0.01954744762200411 0.603481187975128
18 433 -340 60 25 -0.18541250133823806 0.22555884507863627 -0.0516396676007691 0.8563189632240779 0.3900227097121979 0.48960003738363866 0.06510092239168952
10 424 -260 -100 50 -0.10571303343127308 -0.06772010955921676 0.10058106730010319 0.5800876650340397 0.23032026035600917 0.48413505560055914 0.5206968809799821
13 167 300 -100 100 -0.08069314967902536 -0.12668228279453625 -0.19154301929121514 0.49918729425909547 0.05636408868913956 0.054712817321579066 0.6800017868838448
12 214 -500 -120 100 -0.08043449053623364 -0.1046081366707961 -0.10845486738907006 0.036146574400532705 0.7231572821842223 0.4289912714441467 0.3785706346379214
12 449 520 -160 -25 0.013232804774500562 0.24455947087665347 -0.17511011520450032 0.8907058913217334 0.6751060304629898 0.0735875287473754 0.09937202093878073
14 374 400 -60 -25 0.15547225329315562 -0.08327797350462335 -0.08621363246708735 0.23543990941068882 0.17487711614234103 0.2112458073326159 0.2557771010976091
13 35 -580 180 125 0.15127394619433537 0.011029865737730626 0.20208197695314334 0.2220958357924694 0.39169000848162605 0.3342558463306854 0.6441784905486206
16 235 -480 -200 -75 0.24723085308588677 0.17866791642540691 0.24626607662872047 0.5161392361020382 0.32147829613822854 0.7304426270178578 0.7811894823574512
13 101 -80 -200 -100 -0.2383594508310657 0.0840826117136323 0.1007075921769594 0.7614109484754651 0.6520275430704794 0.5571753290818637 0.8417928672516228
17 337 340 140 -75 0.0048123340277442805 0.2272896530837542 -0.02451590237137391 0.39469400677908384 0.30366276632530775 0.24147437516506698 0.36895415824840394
13 169 140 140 100 0.07879844682482484 0.06970885663826165 0.15844551674457152 0.47401637141822384 0.7626791122681293 0.6909593385701494 0.008062975843571407
17 344 -200 -140 -25 -0.1591163115607208 0.15160370266593498 0.20021600624890679 0.294877428087886 0.7965453681778503 0.9898425447394195 0.8576985633594865
19 423 -260 -120 125 -0.043648013356561155 0.23845091961267284 -0.06167986563018257 0.2731683167523902 0.46883480449316006 0.490478982379583 0.8639276553900312
10 330 300 200 100 -0.0756399614675623 -0.13528456217344503 -0.045179289502169984 0.9242418782069481 0.4525775268369626 0.7108183093501688 0.564570157186869
15 46 100 -200 -75 0.1177893812825328 0.23855429636695885 -0.09806784370612831 0.3148010888252465 0.8467291127886825 0.3276797015365417 0.4627533335851173
14 397 -260 -140 100 0.10679944798361213 -0.24928649411833154 -0.09228456911402244 0.3079962768561815 0.21601433613931398 0.32917467543609513 0.6032332981351238
10 201 20 -60 100 -0.18293268912329924 0.19826886950468942 0.2134418221094425 0.21721925020569388 0.8691827919039604 0.14039933579491637 0.1411438234875959
11 342 -440 100 -50 -0.1481615898213548 0.1932624854513595 0.08183411083806985 0.25639749594612316 0.9657239575345824 0.8378009354259235 0.08687089467978193
15 341 220 -20 -50 -0.21625508954167044 0.2324952077050551 0.09941091509290845 0.0929628883275756 0.6232267260669762 0.4775864557399059 0.8212748895679429
17 106 -580 120 25 -0.019142536129720944 0.024507045272769867 -0.1141501002012405 0.5120390566836639 0.6581000890076273 0.3675472906687892 0.40260564068587623
16 68 420 60 -125 -0.03186519142829969 -0.24565042666619202 -0.0875169471571779 0.779578747018327 0.9376737327368839 0.6084025196928023 0.6157095402053642
13 185 340 -200 -100 0.15502801018654022 -0.021759296492115776 0.20319809020102986 0.8499763501243063 0.8923559187855437 0.13606988090283667 0.16708126411384516
14 94 -440 -140 -100 0.23477022189599983 -0.24514763417078317 0.23243441303398893 0.8284678387833767 0.9750062597139965 0.4820733406750458 0.1568552106683474
11 366 -440 -80 0 0.08817982935726187 0.12422038758154824 -0.1032978853717067 0.3295545646670316 0.5928909628137133 0.9260943238790907 0.6304551637268868
20 468 -560 60 -25 -0.1365203405079975 0.048592456266970674 0.05677227193583162 0.423034835760562 0.8136905709334199 0.9434778120601383 0.43372165076290703
16 22 -440 60 75 0.024572541085587762 -0.0064591596984020505 0.01196249251919862 0.2382119741307116 0.7057455833691141 0.6419770677008948 0.055530045901134084
13 98 600 -160 -25 0.03097407003760666 0.04745643563439117 -0.003192653335387874 0.045720344860790574 0.8578167662081141 0.008281802774944613 0.7243322653583573
14 413 0 -100 -100 -0.21502029032406678 0.2229667380280017 0.1073595277287937 0.6990420432858334 0.23302792962560614 0.5035798403688806 0.8539247649894551
10 470 -180 120 -100 -0.03762342912442285 0.12034651718726741 0.16907983287788103 0.314859728155527 0.1319310329448954 0.705759840132646 0.27571792951315843
18 142 140 -120 -75 0.17920920875799812 0.05048046894019492 -0.03946767710400334 0.4745238009334175 0.07096674230794686 0.32883810798906565 0.0908380781656164
17 51 360 160 -25 0.041123900323461915 -0.06577682042056493 -0.2464160648171398 0.34408641995856315 0.405965580797923 0.3925353808424702 0.9548564108967061
11 499 -560 -20 -50 0.029505844269796133 0.24195246952499622 0.16587635399618927 0.40724880076687975 0.2990966807284807 0.5392293683984682 0.7734453878029759
10 433 -260 -40 -75 0.0886338247695263 -0.09262811180876851 0.20800241906397454 0.5426646761333481 0.11095227283919984 0.650520505759961 0.9994028593866259
15 118 280 60 100 -0.17109199275407977 0.21908757033041348 -0.052257657352191234 0.692336696512731 0.3135167190335696 0.006990797032584872 0.8151367666737428
14 67 500 0 -25 0.1111975963905586 -0.00020644405000924682 0.21297957706671566 0.7236822452062633 0.748972176494896 0.6563765240990814 0.9079932543078563
19 426 -380 120 -125 0.21575043567300495 0.22010829705342244 -0.03334511415110031 0.4952528103035503 0.3331811320479563 0.6519184248955887 0.40830508981866387
15 491 440 160 50 0.11937105267361647 0.17126262360415961 -0.028277106921524242 0.6360612013280206 0.9114001396818022 0.9260116136573386 0.4686118594288621
12 439 40 0 25 -0.09069724460605216 -0.04237219141055826 -0.14110771215244577 0.25214528826392313 0.052507966542226 0.7027241132906635 0.16738498297627302
16 3 180 0 25 0.142655002667486 -0.243632545984805 0.08181134082643138 0.9020948149438384 0.13073795383919373 0.8405255813564912 0.009616556107638674
20 248 0 80 -100 -0.23586078959064383 0.06705634938552618 0.17792011975257643 0.9213377810945433 0.7266783745960421 0.9267018635363896 0.6684648733612185
20 117 -400 120 125 -0.051416901446703855 0.2381144444781444 0.1534699209910922 0.8079195583075883 0.34700456499278254 0.4757067553000539 0.6784794200948217
20 434 -540 200 0 -0.10473657091396549 -0.10599969627024136 0.005065053424105681 0.19200099039358975 0.45612579588629576 0.9437450830637651 0.42270129479391705
16 491 400 100 -25 -0.18182545014545132 -0.04911138016918726 0.2384818583942801 0.6663523403588767 0.26436015598394613 0.7751375615570674 0.8969152355206362
10 457 460 20 -125 0.052083009515048906 0.11370868998930489 0.23411659234833798 0.30440667885643435 0.4007771100824956 0.26240775386384085 0.6147189800769896
20 376 -460 80 -25 0.13005043152929163 0.09879578564871988 -0.03159429497623378 0.1947660618389908 0.5841601022569111 0.40097137293311413 0.25338718250112313
10 264 -360 0 125 0.0963558891599996 0.07085547278723586 0.19918013254794747 0.8317437771437175 0.08658328601761367 0.982010374907745 0.6330390836171088
19 348 240 180 75 0.16841522955791977 0.2417784397860927 0.22065378855104784 0.0070068806022609564 0.18649814297645406 0.7193187568554469 0.429501025437128
10 447 -520 -200 -50 0.12181230016541195 0.02231495827537161 0.1838111548830363 0.29456790556790013 0.14679710799731194 0.8066727981631009 0.780037874641462
18 364 300 200 -25 0.17309484620426718 -0.09605242120145169 0.06264849914323145 0.6172919383844702 0.6733145575400524 0.05192149547966096 0.20956949371848665
11 356 -600 60 -25 -0.17246504554180248 -0.1394068463980368 -0.1618233291967089 0.8975323297669224 0.4066142389935484 0.9999338645058602 0.7411775611576966
19 392 -300 0 -100 -0.2081107608338174 0.23482691979491654 -0.24146692695944183 0.3624594529546288 0.7271485682964135 0.7034687383580233 0.7264577822385503
11 260 -380 -180 -100 -0.1836249600624162 -0.03147893198038554 0.15260490659654785 0.5352975925969141 0.3454187143056038 0.09731341255624426 0.6739915552158072
18 118 500 -20 75 -0.06643402757673317 -0.10183161733427704 0.24765361747672493 0.44696772872131163 0.16335032317129317 0.5844536160124423 0.5754663055272576
16 69 -460 -100 50 0.22439589192781784 0.20997079622683407 0.019293103657829214 0.2118543298331098 0.6954783544283569 0.9629251021436245 0.054709786310487396
14 102 -380 120 125 -0.056113206190282094 0.10579933905994571 0.1626529024906601 0.6608955664893953 0.34078736599172244 0.7446925066181841 0.6469026149485596
10 494 280 100 25 0.12743685905938218 0.13475266548063408 0.0054105942702957766 0.35026496548052266 0.27548288980915625 0.2655840228869788 0.18484670699453865
14 140 -420 -160 -50 -0.21448350406404948 -0.21398033094639218 0.15299589814033282 0.7860573671494467 0.5721766979033747 0.3415931177530359 0.09344608725863146
17 129 140 140 -75 0.17226413869560775 -0.1868544734152705 0.20136665093502953 0.7906578885008447 0.0822999075698091 0.4761747950253876 0.6181029391015547
19 489 -360 60 0 -0.16657093549728014 0.15751850101201648 0.15329278136089836 0.6644627427449847 0.6437798880985215 0.1393622506849841 0.20608628366008985
18 154 240 -100 -75 0.16960406772068676 -0.05325578270854209 -0.23923588570733212 0.5523393427504287 0.19904948748193618 0.6837946626936475 0.03282558020168069
15 72 120 -20 -50 0.10206201219324718 0.024060379274523258 0.08723825831296833 0.17190604937462328 0.02149840378526957 0.33451829890137297 0.1291954708524975
17 114 -60 -200 -50 -0.05089388931482247 -0.1678255560002252 -0.18888947448041876 0.7832733263323551 0.7536674509350348 0.32077772135307414 0.9905252688317757
16 136 -240 100 -125 0.1377916265187656 0.046917667392494034 0.010193376298919976 0.0893152051924051 0.9422392520102549 0.5714998369261368 0.19252055327630657
17 166 -600 140 -125 0.026554844196411242 0.17592676713542776 -0.088137288754497 0.2009216434576534 0.7011868575650902 0.2924565936125465 0.4860329524326875
18 79 480 0 75 -0.17570511489937052 0.19326432979950675 0.14689258377024528 0.1873549819205076 0.7022054106749219 0.0030022468181860607 0.6892968072712935
18 228 0 -80 75 0.2412399395119757 0.08819587386177952 -0.19664622988449054 0.1483999401617836 0.0307356163978435 0.05857364001815368 0.2264045762471908
16 329 -600 -20 50 -0.15357910209072367 -0.14066016823505378 -0.05537034354034992 0.4882260992119095 0.35774997237804507 0.17667017229706383 0.5921827466660536
16 317 60 -140 -125 0.02548748921600691 0.17470301336617017 -0.02145127760569715 0.9675279575750985 0.4377037594715506 0.1044111994820095 0.5870349189645193
20 460 220 100 -100 -0.16723769827932133 -0.13463141227537317 -0.005109400571393696 0.4158130990567733 0.8085199137567283 0.8391847929481228 0.9415616700398802
18 253 -500 120 25 -0.09170277304032876 -0.0244511265044402 0.10620756328617809 0.48885322976061896 0.5442575929026118 0.4835280714505761 0.4795045539347734
10 251 -400 -180 -50 -0.12347128418126713 0.09003749697275892 0.02866648297276919 0.22475324337027358 0.7317439394128558 0.3437698137450539 0.397855931053826
18 113 300 -20 -75 -0.10221998889291117 0.046789488131381396 0.07660731778985336 0.2646076396855632 0.9320209757179617 0.23463014981888008 0.0685540750899103
19 326 240 100 -125 -0.12200105868908245 0.11158941520049231 0.19086057104820608 0.009821833625514698 0.6286842223764381 0.47945638302583726 0.04997254612563862
16 383 360 80 -25 0.01746986854719551 -0.24031645337558094 -0.04145492361969094 0.29675190724656775 0.5495596072859423 0.0648029164120838 0.5091219779656184
19 61 -240 -100 100 -0.20480745273988638 -0.04405741634193844 0.20252050189018905 0.8157941029203767 0.5391979430775364 0.11227172075126224 0.40943233533029844
11 200 -180 -80 -75 0.10297579967559378 0.1271921420801741 -0.011597856583066224 0.8613590182302076 0.08633743627247914 0.8132613933508606 0.9876475744580694
17 343 440 0 75 0.09732415613341433 -0.12414190500668543 -0.02039686312480493 0.815938310574693 0.5386508715353023 0.4974196012102521 0.38209571429376776
12 139 -540 40 125 0.06516899887134031 -0.0998691405331587 -0.03739972789213292 0.6310398122618215 0.4556380368518087 0.836836124450603 0.5329982283297685
19 249 -240 60 -50 -0.12958685736321413 0.21376103061053248 0.05290108301133456 0.45980268706285166 0.1510061630729177 0.3838612120863185 0.18198050948556554
19 454 -600 20 0 -0.20701962899472542 -0.08021762160127038 0.22895979698895164 0.6947679206296213 0.16098016248817926 0.09638126890713672 0.2845000234956786
12 289 240 140 -100 0.12490294425326137 0.20171931226473827 -0.24712880926024783 0.9220565778922716 0.41356234633663647 0.44636724475539213 0.5664017497094006
10 458 -60 80 50 -0.04583772705822625 -0.05759169092358296 -0.09661891253155735 0.888092515215255 0.9629477123087463 0.06170716548215749 0.3298758647169924
20 208 -140 -40 75 0.2309195234121484 0.18823425323187953 0.15968724342993756 0.359245322561608 0.5358202096397239 0.7540054325209841 0.9579170920147675
10 252 80 -100 -25 0.045753418273561164 -0.08369417664933632 -0.22910029650584968 0.7599198336853801 0.39823411556312627 0.03677225695520181 0.4013284115160506
19 410 540 200 -100 -0.1844084027490292 0.010189561692823645 -0.19110832579921405 0.8335204115069248 0.38172659192015523 0.5857364069944712 0.2889289158386399
10 148 -280 -120 50 -0.028856075588789443 0.024346263396971435 0.025250253001341427 0.8335871029955024 0.6950001817700242 0.8679020987101005 0.833115623040338
20 355 -500 -160 -50 -0.20948363831475353 0.11060333883346757 -0.13310403543844213 0.508714795657124 0.6836095282873603 0.5505549166994161 0.6110533826899489
20 179 140 180 0 0.07615677254124537 -0.203069554445241 0.03904559392210416 0.5698109099525416 0.8126831649793173 0.338916179582633 0.7605482801262574
17 326 480 40 -125 0.07006409510421296 -0.003015114914805217 0.006449998301855331 0.3589593458485649 0.20479737583649815 0.5296708349926736 0.7373041248311247
18 9 -180 40 -75 -0.12253233161494709 0.05602635641875031 -0.22580282268320173 0.5347191099897465 0.7093744536162483 0.25680216708793546 0.14309514306000115
13 340 500 -20 0 -0.14858843633132773 -0.04120237445689373 -0.06730711486785435 0.6775720917364414 0.05278860670086072 0.5022043225544017 0.3453246104319815
17 271 -560 -120 -75 0.09717154166653003 -0.09439323068049665 0.11033661400523515 0.04945252750889628 0.4238548511989767 0.11051279241761514 0.8105083314045071
11 334 -300 -120 0 -0.23721409081258843 0.22583527682390764 -0.08820146264295109 0.7130112690116922 0.9504316191109206 0.16105710232816828 0.8965418405580642
15 21 -220 60 0 -0.06452296414470626 -0.15248949768953135 0.16134957095543012 0.21454325692774667 0.18052345427654237 0.5711584953912776 0.3455751580436419
11 109 -40 40 25 0.015735583648822216 -0.09040679980254634 0.01751792771869798 0.727012611361918 0.012713184746247719 0.3392261205324726 0.021173397699695173
13 339 120 200 -125 -0.15938453085115406 0.02563550742387899 -0.12032305742746208 0.47173938109527624 0.9679419749939147 0.26086711131520246 0.8028872539255104
11 222 220 -20 50 -0.04947219286786292 0.08661507616740466 0.15265992418839425 0.2185769014820349 0.08516154743784443 0.8640016265295907 0.8582878073315392
19 261 -420 -160 -25 -0.21124917247130603 0.19325108759345028 -0.21425554541830355 0.7542609451080386 0.08089754475332112 0.9990985251880844 0.8669133407983712
11 161 -300 120 0 -0.0711021935721079 0.09336854315770221 -0.13757701792816968 0.9523529522876143 0.7618737017603121 0.39469611380766845 0.4239936135687098
17 12 -260 -40 25 0.15203822280604445 -0.0867072564257777 0.04732755965343194 0.016947980121171713 0.9857311975382923 0.5939850271316447 0.8400215310685942
19 199 -280 0 50 -0.19565966315291006 -0.004396521898120509 0.239266493623425 0.1839376613000019 0.4721381717298013 0.688459817996168 0.14968056280067155
15 221 540 -140 25 0.1784386794666235 0.2221558479249755 -0.0986607615669381 0.07824785640457288 0.37664642765539647 0.9373252344498127 0.4412820692701027
18 286 380 -20 50 -0.21780629761389997 0.21211235618044116 0.10255238200299194 0.8218971960360258 0.5627982944097675 0.42119080921226915 0.2534068577979651
11 190 -400 100 75 0.07392317559270944 0.22901875632723223 -0.18332261492975915 0.8402524097886817 0.4710906734269463 0.36815471742270445 0.7521123689041688
14 442 360 180 -100 0.2034861742071582 0.13509411018777207 0.1253324070593091 0.8634287635063798 0.16422958372876661 0.7977019659573644 0.9550411772360131
15 299 500 120 -25 0.249150130538474 -0.07445654228895876 0.1936082439509036 0.5750171116033901 0.8090828086796451 0.914977913100772 0.9038706115513413
16 148 260 -100 25 0.08044831524854607 0.24231802370185218 0.16541887083171314 0.3209355353217138 0.4031748604411034 0.2931980917092717 0.05126174753174595
18 262 600 -20 125 -0.15921741980540488 -0.018374495299127325 -0.003707297003705534 0.39828510945711537 0.37131502310160036 0.9958995964725031 0.56814050042383
12 164 -140 -80 25 -0.035898449208596195 0.2464469395851256 -0.18497904336807441 0.4886799031471156 0.944785588496439 0.44992295088958945 0.7563923232105555
12 31 160 -100 -75 0.05818878270674449 -0.22883744234583347 0.20668493595081833 0.724578720147651 0.8743854594994007 0.48800955583175576 0.4782889539950502
14 260 -420 180 25 0.24234418291125015 -0.055387208376387664 -0.12534103457143714 0.0015589884601149295 0.13507735605044469 0.7336853881886413 0.45515918811155476
17 425 -560 120 75 0.1379819405453631 0.0815366654249915 0.03234125933352139 0.5170847732251929 0.40523748639242274 0.5663554137904983 0.15768368966692425
15 378 460 80 -25 0.09002385652885986 0.14950345923552683 0.2018546809659078 0.22466314087588313 0.2220006055717273 0.5170639668060959 0.19356163423675887
16 356 -300 100 25 -0.003145365755014451 -0.1717011619402189 0.09129316779482927 0.9819917159189159 0.9415736458723111 0.9773854507255508 0.8513982713071717
13 126 -360 200 0 0.19481846055276436 -0.19585391695106696 -0.06456754804382903 0.5481333016826837 0.16775114010070402 0.08074292288386775 0.12610725264546163
10 204 80 180 -125 0.1528857565632833 0.015308271159437226 -0.21090083424243378 0.11897480034133445 0.552875417496559 0.2042909382646778 0.26118714282291056
15 190 400 140 25 0.2248334365282093 -0.2210839151546259 0.15556160977987182 0.31206244942947625 0.7110249999719321 0.6557380674467043 0.2014207802245519
18 269 180 180 50 -0.1914228286009732 -0.1880322121808719 0.02861554738891736 0.05831701028605307 0.5066703610877145 0.06624811942630682 0.9268333894383384
19 480 -40 100 -125 0.2127490831521423 -0.21558372413192123 -0.06192652639190416 0.47872878823071663 0.014804777107665923 0.5659426944527547 0.8386921853467006
19 251 -240 -180 125 -0.20036569362616408 -0.2204524631711101 -0.06734841766363814 0.2894500693983111 0.30515061483234185 0.9950013951865002 0.9576674633601636
12 305 -580 -120 -25 -0.06234241086275727 -0.24471221044439573 -0.10462793745759674 0.6778320432831091 0.8825302998684633 0.5936225865518244 0.890176209536743
18 129 -500 -140 -125 0.08767560297223803 0.14175635484908355 0.03553137271199264 0.8189307725773988 0.7300512976855131 0.07782843333742284 0.8674895411788585
15 13 560 -80 25 -0.17666533374812654 0.10064137713616433 0.14452940948376763 0.36069476566862857 0.688388069830286 0.7816303668777307 0.8450027280657149
20 122 380 140 50 0.2444293693292443 -0.14161067345349598 0.24648949395468545 0.9394778673672075 0.043065763534421486 0.6701350309384193 0.5029907868535703
11 256 -440 -100 -125 -0.10737940727326156 -0.1248398928678891 0.1264403928684265 0.5511935492800599 0.13169053542164633 0.9964323647733033 0.555481397565425
15 30 -220 -140 25 0.22646590334888705 0.0774851096247417 0.13775449607992252 0.5119656682369719 0.4390793507327383 0.4804481092480323 0.9819722523719411
15 55 460 -160 25 0.12987796368080973 -0.05004047663379685 0.19930010206182747 0.20048278009129972 0.8035369452180389 0.24277643594689546 0.9748416046515797
14 178 -140 -140 -50 0.24129721591256953 -0.2371141188221101 -0.017115382265970425 0.08634685249336416 0.5020073389682663 0.7161126840138858 0.12307922408589966
13 23 -300 -200 75 0.0036669882611826687 0.17935612311767457 0.05406789123496908 0.6360661794102738 0.7662524231427867 0.8854185605282883 0.8688971982198382
20 217 120 60 -25 -0.06747496831406424 -0.04458644059919187 -0.08120511079739767 0.6390974403723849 0.6933685073247141 0.44762040328205455 0.11066513446229997
10 408 -560 -160 25 0.04681736173474005 -0.21230189207895372 0.08519188460614885 0.6663277608110397 0.9956577402554633 0.532169312974971 0.6680533637630887
10 274 -300 -40 0 -0.1679322762106829 0.19802202511218664 0.11889524167194926 0.2782028457387751 0.20572892222780936 0.9826149394788364 0.6761808048500714
11 236 440 -180 0 -0.10903251590603119 0.22912149515095204 0.2210242143522257 0.5032446732793929 0.8709785784380771 0.8713352440615523 0.17877528547220678
20 26 -480 -40 0 -0.23467166943947754 -0.13204030107150538 0.19641346230808143 0.1306604308325845 0.3537212289689967 0.11608347769580607 0.6746775444741498
14 494 560 -80 -100 -0.24078628245338168 -0.21452473227405933 0.21744221873021258 0.3696578887011037 0.1656967632770614 0.7990047434565253 0.03517189739107485
11 47 -260 -160 125 0.21748606554373845 0.0573468404354448 -0.2349860321071634 0.2816204198886445 0.5374066663264598 0.5596869416750635 0.9819456000814728
18 116 -20 200 75 -0.22335348891281975 -0.2410130850213491 -0.20216231875814333 0.7458060346088096 0.21553887815367145 0.4005195893308904 0.767124196274388
15 493 -60 180 -100 -0.21947959566213726 -0.24073889233441614 0.12490291124357028 0.43439641008040786 0.6626041309603162 0.8191559205350338 0.058902996841191824
10 304 460 -60 -50 0.21712683556667406 -0.13358823371308787 -0.026156980012889464 0.664631872231485 0.8418408963871876 0.9937535361135177 0.6622481068581982
16 250 180 140 100 0.24653013963475462 0.17923945674119435 -0.0383837368142711 0.2515407653656394 0.08843252087677611 0.16669527463604306 0.2565081901131372
13 177 220 -100 50 -0.13356833886968128 -0.02427744283114508 -0.0688135201925224 0.5902600291832623 0.1220027009198481 0.9454155588320045 0.3691249242015914
17 319 440 180 -75 -0.058758369232858876 -0.18302028599343362 0.08919913032195809 0.7388238737709417 0.2773485106710347 0.27166602033345066 0.6969737570205525
10 328 180 80 -25 0.14100071923405094 0.06345945385450563 0.1906659933514228 0.8456980402519806 0.23056889563183358 0.5479995802596926 0.11502913346027299
13 6 600 -180 25 0.17121969817908317 0.226178976320017 -0.12320217866899597 0.5709998224464194 0.3270436816192217 0.15785978417842406 0.6661396034175796
14 325 340 40 125 -0.1021824340224361 -0.07219431918061925 0.12881572804507652 0.03998968130087288 0.43226910202883473 0.17206755655118722 0.7889322151653352
16 14 -140 0 75 0.10086779211203717 -0.07686778733082017 -0.05337631123689335 0.9313379105871128 0.5528887576515887 0.844148061510513 0.7299251841086174
19 297 380 -100 0 0.09300729391723911 0.21625477654107422 -0.1869260759326144 0.461847205545901 0.6649603834089585 0.15776518470873313 0.7077091207703808
12 297 340 -180 0 -0.05449241280996392 0.06909848931508139 -0.03058453002927508 0.9448838041354433 0.16088986882941492 0.9111613261452006 0.33232970244060034
11 272 -160 0 -25 -0.13774276209801994 -0.19828904856413088 0.19917189909223382 0.11569655947315327 0.39389918139521884 0.9459176949690088 0.3994261392149774
16 453 -120 120 0 0.019973459266531324 0.23073703234294768 0.1467925150364779 0.8151666620348876 0.3689245270477295 0.6023416942808945 0.8945014934272665
20 172 180 -120 125 0.16580300036953588 0.08739793783389432 0.24465162180728478 0.5030721175570618 0.6998180638849603 0.5400669130433065 0.5063811616082227
17 178 120 -120 -100 0.1761896321004255 0.18709642757804867 0.028319580721636317 0.2666893413710859 0.5144997140805316 0.6626436951399067 0.3246976088811506
11 441 360 180 -25 -0.06848877667117914 -0.22822338841572987 0.22880697192578314 0.6890441209768472 0.41498029197232944 0.6876017361184594 0.758980658007659
19 139 -120 -180 50 0.14635230729629872 -0.14074859271899853 -0.05832223195412639 0.19737459921874234 0.7034503359327481 0.9392181682430508 0.4514133245003106
14 493 420 40 0 -0.22661017923232496 0.04257990887054286 -0.09148299741127247 0.4026317621519484 0.6232607853062379 0.5062161114053034 0.10888325312403246
19 69 20 20 75 -0.1503017448385473 0.11507333120229635 -0.11326234789214629 0.19160884829928537 0.24388467187189045 0.461023637756625 0.1591650807531012
19 233 520 -40 -125 0.08920608212715592 -0.225621902718262 -0.015893732836718688 0.218013406332492 0.9043670215456766 0.033936388983125565 0.10255013339545616
16 186 340 80 -75 -0.07212094797339613 0.11535370224377794 -0.026932523428198185 0.8775400497193262 0.03657933980649475 0.061687150881622244 0.005218340663475929
12 135 -520 -200 -125 -0.1573540003243673 -0.0349866021507092 0.18394358709240138 0.7341225630476879 0.6877142299492148 0.6091426632396011 0.6474493434381495
14 232 300 20 -125 -0.0104746345314633 0.0003473559653919822 -0.08523143863770388 0.7199961163463284 0.1785907793337611 0.3393992997685852 0.5407877559689256
11 100 80 -40 50 0.09379122554706021 -0.06611738818366297 0.04659074602380736 0.9211620527494058 0.5062240976120516 0.0037749175456854855 0.02607979145390249
19 127 -40 0 100 0.05573706333483369 0.12737997174849136 0.14601054772124983 0.5551688612943518 0.756274257922827 0.5482306759261875 0.8135350267337556
10 296 -480 20 50 -0.07423132469566518 0.1423074864405618 0.04653587735754089 0.06501510186540549 0.3457045982973682 0.3517415111744866 0.21991948909644965
16 395 320 200 75 -0.09509189522888911 -0.05153773203800366 -0.17428925553634544 0.1349395169303813 0.7782487649851649 0.14159563269573172 0.5574305905701431
10 56 -320 -20 -100 0.2103187182663202 0.24735295024603082 -0.2135897949893616 0.12523449844957057 0.1603143768733586 0.08654035498291834 0.6186162810965146
18 69 440 -120 100 -0.23183047003930052 -0.09167535713364999 0.13241109114821037 0.22140101516134714 0.8625398605240504 0.42823838929471036 0.4885795542320177
16 143 280 160 -125 -0.21207574191585105 0.23817383624835903 0.04547940562890246 0.5697382149230147 0.44062496860462186 0.8978248340139628 0.8755388896624503
11 119 -460 -180 -100 0.08312157421720345 -0.13026100690174558 -0.18412795087577605 0.39758929962710354 0.8959497970945468 0.9572986760848645 0.22022390998428287
16 175 400 140 0 0.1978703657577064 0.1119210742250688 0.15279866193633052 0.30993920322549573 0.8491249303871047 0.3664565174565404 0.10304144309694185
11 276 500 180 75 -0.1462743219860117 -0.13231073354454642 0.03942481531048231 0.05768859256452086 0.03613857621622507 0.19382082081761942 0.23901798226966153
20 68 -360 180 -100 -0.121911704612574 0.008606715448801427 -0.061664951139718926 0.18551508652598614 0.44791793396769364 0.81158459158009 0.8786107091594476
14 475 20 -60 25 -0.038428416578614955 0.22685365676785024 0.06094594634975564 0.22755755126207833 0.13327423930468096 0.7564874202006696 0.014496629751679313
19 416 -560 -200 0 0.08135611036997059 0.060853941076866036 0.0309672144783687 0.08238252463609885 0.8324676889769749 0.8163145885575356 0.8591302453673384
15 21 300 -140 -125 0.0008144677975673864 -0.056854199457562093 -0.237556672912959 0.7296928901916794 0.644247787962907 0.7183501164333196 0.42054268291656804
11 85 -260 160 100 -0.24368120865139997 0.213893659349973 0.030955508151400357 0.6423892984376666 0.18419049359239703 0.9949381340435403 0.3192697255461847
10 262 480 -80 -75 -0.13630236477160207 -0.13710079167644246 -0.230208271044946 0.7309681075086929 0.7926000851701634 0.6407828326270009 0.8927343163626795
16 416 0 -140 -75 0.12079267562479595 -0.16230516666633416 -0.008743610007834857 0.299698462565564 0.23282070687053502 0.7110625015819108 0.012111733559323379
20 181 -100 100 125 -0.2364465382981935 0.2314628907843712 0.13481431235157226 0.9712519694761604 0.041129959091281254 0.32209454181701536 0.3202429060341022
11 28 440 -60 -100 0.007683260542804382 0.23873861829417625 0.1909668104138254 0.2378196878897536 0.5397240927920156 0.9319726278214312 0.15022633485481074
15 294 520 -120 -125 0.1505797220744729 -0.06334278889641864 0.10756330206463838 0.4362151880176167 0.4822376213513716 0.0897107072839618 0.6317565184366646
12 39 -520 120 0 0.24173043206051265 0.015115614531509891 0.04077050557230466 0.009933647104700238 0.4281404683351552 0.07824397812390727 0.7329771347983407
16 186 -480 200 0 0.047100475137958675 0.18623599891208475 -0.0005731099145004914 0.04033313506006553 0.2436537171603238 0.2268518125971184 0.4802686174104789
18 482 -300 -160 25 0.008115173950160814 -0.21908744091967014 0.1504729539446687 0.11192556418758293 0.11919037079359418 0.9698222123660045 0.350711903689118
10 203 -500 60 -50 0.21566213908776355 0.18681678629022608 0.042154427329512634 0.5153037881194444 0.9282585536267146 0.039282746943028024 0.5113017925571235
18 176 440 140 0 -0.1643350576556699 -0.0476648728101412 0.15886905314558852 0.14222682355072924 0.7684742013278878 0.8609747795849443 0.4457331888870668
14 253 -140 -140 50 -0.037462418994504476 -0.12050414562247169 -0.11184487793561698 0.30632995631491267 0.0054988028816741474 0.661684885931922 0.3475237390594297
19 430 -120 -140 -100 -0.20930382830174132 0.1916553745530789 -0.0790549177373785 0.6074830253909248 0.8380450140250633 0.6339532868936377 0.9875126958053431
15 4 -100 -40 -50 -0.020221878160030682 0.2455099918231251 0.24706476792808407 0.9482505395834088 0.9805930877260977 0.7997625151908079 0.3856059046084279
12 434 -580 -20 -50 0.18041111083741568 0.23238068627420977 0.032191136095435335 0.277958891741127 0.962329351453922 0.9525470313821222 0.372854422431254
16 261 -180 -80 75 0.08794767147779148 0.08879468842914384 0.14806669301279501 0.8870682553364999 0.8789319499496834 0.16956702151499115 0.15766604914988203
16 463 380 -160 125 0.05756753482340893 0.1669248932535941 0.012354981173404167 0.5491610841659882 0.6472928225622786 0.4454373467997853 0.23580981897637532
12 172 580 -200 0 -0.0006672102682259706 0.06074804254486216 0.12181101915298825 0.7374942676915207 0.8840320513813225 0.28382352471791883 0.7296299310099421
17 387 200 -200 -25 -0.067613527985105 -0.027150539127430484 -0.2033942234441543 0.8531172770792977 0.656542520569872 0.23837951319044792 0.8139197080202142
13 357 120 20 -100 -0.2451306796151294 -0.1566119999424086 0.18542678024886466 0.17804662327260945 0.8654598616374006 0.5313766189817668 0.9632707799634981
11 276 420 -200 -125 0.19627849682175524 -0.1419848213827048 -0.04663623320238158 0.24440792045056914 0.15213060432263747 0.32056744475375565 0.06367321037566187
11 64 -100 20 -50 0.05240763907894097 -0.1334443550388894 0.10727949704426382 0.08444694431783739 0.8423602518263831 0.13491043419338067 0.24319609639480388
17 115 -40 140 -25 -0.1509571262227255 -0.08314682281021729 -0.006177264119051673 0.5058198571324338 0.7548376913503106 0.1941145151392505 0.4670172014089127
19 43 -40 0 -50 0.11857532224001271 0.040390085170058376 -0.23992767864452086 0.39260596290035354 0.6164599256277608 0.07137951557668787 0.2481210295020504
20 262 560 -140 75 0.18587471533125394 -0.1755587134072265 0.023808293368198508 0.957762038305884 0.840307365625551 0.2518007541271049 0.6953909802644291
20 62 460 80 0 -0.11262212825221635 -0.05341717983712385 -0.2322943725520718 0.5077180896591985 0.6379271328723903 0.07314385504924492 0.4406756934268349
15 359 180 -40 0 -0.12400835133115179 -0.21387411865468053 0.10453434620859364 0.19680537698756706 0.06937522427565612 0.14931873672379614 0.2829456577024869
16 274 -520 200 125 -0.09637604555853174 0.022713437275629633 0.21123173448094723 0.016130149628769463 0.9587389414449076 0.8668971414319206 0.37008747091275274
18 229 20 200 -125 0.1428999367246025 -0.04775964032476171 -0.16266665478254994 0.13502640595735171 0.5324035666980188 0.7943479908515283 0.33646182672058966
13 114 -100 160 0 0.19898131002857816 0.1419902491627359 0.0788293606975794 0.541202961021045 0.8574187620267552 0.6809002404653332 0.36275726547589715
11 9 100 40 -50 -0.008635208493690205 0.162377224191262 -0.20737455263888926 0.7775026449800088 0.6621176988880377 0.9297898830465288 0.14358772481042037
14 14 520 0 -125 -0.17439027078393482 -0.09542044962324553 -0.2212941298961894 0.09165187666377472 0.661772112514737 0.9937007734958558 0.10496441212388674
10 69 -540 -140 -75 0.17399910103513738 0.00512234466002881 -0.1747171357714421 0.8318958415923027 0.8202524090237042 0.4740145236110126 0.8607424111207034
18 90 220 -140 100 -0.18300750387170672 0.2044037179244958 0.0367476513509567 0.13932281903204102 0.12085530234259045 0.7663357889528473 0.7769433581217624
18 203 -200 140 0 0.22312267553256288 -0.18861942000954462 -0.017826593288523818 0.7652755996016887 0.18180707834416565 0.8657171218419402 0.785753545117528
15 46 -40 -80 125 0.15009667114341718 0.07549848072067311 -0.20224055644594463 0.2471060222002136 0.8151788229777646 0.883403691023136 0.3479204757086076
15 425 320 100 -25 0.07490685858361573 -0.12747435076124042 0.17200576075963087 0.3855433441035626 0.21581492087538157 0.6389570300187116 0.6890001594442574
20 207 -60 180 -50 -0.24706224227472157 -0.046069277540375486 -0.16514604545555445 0.7780396921764299 0.7119690131207167 0.3627786179182777 0.4108847785165649
13 183 340 180 -125 0.23043713692001855 0.089666559241524 -0.19692215812745978 0.49799071643521564 0.7700221314921684 0.9297448135104388 0.42166085999296576
13 397 -140 0 25 0.19765148671444382 0.07991497341534975 -0.17018579821475427 0.6401944517362783 0.8447595580389403 0.5994303813866689 0.5910810764647624
18 237 -120 -120 50 0.16836225916991593 -0.09051171846663297 -0.16091933123739166 0.9071066866545537 0.2296421595200252 0.583257485546163 0.09386677100180907
15 167 -500 -20 -25 0.21933226766126535 0.15624909415628008 0.20766795282886213 0.3851589854240529 0.5293749984966825 0.4686512051809182 0.3106922732855212
19 368 200 200 50 0.017923604078651068 -0.13773655121062778 -0.1801582454323779 0.6390319613155749 0.17676575299857955 0.37926672724006594 0.44556662336379727
16 130 120 0 75 -0.19959661489257174 0.1995940225293209 -0.2156797826113152 0.20963421111724667 0.0044769596251803545 0.3008295684567631 0.5425530215061448
19 209 80 60 -50 0.026145831642432726 0.08842526782510096 -0.190637123617744 0.037282191314706004 0.6846545134559133 0.13540490200951139 0.7242804891591216
14 119 140 80 25 0.07785605962129843 0.017596124940858604 0.1999316095272608 0.5539027389113427 0.3651203106004376 0.3699969394114476 0.8153322371839778
17 68 380 140 0 -0.11964827653898136 -0.16431166270041614 -0.013687346683917856 0.700215312006078 0.031070599661888965 0.505818584208875 0.4685749455526965
14 105 -460 200 -50 -0.07074002930915074 0.05619599181227436 -0.2468854544500742 0.8423156750242988 0.8138030600677746 0.19556984589312842 0.7871744504988634
12 79 -140 140 50 0.085572783197428 -0.020815013792834236 0.1880334091667502 0.8619164765046126 0.9979356441052313 0.005615690640190851 0.365297994551088
15 201 180 -160 50 -0.10894699380262202 -0.12268074595223205 -0.04400279141608204 0.9292872754456597 0.8996805077698709 0.4866959125513618 0.8257728206447292
20 156 220 -60 100 0.1134374189756383 -0.10437952516431959 -0.031483565002695446 0.7697019528429424 0.02320147164287445 0.6584063242518752 0.3632308139959294
10 331 -340 140 50 0.02427739105140514 0.07712203771257065 0.12401863410094421 0.46595824931012597 0.6660683394073202 0.2729041254635577 0.3625081121609445
17 484 520 40 -25 -0.06022915099564047 -0.06953900412338465 -0.023351713467474555 0.15223541797700857 0.12816630821734465 0.8379968766716462 0.3783867360684081
10 430 -140 -60 100 0.1515117213129915 -0.11822879215650611 0.10135476944993432 0.3312892953224724 0.6402651872823829 0.754103646049798 0.6543255515362536
12 36 120 20 -50 0.11511810729144606 0.14731826393822955 0.11358321984449721 0.7853011856046089 0.10141477894141693 0.5526407161653208 0.19033649970764388
18 409 460 100 100 -0.14760708898024788 -0.008484780857015206 0.022677526545519522 0.7413555649371613 0.3248489638355775 0.013027562497324174 0.0453369195879878
17 213 -200 -160 75 -0.12469980814703968 0.05135508741747219 -0.23138113032707902 0.3424744422066579 0.8474085711249862 0.7519719764047202 0.44558581264896235
12 461 -420 0 -100 0.13286096920947438 0.14228026351355855 -0.05057394490415412 0.21722656866610246 0.14181162817989101 0.8970383787500075 0.05596621652871803
12 15 -320 80 75 -0.06812712004842808 0.22665877890535863 -0.0211406917809821 0.4085125046288839 0.3851773342397805 0.6399627848423944 0.7134100829911427
11 390 -300 80 -50 -0.24810281115873523 -0.005676570267450887 -0.007978910322838928 0.4677720683827429 0.3812886815493506 0.10912992768707452 0.40668960825055867
11 469 520 180 50 -0.2041948380753329 0.022551564986683814 0.21846900713355571 0.21832195228768592 0.46056307040658606 0.14906373225085146 0.9848558906689711
18 67 420 -20 125 0.035428077364260735 -0.046673322697499464 -0.014544975062709298 0.6443010796470621 0.7211791052362896 0.07344710877113692 0.20995189691449267
20 188 540 -140 -25 -0.16921664344802134 0.22548614447984627 0.003933816639333343 0.06593084461645726 0.2827356134832084 0.4467458046099939 0.3599472427666556
19 325 -400 120 75 -0.047677097273927216 0.03704940960544839 -0.24960505294396906 0.2276005535120429 0.6557362417879294 0.2217904253649361 0.6784549554116968
11 162 440 140 100 -0.11853134201916138 0.12965296767725593 -0.03992453671588886 0.15231474084257557 0.5775357668660903 0.09909466266118727 0.707587950527123
