0.5 412
10 132 580 20 -25 0.06355264848977443 -0.07558262819089351 0.05968817205963606 0.025310179480159567 0.09373164547858459 0.7330262344997903 0.6258022603805629
17 390 -440 -160 -25 -0.10248434641870335 -0.018650981559045487 0.19590756196197917 0.028146449723042144 0.9216873979385257 0.17068056488180694 0.21989039102343721
11 154 -100 180 100 -0.06468211238933586 0.047130005471751335 0.012784234279636597 0.4126181538994961 0.9387871033599192 0.9415752113072025 0.0455172262868091
17 423 -520 -60 -75 0.06251308835048319 -0.03375288161596579 0.1442160335674203 0.4935536622751663 0.05793878646419948 0.5333387076878701 0.7089474042933899
17 350 -260 40 -125 -0.010840562148671351 0.09973663150916617 -0.11596116161851772 0.7087923326810827 0.6702155954733916 0.5786318250514438 0.5838891935203324
18 437 400 -40 -75 0.07321411680531598 -0.06947510944270147 0.030498403499054194 0.2793997161167602 0.9387569075097795 0.8152546361201285 0.24878808683116416
10 117 -160 -60 0 0.021869645291656414 -0.21613495561814683 -0.11740613807857175 0.16364119977174918 0.051932597427904015 0.9432203659391457 0.2593066601031613
11 43 600 100 0 -0.1289074470472425 0.1707177030563169 0.21920489631770512 0.9684120703990775 0.5645492147877923 0.09650193408110297 0.39518007735145133
19 301 160 140 50 0.18163903114244 -0.19566286611959544 0.09860351197472017 0.8216958323661242 0.3840427353474619 0.08436745477707397 0.3851957148983308
19 500 -600 60 -75 -0.014938523528025716 -0.11146012504131725 -0.023505792966849126 0.2923714328613978 0.14632032713012155 0.18815437987873507 0.38444521581197977
20 358 540 80 75 0.13697170064915243 0.18589636306447782 0.24166315218764267 0.4988203330148334 0.24550321611799963 0.43707389478106506 0.9952824831531978
11 146 -340 -20 -50 -0.13539318678264745 0.22248339154813118 -0.1696411558095553 0.9789599781238024 0.2628468394847242 0.6972105846416333 0.5622210955689273
11 88 -40 160 50 -0.011059187061871978 0.052335351805531616 0.004937247234685471 0.1283477897233557 0.5211084493085554 0.008544162150059154 0.3380398278771226
13 282 -420 -100 -75 0.12915406742989477 -0.16448963435882136 0.07725070167684839 0.03707602583854741 0.866117924568632 0.4613021422016914 0.011684809883686031
14 283 -40 40 50 0.11692333955752593 0.053746619044939714 0.12448392189388974 0.6743309539476606 0.08129605736209455 0.24017271511784244 0.7784465383393983
19 4 360 -160 50 -0.0016427190204318376 0.01728163803219268 0.15032049044560453 0.9531510934313648 0.013608078726821682 0.8811411764393421 0.9025482847645845
19 215 340 -120 -25 -0.0730847056612991 -0.05007531432203011 0.23264570792144007 0.5250937294907476 0.4733544235022945 0.6742833519120763 0.5174036536095101
16 253 -380 -120 -50 0.22286461177902855 -0.04184131465872154 0.07130998710640357 0.4892033953266782 0.961367790435624 0.7919500606990383 0.14011923281377736
11 28 60 -60 125 0.23492547211199405 0.19326768229519986 0.144540012361619 0.28167503692331397 0.9877046349691746 0.3140943706325179 0.9169866858066653
17 413 340 -80 -125 -0.24772934896908166 0.2456023050919317 -0.12997882292180118 0.056072919885786776 0.907449719214209 0.01284235883180751 0.5516049897255194
17 374 -400 0 -125 -0.1171134157893936 0.16995869167382005 0.1716475987301983 0.9616648246864374 0.17157731018263378 0.9422147439074389 0.1990558062126846
10 456 240 160 -125 0.2493472247784314 0.023002205450749547 0.0561108055120757 0.20663431989374492 0.23533740409461168 0.08458202239295065 0.9942835988976483
10 475 180 -160 75 0.22133005322174565 0.15674322343501124 0.059380599623297114 0.2569778195869533 0.3880284251782332 0.056875974878398905 0.31725705342786625
20 205 600 -20 -25 -0.12074140828915814 -0.2082051711667992 -0.18706322162197164 0.7904925224133023 0.35642067246018805 0.698438317314998 0.4118114660166454
13 344 240 -100 -100 -0.2248029991831363 0.15823886024935313 0.1271172174890814 0.049512374154942695 0.9899620456343977 0.16928011467771087 0.07935750723946733
14 368 -20 40 -125 -0.23166436389191125 -0.054836768176643735 0.16981775281492945 0.22458457508572205 0.5003310159944877 0.08219700892624482 0.3691844119694391
13 93 200 0 25 0.1722510454122297 0.060641006966646316 -0.1662739099760887 0.9284718936255263 0.3871258621189907 0.35908678063386057 0.011689824098957913
16 104 340 20 50 0.15802135798129807 -0.22447539879304113 -0.1041959690541931 0.683721878439629 0.13760511199899628 0.1960307735977891 0.44940478062873657
19 272 -20 -120 25 -0.18010745684816004 0.06418885875170227 -0.1837691038963704 0.715679202567213 0.7062461361861739 0.8183047564220827 0.9138368174314587
17 321 -40 -200 0 -0.0034929869877941555 0.05989606255441793 0.05122401566076351 0.46829266034235295 0.48090832127515104 0.5597677896905467 0.4061498171679162
17 46 40 -160 -100 -0.06439833515201715 0.230661220519418 -0.1222598548827491 0.8687029341144532 0.6792530909367104 0.19267909700850638 0.9896944473159528
18 119 -280 100 -75 0.19229198603239406 -0.03814552058559656 -0.09110210339104297 0.6812710597210169 0.43971878434884126 0.5047434759537297 0.8405166186445239
17 23 -160 -180 -75 -0.043059671124604404 -0.15991509801101006 -0.1829237025567323 0.6452591119323117 0.4764059456752495 0.8285469838652093 0.895107154495533
16 467 440 160 -50 0.1241427932003138 -0.05267448773190947 0.027220845775437097 0.2988741649617891 0.5797347505262618 0.5268251139784721 0.0619482409935338
17 229 460 80 -50 0.23257641694317266 0.19303743080616115 0.23095336440167408 0.6553819120255193 0.8614681286708128 0.2744427349863029 0.6048139839046793
16 52 140 -80 -100 -0.0658463635155585 0.01874099091031034 -0.1745777556070856 0.49102209825634735 0.294645139151012 0.5123556868100265 0.12907071827971273
17 12 100 120 -125 -0.08072780949325714 -0.21396010511481983 0.07727094134860157 0.8986591857012444 0.7295463951301928 0.40739833407082415 0.3014439032933047
14 231 -220 -180 -100 -0.08803429777883837 -0.1964572996987044 -0.0026295622500103755 0.6173814378050273 0.44193898782489105 0.5095257091402827 0.9753353962555262
13 225 -140 40 50 0.10980884001719982 0.05171091263658634 -0.16874922439498768 0.7599399836695745 0.8184219273080328 0.32297255397756486 0.9867166845250074
17 57 200 100 50 0.11772287855672092 0.10392307842191373 -0.20078639831354173 0.6242503575275753 0.004778662038740222 0.4475150459755963 0.6736209788086298
10 24 -60 180 50 -0.023691304006302705 0.09519234391903342 0.11521452342433025 0.04447114458915058 0.7726654519079866 0.9819872583674931 0.09926377342447457
12 286 -260 -80 0 -0.24747688199907575 -0.13266528975090186 -0.172551088453322 0.7568683976984494 0.5942116258310578 0.5803102323172925 0.9770782634459344
17 438 400 160 100 -0.06803381880178888 -0.24138394859954787 0.03548210052244427 0.2646512267353207 0.5286172277275698 0.44114095582357016 0.6456079578817961
16 108 -580 140 0 -0.07414455229796951 0.2490162654739046 -0.14502460743916246 0.6033256907239614 0.8689633088962571 0.30947328592545276 0.3710431234171502
16 222 -420 160 0 -0.21784052898694223 -0.03646895734447053 0.08020934960718173 0.19238622984028564 0.3618856380494786 0.7600214489495827 0.9500211777662758
11 224 200 60 100 -0.09440472777873521 0.22333573060673118 0.07514361268523506 0.7072238562288639 0.9272928613363466 0.8487967338165152 0.1511661028560234
20 79 480 -160 -75 -0.12658545415746159 0.011417492207050461 -0.1650161855345339 0.8738486290590942 0.08967164045982723 0.7738655156514387 0.44783847558972933
15 329 260 -180 100 -0.21714743615223236 0.007014385847629201 -0.0022962050077084406 0.28460035711857523 0.5121295527860057 0.761040572863606 0.9256502328544451
20 155 300 -200 100 0.1346676660439986 -0.015637738860477923 -0.24846712187671216 0.6053216570677158 0.9155134052364106 0.41309120635953067 0.25165144508714354
10 357 120 -20 25 0.14923770789734953 -0.21256402226513033 -0.11404228132551408 0.6006453298101114 0.16128900010418157 0.71875833578332 0.23306755139631363
10 386 360 120 100 0.13799146047567534 -0.09549934818448003 -0.1955041562346404 0.46808989813980184 0.34370713908382744 0.2075274027581353 0.8853192748710407
13 345 440 80 -25 0.057173679046167214 -0.21506088876027496 -0.057750746450164536 0.6546625938986513 0.5874553883774567 0.9183870709988209 0.5121597612512065
17 274 -60 120 -25 0.14920445537789118 -0.11878393596491493 -0.013915428902148419 0.8434594902953959 0.7657491780577182 0.24511542632633687 0.5986866711673389
15 482 260 60 -50 -0.12502097109752824 0.1626466437318011 0.1904520813966344 0.6351995474047049 0.8067898239495124 0.05527407671377105 0.8867228640051421
15 259 40 -80 125 -0.070457692076902 -0.056545397876544334 0.1246544249500422 0.7459274808704432 0.003941832532834533 0.686695213062627 0.01906500268047573
17 368 380 -140 0 -0.2405909351278973 0.10329261184521105 0.13207983669452922 0.6596380475431721 0.16457352036655581 0.19368011111741157 0.3634329652486403
11 447 -440 0 100 0.1439203758396433 -0.0925984820443444 -0.08119671549711915 0.34395383936674084 0.38513677732038176 0.07625375553846625 0.05886710473916057
14 368 -140 20 -125 -0.2190620305385742 -0.011213267795185056 -0.16994433268957648 0.1934499687956045 0.6863939558674844 0.48992798469236953 0.37549867683235305
17 130 400 20 25 0.034097227669043995 -0.09519229717046807 -0.16738550986866457 0.538855031617106 0.0247752131794573 0.5844577148673473 0.5337076214010975
13 35 140 80 125 0.17457121041935997 0.1331743847112919 0.1030355897359434 0.1821346952728441 0.7360629241384066 0.7085295992007165 0.6220011181130597
12 386 400 140 25 0.16195428645805227 0.001258293019951895 -0.026392780255910298 0.6743428144627067 0.05573359509609066 0.7734563756261209 0.04401124094049269
10 174 280 140 -75 -0.11385185017320976 -0.14469865780855806 -0.11859794914119814 0.986655883680976 0.7829024416842538 0.2261948800166571 0.2725193901053655
12 301 340 -20 125 0.23093772265268214 0.13274038314123998 -0.21293882904762768 0.7404718717516484 0.23085319042385732 0.8016050618692377 0.9156975547478805
11 405 -160 160 -125 0.045816328976133136 -0.0014732315576029276 0.23933725846219495 0.4534919262577831 0.6262371655787377 0.5779830817867968 0.8971532088635343
17 129 -260 180 -125 -0.08444022846187527 -0.20381511492023335 -0.00395757244840983 0.3455852026890076 0.08784892120773236 0.0710120223990447 0.4781861862342811
12 268 -440 80 75 0.03036259731472679 0.0877666317274699 -0.0657501098950643 0.9356100486213036 0.3043042897225703 0.3437606148252196 0.6477794199983475
11 473 -120 -20 0 -0.11735486470305723 0.1500753948483466 0.061211889943059705 0.4403355188975796 0.7537708389704914 0.9332775916913907 0.32214473820004197
13 163 -440 -120 -75 0.17071462656072628 -0.18320024651126693 -0.0484100351941944 0.09087279930527048 0.40810123244686836 0.08767207026270507 0.8996939368155958
15 44 520 20 50 0.061772222161335155 -0.08453620889988295 -0.12628650756687182 0.8178966858974236 0.9353969861937483 0.26943173201086645 0.12213403521853172
16 388 380 0 -50 0.09381975097526735 0.08317474107348904 0.15454303560749805 0.2508465119788741 0.2398118367012142 0.7665493921327537 0.523876102488422
10 162 -600 -40 50 0.10316408797843735 -0.040900275336425373 -0.0719913725841883 0.9704493020182722 0.38047336103570206 0.4411945227447016 0.6834986193620787
10 293 600 80 100 0.06273059126037317 0.22908922804146264 0.21417217059113486 0.07561578680333114 0.9319729807623196 0.32836903566739206 0.8734189717832367
11 281 -540 20 125 -0.06185752625541213 0.05559739757269838 0.015979660212650737 0.6743961442836913 0.49506908333400257 0.7375922213648004 0.6845491101720157
14 482 280 80 -100 -0.177319149269615 0.04521872822119244 0.009645844279880522 0.32503097538350934 0.5882989552935597 0.7188418380834569 0.7906540123564881
11 485 -380 180 -50 0.10632767016440442 -0.14987547755027386 -0.005267449786555245 0.4343084231148948 0.4286981119870401 0.7140300425572269 0.4620016097115044
16 168 -160 120 25 -0.13061755278769982 0.03168580184292841 0.1863288456127623 0.5144906070780132 0.9686264135625637 0.5548429662295664 0.2656848830856333
17 130 -200 -40 125 0.1486618493319795 -0.20004591192315285 -0.029827829209511325 0.3927083093755719 0.14963887943800336 0.4682208022737153 0.5122494743710077
19 297 160 -40 75 0.23426079342400657 -0.198315406592195 -0.06144913918259687 0.7812399186399185 0.7338927245165702 0.4981962337973791 0.39650722259032134
13 313 -240 140 125 0.07514583740189429 0.14949769150779663 -0.07205866042052456 0.3721297554933831 0.9571456376521809 0.6046706631229424 0.002172586714089819
12 254 180 200 -125 -0.048978174114358286 -0.16085773888607713 0.18864425749477115 0.8043913959557366 0.34837768056336105 0.16045082957174517 0.2779817929870475
17 17 580 -140 75 0.1766459865714819 -0.16040201653890535 0.2350932166241832 0.42229972685749695 0.16735843569343012 0.8839444209412798 0.19718961808039037
18 441 520 0 -50 0.04145416046267503 -0.1736514778282675 0.06989442168093091 0.6145045131529789 0.25324427354665413 0.45606632737066155 0.3333908023089662
17 253 -520 -120 75 0.06855519900044121 -0.020736434213636745 0.051933798195065106 0.22190523125894746 0.4161743366425642 0.19528317566876607 0.3162318496844426
12 245 -580 -80 -75 -0.13858832619407802 0.03035354170500587 -0.2281600758386239 0.917448590949993 0.6740603094492824 0.8035632663743235 0.3392604274280224
15 357 580 80 -25 0.0485496987723078 -0.18396801086116393 0.23962985027043726 0.05814803918470546 0.5673719034487383 0.8764984509503542 0.8665372751064819
19 125 460 0 50 0.07963055732089125 0.006041710024659197 -0.15130954106871541 0.6230375313134721 0.01217854070188329 0.9870727066430672 0.11860967496793384
17 139 500 -180 -100 0.12617846793390342 0.14646066205840208 -0.15031487001941707 0.5868842592669786 0.2606330223510245 0.5769424270265574 0.29188285882934406
17 230 600 20 50 0.09746521858961266 0.03205692875078314 -0.08792476462310195 0.28391876814364336 0.16515229623793615 0.986521487660411 0.8863232854161652
18 11 220 -80 -50 -0.03086449699933308 0.10505713194699556 0.11985157289076243 0.6088054160041904 0.8828791851133656 0.2725544261526771 0.01731883211241325
20 301 -100 180 -50 -0.19372839700199745 0.03507510276800746 -0.05255859157924586 0.8100493373739119 0.17477781569994089 0.4737868532537568 0.27585141510674394
18 257 500 -180 75 -0.02352895626259155 0.13484096143736002 0.026234193576011255 0.6058997771708378 0.9063744205483578 0.0037893691390028517 0.2228158802337744
19 27 -440 160 -50 -0.20967414281145297 0.17879896280088187 0.1925301295252082 0.2205395969497146 0.03119355051828021 0.8623633605932872 0.971456644596935
12 277 580 180 100 0.10245824102764878 0.16757597592036666 -0.2277079667726027 0.835538492351404 0.6961163392483021 0.8274368161886732 0.6359366238147753
15 424 340 140 50 -0.14131566342170299 -0.07542854407420974 -0.08353266795486453 0.7735874514353779 0.037238809716352295 0.440658707325014 0.7330605226213457
11 386 -340 180 50 -0.138803000889271 -0.19513309027576103 -0.16869115100634707 0.18498672900037605 0.6440498017782452 0.5560718711672006 0.24358313030010847
13 381 400 20 -25 0.16985067091156952 0.11502827895876166 -0.21188187429340766 0.30575086598371815 0.5263579060382408 0.371285054289186 0.42060722957816965
11 163 -580 40 -75 0.14351837677705853 -0.025692770650121266 0.02910328187093869 0.5328933194604218 0.024412299467306164 0.19713577979526709 0.9743790045317595
16 324 300 -80 0 -0.17737887142571718 -0.1551436451922878 0.17058379664048534 0.5694223095794031 0.8748872169734355 0.03154795766150731 0.7523301194413528
16 202 -360 -60 -25 -0.1452756931304297 0.23567589634907793 -0.20148969355255208 0.8947251187532282 0.8869581751121433 0.7178859085681708 0.8828332364053452
19 493 380 -100 75 0.09545408518299314 0.0878179304668576 -0.034547235853761515 0.9237599592732486 0.9266311474210753 0.2201133607760345 0.7634139337268325
14 267 -440 0 0 -0.10175356679112962 0.11727475804813076 -0.14886023553111555 0.6902985416043237 0.03895608530729655 0.7777824074368269 0.9638356952749422
14 487 300 100 50 0.2387797835867963 -0.05975447007938911 0.12528142745955573 0.05017067383775753 0.818808631717866 0.6001569973467923 0.9594854391390276
18 348 -200 200 -25 0.22935015423355626 -0.1422770997960841 0.03472943982483395 0.035940855950602146 0.7709549032839658 0.32723778924853597 0.9037141912857577
20 1 -200 -120 25 -0.19772335076701147 -0.007503434740457282 0.21774814041697144 0.6412947690316351 0.7342727674449713 0.43269181866727646 0.4828838019758117
10 295 -340 100 25 0.05652973287327484 -0.05402714776031975 -0.12591382622124125 0.8680698354776987 0.2072458988633643 0.5356129250829734 0.9432004146404831
19 133 500 -160 -100 -0.11553226235333369 -0.16650161831212484 -0.15120236237669177 0.7520130841547289 0.9153440551174766 0.8004762895250522 0.3486897831888157
12 139 -360 -40 0 0.015261358099454614 0.1703743437521273 0.2447529743916061 0.25973364935261456 0.6501971789045213 0.3501475635444846 0.8271113511701957
16 398 -240 -100 0 0.10031829654597657 -0.13600654119651173 -0.2045161288695262 0.059965437366747754 0.9272029644267694 0.7675484159517991 0.8715103965435864
10 124 -160 100 125 -0.05816132069990776 0.02900211932065805 -0.022751579124154153 0.6389813078397425 0.9137169966922988 0.9068297723582137 0.6766227040312784
11 46 80 100 -25 -0.2440712628044896 0.14885686198660208 -0.24255297922264724 0.46567514291105905 0.7066320236673413 0.5221140489075751 0.4395838171877515
19 49 -600 100 125 -0.1343153446118573 -0.09791400039700737 0.11292037636166447 0.9685416279842938 0.5822381240504624 0.9886552526474142 0.7607479540317827
10 86 220 120 -50 -0.07086646933807494 0.2295282970044269 0.03941229347284503 0.13054848266992303 0.5968792669940899 0.08950027277024886 0.3896173266057532
16 163 400 -120 -100 -0.09236252817914165 0.03293699528966504 -0.09120346069776814 0.47755503798806853 0.3190428950536903 0.18965717614754263 0.294538113147893
12 230 -380 80 -75 -0.2022301606203858 -0.1318286263968907 -0.23271781830059224 0.6225931399868764 0.3837222744648685 0.9034031144254343 0.4329976604343956
14 229 40 -140 25 -0.03945445895906058 0.19868135773093104 -0.06422693335408197 0.6541913672761508 0.5290564016886239 0.9850751014684174 0.40153548129683114
20 41 -460 120 -100 0.210922504479996 0.05870957371042468 0.009430614211931698 0.6030385691698315 0.5306832328753418 0.05598932687965663 0.24874468914426173
19 214 -320 100 0 0.18651560260047068 0.06310673436543235 0.22838511884026158 0.15990964656127193 0.5522300445363303 0.7342738449834523 0.982357561531208
16 436 -60 140 -50 -0.10302474484109986 -0.149367218456533 -0.09946945341349983 0.9102988607783528 0.3740921589336602 0.5127769742452783 0.25065806223159204
15 51 580 20 25 0.018606456955437667 -0.06379352894683044 -0.018459147301986056 0.7357006521037022 0.6238679495402623 0.1146534904637837 0.4208689050959694
13 18 440 -140 -25 -0.1657079812138893 0.23339861513698162 -0.1203420681803396 0.16456582362039773 0.7445431901894268 0.18320074123077845 0.8597582397590107
18 26 -360 0 0 0.11575207460885506 -0.044727417939896486 -0.016318062953753487 0.92735386798149 0.9088745421740216 0.9569103821337399 0.6841145279551554
15 364 -600 160 -100 0.07158415573965737 0.1748405799810589 0.21209381840741987 0.8095110727286248 0.3591771121146232 0.7644148950934694 0.32146244385007117
17 6 160 20 25 -0.243910614021561 -0.2199378846103362 0.0915516453872357 0.3159204829273836 0.9867117296352119 0.2309446572051821 0.3328857728958
17 207 -420 -20 -100 -0.20084227534854104 -0.2024963911138733 0.24879139729737487 0.2380904218804326 0.09139970422415633 0.2407095807492039 0.8228793350760227
11 263 100 200 25 0.16181970932220108 0.11640903400673286 0.14977892876308596 0.3935383987405885 0.588293825038943 0.42973073927908356 0.020626973460612485
10 75 400 160 -75 -0.14951186730826166 0.12580387737079407 -0.16444195306329795 0.5734980097149565 0.3160725734487604 0.019691955055851085 0.35152021209313666
12 419 -80 -100 -100 0.10498476645163535 -0.07416069826585031 -0.057545834138389484 0.9557567827461573 0.5131338268628696 0.759028473925544 0.571672237216611
13 368 220 100 50 -0.07032880183641332 -0.08427363620721068 -0.08209671607761937 0.06848062529927423 0.38648647927370683 0.34495177973446056 0.24837922309159277
10 275 -60 -180 0 0.1410315398138805 0.19962902782191522 0.00033017311048033626 0.43721235823499616 0.9648468434226103 0.8976381221042076 0.14236959173584773
11 332 -200 -100 -50 -0.08159515671239448 -0.002451550030680427 0.18979246818575335 0.3358418376165534 0.4760615357839776 0.8289904294846984 0.9468561031535193
14 351 -80 100 -25 -0.2441224379713295 0.03778686753432792 -0.016266470203925576 0.07196892943295252 0.6703199294283085 0.4041889706842745 0.06958078934421674
11 24 540 180 125 0.14482885408187596 -0.04862379202739919 -0.20837292798395524 0.5672067088543581 0.9275274943250666 0.748398507936362 0.5305646099987129
14 268 540 140 25 -0.10714669646570829 -0.2116006594046682 -0.11191727244287802 0.671560167578004 0.8009474752657944 0.8736818239809392 0.11980657781844006
14 179 340 -60 100 0.006626292021470581 -0.03253723384159751 0.022767997554435482 0.05855296376900909 0.8150697550156962 0.8328790074373591 0.10851185888573345
12 132 180 -100 -75 0.1687330661367738 -0.0223813404060329 -0.043268573704699886 0.3428422294141166 0.1651793933045692 0.4669427652808752 0.07409217040419858
14 158 -440 -140 100 -0.1694592618878879 0.23162255001498172 -0.053728478477229946 0.7872091763006771 0.08303843584086545 0.11388381677759607 0.350072732624206
13 457 600 200 100 -0.11410494018754735 -0.09653975654005154 0.1838850984375915 0.8955601369937127 0.5032312215381723 0.874721315631414 0.971597646446192
15 449 120 0 25 -0.10019227846135753 0.1406863921542908 0.1752960611821885 0.9699286119072802 0.9943569307988601 0.019923747409312353 0.25188231059239097
12 272 -140 0 25 -0.02742500769968592 0.23182081977608598 -0.21948328938456857 0.298110367400096 0.4838010128765966 0.4930588874501618 0.6749159236378452
14 426 320 0 -125 0.04336781514240334 0.18379272914168698 0.027972652082520977 0.1733524641210613 0.6010344863918342 0.8851897650531524 0.3873347997631824
17 305 600 -80 25 -0.09028724804913685 -0.07332376582447148 -0.13810241080326263 0.4450124737139717 0.37725301045529924 0.9548297457991846 0.6018527963665936
19 51 -220 180 -50 0.06099267442039491 -0.03178153161565145 -0.18401372847458197 0.3075415286998149 0.11808321753358031 0.37751919631232456 0.2867008556134588
12 25 300 0 0 0.04963022837834363 -0.1495551969745097 0.12197366385131497 0.2877659327302715 0.2531644230525404 0.12281141945197904 0.5189652517706617
12 309 420 -200 -125 0.08730970052927611 -0.04061027415531132 -0.027660056130152155 0.2471564574722297 0.6871937258756675 0.8161676909179179 0.7036470649367847
18 374 -240 -60 100 -0.09645074699707851 -0.11803713975093366 0.1533235641390573 0.736646242585953 0.15835586725318562 0.12803571663669955 0.23032649409483708
19 384 -440 120 50 0.21818710502862748 0.2489339606450608 0.16489697315827834 0.027345929964081916 0.5317854551019968 0.15532578316671442 0.16414750947073842
13 327 -40 100 25 -0.20069030698243545 -0.17757016532538034 0.2008330164211361 0.7493008925654443 0.9103684033948717 0.09083498135887524 0.2594782840205364
17 448 180 200 125 -0.2208813279831242 -0.053907198609838614 -0.0804019612565059 0.7301633134685371 0.9993186097308419 0.23217156844848563 0.6886381568216833
16 203 -60 -160 75 -0.0974112462835438 -0.08583943839607067 0.012214393181325556 0.390812898708617 0.31689484577230587 0.8773390804002399 0.6890335825833183
13 407 120 180 -25 0.24636520780711718 0.047623698474693776 0.02439524498238904 0.17309273420219584 0.9766555719161351 0.27423417179804443 0.998287848663966
16 283 -580 -160 125 0.004347874942843999 0.09566395000018774 -0.17289316462478943 0.5163199468734506 0.018372461561963038 0.8868211783887897 0.47530549978551306
15 23 -160 -200 -75 -0.030281930028333126 -0.19292084839665286 0.18675445098062166 0.46501968884467204 0.9871312517481488 0.003994852724676035 0.1287850202842027
10 454 -600 -160 -100 -0.15462677267448072 -0.09517056867279794 -0.24445141745914278 0.7254157729997323 0.8557302914753075 0.11384098345863336 0.1175934527094964
20 85 -260 -200 25 -0.24413027859737108 -0.13549457728112263 0.042059780731894036 0.038533059017094695 0.34695527683761895 0.3840690455568373 0.5968494161274733
19 16 240 160 -25 0.07620921836344602 -0.0850054065849779 0.01908454697168349 0.1552565469418309 0.9811782182508462 0.5292738472952023 0.5221912007746744
13 420 -40 120 0 0.06875118490237253 -0.04232054145959174 -0.2381358657256165 0.6044178642395979 0.49612795092245865 0.6167348301964309 0.9616723952506625
14 198 120 200 125 0.027453143177702977 -0.15134226246490373 0.0482009347638081 0.16519569405327517 0.9216962971426224 0.9577278678619395 0.34404917311898386
12 24 -500 120 25 -0.19704772106073742 -0.10400129632944116 -0.1673234961122514 0.675008423596321 0.4171525520409144 0.8353077932087074 0.3253999926727944
20 481 60 -160 100 -0.14150332562408696 -0.13515255610908034 -0.0003054797456744085 0.9398382947938342 0.329154820439037 0.9082386307739907 0.6736427534682179
19 357 -260 100 -100 -0.10390799091968173 0.07053654779069923 -0.15472848126858058 0.5699594267771769 0.27465529553391166 0.32969013760011623 0.9091524372763133
19 471 -320 -40 25 0.20673535816165062 -0.03420820970025146 0.0710691789385649 0.5071073200749258 0.9140618500867637 0.9153866191602232 0.4914629829771885
20 297 -420 120 25 -0.2297205203480418 -0.21200192449771976 0.22888066458571737 0.5606248453371893 0.7158042691054298 0.04137117831320536 0.3966368797813399
11 122 260 0 -50 0.1747925378117099 -0.07299954792687008 0.21971145668073178 0.22192581526208066 0.8337828530370553 0.1295425186434208 0.19932145454737182
16 476 400 120 0 -0.21662007646522846 0.07896373835202497 0.22806447564487486 0.5153100432661509 0.4312566257574705 0.2850465644921195 0.7467312530910272
20 413 320 140 125 0.24324711978899238 -0.20689353217956308 -0.20986486903512597 0.16892541662909932 0.7683151219967115 0.24965328699417 0.5099851936690866
14 156 40 200 25 0.18847058415544204 -0.008739256779097815 -0.1620472902770626 0.7037453094770287 0.7035125457681316 0.060416517525596736 0.775692845633553
15 186 460 100 75 0.13534080870805304 0.08142186962412579 0.06749270342308267 0.5981812319653895 0.44831253812812155 0.8447277123837776 0.9057608104445554
12 491 -280 200 25 0.1960485090058895 -0.24621414882941345 -0.2022022523776172 0.7030534454770907 0.8057604186404169 0.4828329482366397 0.2209325281698883
16 178 460 -80 50 0.14687818465179137 -0.14878529544558095 0.20630168996420206 0.15289438536749544 0.05014097980587773 0.6592144189074305 0.07675926198069272
12 424 520 200 0 0.17322479258002843 -0.24321557163644875 -0.1782826471571481 0.8705500883369839 0.9521595214749413 0.5196933653544774 0.146118626628719
13 378 -200 200 25 0.07987179897468316 -0.041361225238855326 0.07552473167504675 0.8669120074455765 0.2543676857033911 0.24676804032022204 0.87839836652822
19 120 140 -40 75 0.22115446689186402 0.17996775454688668 -0.1505199898820882 0.9485351225932648 0.7878488228079258 0.07067479877941452 0.5924030826425998
11 424 -360 40 50 -0.05867424712585556 -0.04363178277314256 -0.09339889096515491 0.8863566041673254 0.975141008602598 0.38595180346274205 0.3707339954675746
16 361 40 -40 0 0.1495807492666249 0.0965862597878126 0.17945242406931516 0.2608290776961327 0.14913291242930227 0.5451881682263261 0.8399638125378387
14 9 -280 160 -25 -0.03423132186008426 -0.1434356713050362 -0.19732642713234022 0.08583472060161401 0.934646880192386 0.4287490660000758 0.6122587677790955
13 66 100 100 0 0.11936871274398764 0.04362945629049669 0.18795114126300583 0.1758720123854377 0.47015776163307976 0.5198557295070114 0.8838232661953115
10 193 40 -160 100 0.20239617974037316 -0.045403255025130596 0.1361182373334362 0.8727938938393128 0.8556881745740355 0.5036593259991949 0.6067051730569342
18 364 120 20 100 -0.031304460126750366 0.1903894022621408 0.07702882418371126 0.04639211092772666 0.11815805264019641 0.07328291676716181 0.3979711301022263
16 389 80 -180 125 -0.17953973246907695 -0.028852669154466715 0.049703285897958804 0.12254897031037393 0.5646573685103419 0.8012682083117976 0.8135071999597355
12 368 420 0 -125 0.2472834715514196 -0.2376083712762675 0.07496223401615054 0.16100967758034357 0.7337753651460093 0.03617056566313137 0.00432665462922821
18 445 100 0 0 0.2377176736751344 0.09952809783626071 0.24990965578705204 0.678342554585173 0.03844297722818113 0.1676314100749724 0.5576930504107096
10 449 420 -160 100 -0.01879268692627445 -0.11884608969470262 0.01231466024746064 0.6563789893984457 0.36270324484327676 0.3391334428962085 0.8957805729326302
16 24 -380 140 -125 -0.030609044719679568 0.17126583010593577 -0.11602121412663285 0.9784175781988154 0.49848665288667027 0.679370930635722 0.6892834541400726
15 435 -580 140 75 0.048460486851390094 0.21610514999374614 0.12518979006698677 0.11550718281903904 0.9892759050228757 0.1081469425501721 0.8991104242408038
11 208 300 120 50 -0.14695868793288397 -0.05965311930810202 0.12793680065666324 0.21194939889581343 0.8618231758915369 0.8698995364287372 0.5592496892634815
13 389 0 -140 125 0.16401281493798925 -0.21641545559207442 -0.24400827172301226 0.8028336339737203 0.7289681742689788 0.002847529084230249 0.43923463352485315
17 370 -180 -40 50 -0.06560896261233018 0.06546734725483111 0.08370065810630423 0.2432421692809147 0.4977799256260089 0.4393654830857887 0.11518068687407623
12 181 20 -160 -25 0.021359330538455124 0.07992471109812027 0.23273272037309212 0.9211606903104864 0.6577307302797684 0.8468869700245543 0.7400687726265089
11 64 -160 40 -25 -0.02436829694635073 0.0643179034288725 0.1999577489566718 0.8941289925457471 0.3425955283913955 0.564488568150796 0.2646537014797009
11 99 280 -20 -25 -0.13097153176241189 -0.1922214580526081 0.056056727383687666 0.2392434492595763 0.9840575490581484 0.926531263812269 0.10143899931247313
17 420 520 60 -75 -0.107594521376147 -0.06623255889914514 -0.01134745171613416 0.6611065338080979 0.9656722469980563 0.6775316180418415 0.7029054708751576
12 163 -520 -120 -125 0.17794171793613905 0.07014666145987364 -0.23183301704591702 0.8480419840351913 0.18204970088466288 0.2850308359281193 0.7980736769079663
13 349 540 -140 125 0.152999587567348 -0.023675045885232004 -0.10165614983834426 0.5921683413051314 0.8880546335379127 0.36963935820461635 0.8167514712763817
16 119 560 100 -100 -0.09730587155738835 -0.05781528637950839 -0.07314557646469078 0.9074871180203785 0.32556402812641705 0.8623281110981064 0.5333866075450007
19 357 -40 -40 50 -0.16699214953273 -0.12209293848914804 -0.07263041336286119 0.8198312444208598 0.7760327858600444 0.48083751559779375 0.27904079887365885
13 453 -520 -60 50 0.03340777383238469 0.15945416486685376 0.01863851141777667 0.5558708930369546 0.5621405854332276 0.5304864932376576 0.5433325812902832
15 412 40 -120 25 0.1600829441219258 0.18232998636553283 -0.05391377835205452 0.7945971580272017 0.11902159012147429 0.36604209513601504 0.10056251555806772
15 187 -460 -140 0 -0.21665591211335056 0.16191886049650644 -0.10073366075012696 0.08204446005801691 0.505280214845501 0.01619099511335631 0.1411060348101345
18 162 -540 100 25 -0.06687512239802479 -0.17540411289083585 0.12450962403887716 0.11524078100461455 0.6859175155574289 0.15400789942531923 0.7171714084000685
18 492 -520 180 -125 0.17744674553794898 0.07645398229794298 -0.015601406833390175 0.7547785122795947 0.5670183904231986 0.016914711446799124 0.5889155943787767
15 311 40 -20 -100 0.2317260921304231 0.13436982002965403 -0.08281388727980743 0.3945331483683042 0.6694397677079609 0.629498852626393 0.29931749712340894
13 332 -420 -140 100 -0.23146536642670984 0.19598025507361722 -0.17947650876148086 0.9380057132211415 0.9167006197024048 0.38988191375728054 0.07701990706385398
16 136 -20 -140 -25 0.03396355265548201 -0.023811455287795102 0.01825415443186873 0.9208317235612615 0.5683686292563425 0.9770532462831367 0.9590370091168249
18 178 560 -200 -100 0.1532273115250627 0.02259912659781871 0.016714557761123794 0.8580383870166043 0.08204096262885396 0.5865267116830928 0.06918702625557172
18 65 100 60 -125 0.20542997815772113 -0.03608521352840621 0.1682668146905173 0.5587383082005344 0.3668194811645774 0.4101697687493917 0.6489545329929886
18 138 -560 160 -100 0.03634520480018444 0.2334415283764253 -0.20591320429891047 0.8214587277618595 0.4011459494563381 0.23727686284145122 0.6798231386982546
17 266 -340 100 0 -0.08242116214073575 0.1005294423224174 -0.1640885008281326 0.5560212788750721 0.7132868331462676 0.02445459622116053 0.6980780928830217
18 140 80 -80 125 0.15391482952089391 0.20832256609989735 -0.04487675377256878 0.23957552513985025 0.8450907677831746 0.95855856422501 0.1338405932582677
13 23 -240 20 -75 0.2451086610610747 0.12697119235981175 -0.18489408355485487 0.2847358678500982 0.33231472076865054 0.9091411556288747 0.09316465093501614
13 145 400 -140 100 0.24205315282780926 0.23202952834838286 0.1407860430269321 0.008586400279946838 0.004057485494592172 0.5299926361425853 0.2602401487499334
19 21 -140 180 100 -0.020361429737371095 -0.03474419448449617 -0.06447260801488808 0.22475166684772185 0.28115568628704324 0.8053393809042235 0.45170422845459846
18 447 160 -20 -25 0.17248897294736032 0.0768926667282201 -0.06948936941536493 0.359866755750489 0.14136146805757865 0.12077989560050995 0.18801222396539097
20 491 40 120 -100 -0.20250292027266925 0.11868130491753226 0.15382855862114608 0.5514985529495798 0.6572179212979237 0.9155361530441021 0.2897150020848962
11 473 -460 -140 -75 0.22098533619039384 0.2322149722382968 0.0504365488699372 0.7572180387839421 0.23186803407037226 0.11148814917920358 0.9921777636093528
17 299 -540 200 -50 -0.00041592386749833565 -0.16078249694325092 0.1870107986829747 0.5595436464622865 0.6335813761816464 0.6221296326597419 0.9076147262100275
15 329 -40 -200 100 0.05349985153149833 -0.0951593664883365 0.2331775226195903 0.3355708975078323 0.682283267506387 0.07532094952428059 0.2909208468080925
12 32 500 40 -50 -0.15964193477475114 -0.21616572480887564 0.16789613245054752 0.11998400277667864 0.05634738310908416 0.8675823013941022 0.7871307468282785
10 100 -80 -20 -75 -0.060014897251420896 -0.027052297464698116 -0.24908458277524786 0.9154044322934497 0.948671526997269 0.4561362629744701 0.4038755603335221
13 46 60 -200 -100 -0.006277417898687965 -0.0874521878653775 -0.05894045906316686 0.49349153365600495 0.7588285286555965 0.14586593509376222 0.9090190083776151
12 149 -200 60 75 -0.1655933729768308 0.07512367724545171 0.0809969743027879 0.6906179743176912 0.503961115384869 0.2762670362573315 0.657688281487683
15 101 -60 60 100 -0.0925301580511308 0.16201905691739477 0.1761311232568502 0.9495715153297443 0.6391687162419664 0.33582121208729054 0.6757630804898247
19 144 -600 -80 -25 -0.2281831220524781 0.028718512549725406 0.2142524026617273 0.6597148159684972 0.4098945248284014 0.3490837255912552 0.7931830681236158
12 462 180 160 -125 -0.18561409723750816 -0.10844496155444289 0.049137161284664665 0.8989511313175069 0.051515267742791804 0.7228828893072432 0.017468865346350504
16 174 520 60 100 0.07424728699339656 0.1395831675094346 -0.16085568146922286 0.40644441251425456 0.08367953111747584 0.9119222184843973 0.08627212894009961
16 47 280 -60 50 0.1338993605781555 0.24882351490165022 -0.03149814284297631 0.8524839929488562 0.3140993976232671 0.7895364751933474 0.8648861987135025
20 497 -580 20 -25 -0.09738270995404069 -0.2111886527662198 0.029692148408645425 0.6153440593150317 0.07194176278707609 0.38886311525332595 0.05099664253496816
13 135 -100 -140 -100 -0.00979580942795416 -0.1377011537414855 -0.20781663011825746 0.27193880297435047 0.9232734766803058 0.4976347846145085 0.34017172338116175
19 198 580 -40 -50 0.04744995938944335 0.16576414905596665 -0.09288754294867202 0.6546055245940865 0.8403075838130335 0.12163764489574502 0.749593563773797
15 219 -600 200 -125 -0.12142960685602977 -0.06795183772794561 0.173255838934606 0.4436888204450824 0.8452323746736363 0.36199266717369216 0.7060827551009901
19 459 -440 -160 -100 -0.24893320699729055 -0.1736992808607859 -0.21670142359217487 0.6777518608252239 0.8420731872742537 0.8596504875697664 0.2637168884805111
15 244 -600 -100 125 -0.22354917573401728 0.060336172983562364 -0.08705730126890998 0.5857950310961649 0.09794085513728434 0.31205719200797655 0.4431237724792736
16 264 -280 40 125 0.07933447068756272 0.05577511932161683 -0.04873321383148854 0.37611193013157485 0.6410864974829078 0.46522848172139264 0.44010679434806244
10 155 160 80 25 0.1106348321931212 -0.1337978134816104 0.241089702435826 0.5061144208552509 0.752089295583327 0.153676609258111 0.49886648078324414
15 33 -60 -40 125 0.10232653940532976 0.005538343212125485 0.1800558513824701 0.3291134611781633 0.38286419670536254 0.6863400154288041 0.3385647872355656
12 221 220 80 100 -0.07714045616063331 0.11010364767366321 0.22077508753748865 0.36651798258854906 0.21184393798798906 0.5178126597823559 0.4389964300640016
16 177 500 -60 100 0.022928414169196165 0.008347139354125455 0.17249895189400355 0.8183206215704252 0.6180193297065574 0.7947446012178503 0.07277752361754553
20 340 60 -160 125 0.12145448943901643 0.07381378827421736 0.1759211813934658 0.8683701100743356 0.22219545915414873 0.9743561587181406 0.378288554049219
11 419 -300 -60 0 0.005993379305379187 -0.2002074822696573 -0.02570011956006546 0.6789220292932213 0.9862969591391026 0.009044510401717054 0.36738765928037953
18 148 240 -40 -50 -0.09273152544995816 0.15040329175610784 -0.11039954763529769 0.43912951963085667 0.941051310280962 0.5680630042953544 0.5526323295407136
19 270 -380 -100 -25 0.11199225773692523 -0.08181816488400195 -0.032384213667795425 0.667278064920967 0.3070265371620453 0.8116622803949886 0.8321460350107432
19 240 260 -180 -50 -0.08735977064404798 0.12400855070264044 0.15276889244838543 0.7039630182822043 0.06376241638970437 0.4319565477754874 0.9569484358872005
20 166 -360 140 75 -0.0838920316985281 0.24723330325964188 0.21125981532004062 0.8424920176971039 0.47655469968325126 0.2939989759477032 0.1297070978847089
17 486 -380 140 25 0.13802403802039054 -0.030458444080283198 0.24728934700598715 0.42310477401665214 0.18328220642143456 0.4898926082399977 0.9458672073182228
14 251 -20 -20 -75 0.022122902634112873 -0.2400468485184462 0.04350554164148618 0.7438755318056579 0.8662495448288325 0.08578888483622005 0.8249153653589197
20 16 140 -60 -50 -0.10884323920592065 0.19688261122293055 -0.02732923868954762 0.3046637333697202 0.7620988666364137 0.9119471730891368 0.2732761030544496
14 39 -360 120 -125 0.18225319914426608 0.1543567810602282 0.094427544355147 0.21476149527091937 0.008725211168932767 0.8634077457663867 0.3690326707429017
17 224 440 -140 -75 -0.0035282214974602932 -0.1601282526033 0.23599762826588716 0.18438674283602896 0.2846942706742087 0.9368671897911476 0.7029367337351943
16 36 80 -120 -50 0.0015793921518328369 -0.12398086211948434 -0.07153643346249278 0.570905134334776 0.5159076874610005 0.49845907033439785 0.4556169157831712
19 281 260 40 25 -0.20016483061526807 0.010170881324920444 -0.10459919048253508 0.24450492265858126 0.568899249891191 0.7065441648935646 0.8306367799860295
14 184 -60 120 -100 -0.19074968284069466 0.1111421352599421 0.04280375237509093 0.24997680761084062 0.511681878623894 0.8732394521094389 0.3878282301840372
15 156 60 -180 -75 0.026940120581533666 -0.13428204774037739 0.03557394982533563 0.675933309620651 0.9187804827268143 0.5800966525578224 0.6099964355308997
15 334 -560 -60 100 0.21850807929577126 -0.020278006462110254 0.07693153587475898 0.9247855607129538 0.8423854984673153 0.12089969547549229 0.885243260795333
12 470 -420 -140 -100 0.029415626784974114 0.10882899329499696 -0.123871017253046 0.5561671488624309 0.7947296508783629 0.7097405669774528 0.2961212467797717
19 473 380 20 125 -0.15063477971083494 0.033415462437106525 0.053916418089399176 0.21749883368208311 0.047012094830017226 0.07637442951077933 0.5750638774307211
10 365 -540 -160 75 -0.021485552624005255 0.183557328548488 -0.02314013253497349 0.7461318885030946 0.5248739952554449 0.5027912648312607 0.6073420816111516
15 83 -480 -40 -25 -0.1194004342951836 0.21699089198996196 0.0541897088233983 0.2695923364546766 0.5521811078418692 0.26180828206858786 0.45833523499630247
14 159 -120 160 -25 0.13456409883043435 0.1732858738069874 0.16907751976941277 0.409832907413871 0.8206623657127657 0.2375206961678229 0.15469985646569484
17 110 380 -40 25 0.06524145446815155 0.22412119908589528 -0.0623762539514322 0.14906846843681643 0.7922742443986025 0.6078288490793112 0.21775782805263366
16 333 500 -40 -125 0.056449750503855756 -0.15928672648536307 -0.10838637440267429 0.33237795522655766 0.8052956335950009 0.4100952595277221 0.11113703132288644
14 208 340 60 25 0.048138504142986205 0.18517846792676929 -0.24209697263651142 0.3338460813219776 0.5736541377417519 0.48387116930300633 0.593540720242943
13 415 -440 -140 -50 -0.19506335107144773 -0.045075907678300275 -0.145779294475263 0.6451166726714569 0.21110316910768057 0.2135965899321003 0.35913190823715424
19 268 180 80 -25 -0.1369472924100809 0.23720991508603978 -0.019277010107224102 0.8447543110070926 0.28182514678597126 0.7843032413336724 0.2966969683469498
19 72 -160 180 75 -0.045050881576239044 0.20777813754314656 -0.04191468232465351 0.09735892945984537 0.06272218408612062 0.8717236507030536 0.10757533030489663
20 312 500 20 100 -0.1922006508106614 0.04999558236378482 -0.12161093404078255 0.7906013173601234 0.3118848392910277 0.6085828672499677 0.3224143297987556
16 64 0 80 25 -0.2165615666963523 -0.14526721322811975 -0.16288229320552067 0.6151066944435049 0.29571780678186177 0.9985313462745846 0.7130116952311153
12 33 -320 -120 125 -0.2265507970449248 -0.06933027853203294 -0.24774986679227318 0.0993003004077716 0.5699264710979121 0.5264234652404033 0.24612652441451044
14 136 60 -200 -75 -0.04397055933323474 0.10698008919047458 0.2084220930720323 0.06549182073612647 0.5001113990931635 0.9434896548168631 0.13722171180878961
18 209 140 -20 100 0.05280586522148162 -0.09976567534889669 0.09141041236575642 0.43841716729231306 0.2581005302777287 0.19298069348955016 0.7412057571939281
17 176 -440 -120 125 0.24302454082695135 -0.18999914046979766 0.08318570067008058 0.221908946189178 0.6193711247716158 0.4849835213552729 0.9559668961656803
16 225 340 -40 50 -0.07092383083163822 -0.1790640815063081 0.11417708334533483 0.3025815836239806 0.6589759802584332 0.7811473882438301 0.07736511300725124
18 220 -560 200 25 -0.009192846886308392 -0.06470395629614889 0.07421019238100196 0.08279421305798029 0.8820656324939603 0.6834051975625047 0.6002254115193972
14 51 180 120 0 0.21334631411380078 -0.02497835454929276 0.11942064716134099 0.14247503483818347 0.2707795828564076 0.8632731196948372 0.7018274416064618
20 288 -120 140 75 -0.22674885328288807 -0.23295513793415917 -0.18887049856544968 0.7389578495156724 0.2850209488363976 0.007100649045485907 0.638325117412477
12 274 -300 -160 125 -0.11749784956995352 0.0992970141568289 0.06014272552696048 0.9863176702335188 0.7754569314406202 0.27186077914761364 0.6609289039166054
20 342 300 -140 -50 -0.2471913427571869 0.15589327513256002 0.2415435491650076 0.1886892429330359 0.15021635862639438 0.5579238103254496 0.2332164945886619
18 431 -360 20 0 -0.23761280383287475 0.2001548123881463 -0.16054374154579237 0.19420842472667998 0.3544537325722532 0.062183003334672415 0.5080206832564567
16 224 440 -160 -75 -0.23906190525016324 -0.0030482642150159167 0.05323325199728762 0.014531192533651427 0.9187921466584151 0.13367486106596882 0.907062484668181
14 22 220 -60 -75 -0.18346847131908417 -0.14154619375168592 0.17016958751260908 0.5794273762716698 0.26084109133262134 0.12762952718619458 0.07621587142580499
12 326 200 -40 -50 -0.11699249041649279 0.1935596204625616 0.11795955121435175 0.6312143778361745 0.8042110513607299 0.4181639058203862 0.12079435901695035
18 435 -180 120 100 0.07952177057754706 -0.1612554448854474 -0.15094085084078757 0.5613923434414402 0.30935607637056617 0.6544851641272993 0.15795300262654954
19 97 60 40 0 0.20909928327866628 -0.04189680656874423 -0.2086098479807445 0.3178952729565907 0.24279810032284765 0.6443644364889314 0.6826391268566204
20 149 -480 -200 50 -0.23590023595126608 0.14958292889503655 0.055225000402954194 0.48843160971136945 0.9099444341009258 0.39191830633737446 0.2785410886889399
14 219 -120 180 0 -0.04898831937276593 -0.043418776194088904 -0.06630949451992862 0.36998129044517036 0.12956847993644205 0.41919269737906817 0.6866675597558983
10 369 380 -40 -100 -0.1455055150718944 -0.00026398387743276075 -0.11726464575752038 0.5707717209592841 0.5404123721625167 0.877248856525897 0.4472658743128183
12 142 -360 -80 -50 -0.06725358367265022 0.15461353467831596 0.08676699409564492 0.2829927497843432 0.18595138474720063 0.022511863543843713 0.49070632662691915
18 392 560 140 -125 -0.23940274732243721 0.21623362472210605 -0.2376824908666672 0.7554576865661489 0.7329395759361087 0.02665369459116851 0.8221558760216973
16 444 -500 -180 -125 0.07295904571062078 0.2168673207766535 0.02397716311163245 0.1674724144856855 0.7192141580465506 0.771887548389106 0.10689032355380279
16 248 -460 180 100 -0.23731776830111673 -0.10269655114920301 -0.056840178748789605 0.7838099425966001 0.14476095377158482 0.9138229782839047 0.6851417726413047
17 438 -200 140 -25 -0.1360950578603674 0.10825527832172022 0.19809451129881245 0.823668241874148 0.5893538615838612 0.911770866599742 0.161878893521348
12 327 400 180 -50 0.20646374748088403 -0.06144293736620615 -0.028022840837539975 0.6213163694794835 0.45711516224413695 0.6821227755992294 0.16854280838534208
17 453 -60 -80 25 -0.0037169771530343176 -0.06371135462106697 0.09074339105173279 0.4541787227002092 0.8765512784181865 0.825286703018024 0.736069410728228
13 260 560 -80 25 -0.029611327000324705 0.20236163598900353 -0.004750406593669376 0.37587881660540656 0.5906523159367398 0.7983628721297071 0.8465159047676493
11 323 200 -120 75 -0.01858545549380286 -0.10368530028302791 0.004218987259286322 0.15839417775494913 0.39768299642632565 0.5180078539472188 0.2547003671616792
13 491 220 -100 -75 -0.10720393970953962 -0.11935376705766404 0.14892250601702495 0.6216870550811118 0.6521631546480322 0.18937461913584153 0.7541244630042498
15 195 320 -60 75 0.1493719750039978 -0.20732949430010544 0.08275645102553342 0.25810128555341694 0.9613687092986625 0.3277348386811493 0.44999328278037587
17 421 520 -120 100 -0.12345239199728236 -0.18717457488079864 -0.00476273862178439 0.4361888985699025 0.2780925014506541 0.535558759686702 0.10961624549172899
12 180 -340 100 125 -0.06253271123157034 0.17855247184569722 -0.23478808174643845 0.3156279899784703 0.017563561166809794 0.5741500530606045 0.08017436797231636
20 311 -260 -100 -50 0.03186493716064298 0.14897215955844623 -0.18911385516629042 0.6957972840633072 0.36725513523631703 0.65938076900723 0.3571063720003431
10 259 100 120 -50 0.020460113774706246 -0.04256071723899896 -0.06507413779605759 0.6806864460011445 0.19381392883039095 0.6259286034431771 0.5024769483083048
20 360 -360 -40 50 0.030444766418195768 -0.12855025254436753 0.07351318521142852 0.9257593090386377 0.059031899165392865 0.9258917329415083 0.4010641032345118
10 429 -60 -140 -50 -0.11228908976458618 -0.07166757468611573 0.1876970456445196 0.48937209286059424 0.3096972129826121 0.6314088541959816 0.6899181759211196
13 458 220 -160 -50 -0.1392793651327388 -0.012894182943719135 0.06629737737291241 0.08790751125114771 0.7050155408483805 0.5388850350301874 0.17662639885585618
20 62 -80 -20 -50 -0.20926691763740274 -0.14384835039646449 0.18535540582992954 0.043321690014931136 0.7209016640200991 0.4295675511748063 0.2676184049144439
14 13 20 160 75 0.06477562197076292 -0.13534138462028183 -0.023503708697313996 0.9755611235078999 0.7995076427518867 0.76009428704165 0.020062165058682746
17 115 100 60 -100 -0.15713593854205316 0.11624837002881422 -0.010735813313492437 0.9370813477668245 0.011973478508791158 0.6301092997638551 0.032562853730152
20 376 -180 -120 -50 0.15825755215304743 -0.12512209178220107 -0.14965218909138678 0.935511085026408 0.2097907452717337 0.26134350568252784 0.9825361911484648
17 427 -440 60 -50 -0.12259730409343672 0.02395807976296782 -0.19074987812977218 0.031228930752079442 0.569799926728001 0.2729224369868696 0.3351470328052506
13 349 500 100 75 0.20517640336934106 -0.12946048634243823 1.887086500335089e-05 0.6246833411326747 0.9783183032072186 0.9982916188714651 0.524467877999093
11 46 540 -100 -100 -0.22983505971142937 0.13067302033446154 -0.2448024057508577 0.9263365756454646 0.214673584391172 0.8926018980718478 0.6673106977429325
10 138 -400 60 25 0.1035313274016712 -0.19227562601840886 0.1908980296642936 0.2550984720978615 0.7358883878639612 0.9401052995186947 0.44650070103459893
12 422 -80 140 -100 -0.08175526743913325 -0.04545263111573611 -0.13874102065620791 0.010107602453461095 0.12232844126144837 0.8667250494012444 0.148455099856853
18 470 -140 0 -100 -0.12021262636195174 -0.06614790127537579 -0.11398486700783783 0.5318671451701952 0.41381015132553944 0.10954857053316802 0.10065954478847228
19 230 -120 0 0 -0.22854546567700257 -0.038756696734049634 0.1671503283530777 0.012127298396887753 0.8943964277455109 0.255297282678527 0.31893019860588756
11 27 200 200 100 0.020292961092739537 -0.03187259256936065 -0.2022130685529553 0.18519586260366439 0.5246709479241952 0.42868436952289557 0.7963922017681556
18 445 -460 60 -100 0.1619473147383903 -0.05339151077286558 -0.18767044798697335 0.021247866129821436 0.8689681337721664 0.5170708235998928 0.85663925971571
11 30 -380 -40 25 0.17801619222901055 0.04482846110547006 0.12593925905375758 0.3039754952645999 0.84969887400366 0.6681955076967387 0.19818240267782894
15 418 -160 180 -50 -0.20136754687513292 -0.17821400212032512 -0.10216961373791722 0.9440160229930724 0.8042540640499669 0.3399326972491147 0.8171299159953128
13 9 260 120 -50 0.06215608755557178 0.15294324058925807 0.10955835547948017 0.6919660468870681 0.34171426157111273 0.1918700884572878 0.8433277032745654
11 117 420 -40 -75 0.140718535262622 -0.24709883239864716 -0.1574726374954335 0.4430682657333451 0.21253843696938968 0.5182024286129675 0.9552882563830526
19 411 100 -40 75 0.23235710173145202 0.09815145625809124 -0.019004703930979805 0.2567189608167534 0.22659630420371513 0.9981224288991563 0.2886740512826269
16 259 -400 -40 -125 0.18020790313562685 -0.037510977245967636 0.03729972397528719 0.8102871260818622 0.7298043712124894 0.34035222547271526 0.47305658572828313
12 333 360 20 25 0.19407556276962024 0.13981298759745442 0.017260032418022098 0.869296793156371 0.8184794976251275 0.42239606987091005 0.2951809815098071
15 110 80 -60 0 0.06401518843325671 -0.19361109067200744 -0.08407725342921141 0.6733632184731962 0.4485366331020797 0.8304129649371959 0.09809019088713133
17 463 240 20 125 -0.02035026725590655 -0.028823207295594566 -0.06502143793769699 0.46035301946284823 0.24815022078107496 0.45634083082587884 0.9459105552523244
17 157 160 -160 -125 -0.23566429622958351 -0.029437400930881985 0.23533456701888728 0.23028345802467143 0.11297758895690624 0.9062353074282194 0.9593561473612267
16 175 420 -80 -100 -0.19622809671253155 0.1975448837618023 -0.05407749222590508 0.32049364718026263 0.9853688101324245 0.9734667253178845 0.26679565070712563
13 119 -20 -100 -100 0.1352413942584228 0.13481793647886708 -0.04545242054718668 0.517048509022749 0.4828916071903654 0.4309815591264926 0.001358468243096711
18 331 260 -140 -100 -0.20921876008771245 -0.12530083892169436 0.012634723133737646 0.4512088782840369 0.8677422262061476 0.7253371398896858 0.2183894407472824
14 110 -580 20 0 0.11166090710413207 -0.20708753502114302 -0.05853420704878848 0.6549422356663535 0.038859541737559566 0.6491459055384872 0.14262619762638584
17 391 380 -60 -125 -0.0634060791404803 -0.20534979551428767 -0.05224412960093766 0.8238110809356325 0.3467727069236829 0.5618737781707874 0.9298134878577622
15 489 80 80 -75 -0.055810842254707504 0.22387352498655083 0.15019514942888096 0.8654677164073028 0.869132203105451 0.03701880476239172 0.4855868505319689
11 281 140 20 -100 0.1698850250414558 0.11362016194927188 -0.12951748319562856 0.7867252268084614 0.672743170370168 0.22339921260358764 0.2883992677062661
20 25 -400 -60 -125 0.11324644532230876 -0.10352734825186599 0.12979874794153112 0.9755262220579414 0.9208721289182095 0.04187489163040903 0.824860656287423
15 317 400 100 50 0.1738448286592963 0.2306605219419245 0.1311054805912067 0.1635538435490006 0.7705939396582218 0.6166415496848601 0.3956110337306441
11 468 340 -20 25 0.12972261087618459 0.03379161485627147 0.016203012347832335 0.3375879975978371 0.5577455650084193 0.10062785855062972 0.4164668213605631
19 208 540 120 -100 -0.08582049303167422 0.19398600619455542 0.20540229207019384 0.6704621492127688 0.5241568017784654 0.8163180077518712 0.30235519346865514
13 20 -180 200 -50 -0.23589566521760613 0.16792470755073485 -0.24364841577723456 0.33684992532010305 0.2405114853439806 0.1361447970201476 0.35189460756053803
13 457 380 -60 -50 -0.11021899244328226 -0.003092378010136898 -0.12454605428913557 0.5428805874235655 0.22954984090592523 0.026940312542228506 0.2175321861092916
11 55 20 -60 -75 -0.18523060656236784 -0.24865980450813424 -0.025353110968560355 0.0220225049242172 0.6712635044882923 0.35602999519051837 0.9709416321961973
15 408 -500 -60 -100 -0.06278567998714851 0.11478596486538006 0.08151457227543424 0.6851378024965515 0.19926460972389437 0.7511123281349641 0.32707925870043797
14 273 -520 180 -50 0.012914093735627685 -0.15829153673324975 -0.15395435428416926 0.2823374246929856 0.6276733722026654 0.8049548561272546 0.5124157532013379
16 164 160 180 -25 -0.1019113247493953 0.0034327654794776286 -0.11073816097583816 0.028810016181051723 0.571446560495213 0.8144755941734844 0.28715532432615387
16 293 40 200 -25 -0.11595823613198936 -0.00723043921196953 -0.09047719208092464 0.09555952449021532 0.7094596008017904 0.8872241182975834 0.2116362608879293
15 465 -320 -80 -100 0.2099309671570096 -0.008120834240450236 -0.11553438396162419 0.5458888210053328 0.05782357628980206 0.5416126959756667 0.7463522477850398
10 193 80 40 -50 -0.12822793177172065 0.22823556496154107 -0.10647413739977957 0.19965076088002398 0.3966181080040019 0.44006466275583966 0.333016328329784
10 423 220 -20 -125 0.13389054382851967 -0.1833301983077364 0.17265313235129692 0.6911471378843623 0.4794411663961433 0.9160926872392685 0.23001465627495887
10 35 -480 60 0 -0.1581013416406134 -0.0926312338191102 0.1144830860137544 0.04085237703416256 0.48708164982643043 0.8247940562563221 0.36403771362234427
16 207 200 -40 50 -0.14014514616325463 -0.15367860306662295 -0.037938116516333664 0.267466279078479 0.48353291977470436 0.8080308280368724 0.9208903666225977
13 399 60 -100 -125 -0.1937959069653224 0.016053203327600185 -0.13623113152483718 0.9718132925092 0.8033804706554285 0.7380500742518868 0.9085839059960716
13 53 160 -80 -75 0.11225612806446655 0.21118048339477352 -0.08634073355653693 0.06087332253221578 0.012096126384635975 0.02243423968128122 0.9436102516526247
14 409 560 0 -100 -0.06941661639592339 0.08006229086566341 -0.09003015039441803 0.02103612432079094 0.27612040615825506 0.011215664064721964 0.8415480156646418
16 21 -580 60 100 -0.2231847804453031 0.20053586273989366 0.23450845974612983 0.40673814077373815 0.7008225102140018 0.8365555446162789 0.916662915342218
13 355 -340 40 -25 -0.05964193136912599 0.20192150215991095 -0.09353683903312032 0.7439579363807393 0.9823392232332143 0.45336375455102407 0.21248744896841787
18 230 300 0 -75 -0.19408887284370863 0.15281056908354185 0.11935860699678758 0.06468071053930002 0.6457632903920076 0.16527504119734315 0.3117892522327018
11 178 -520 140 100 0.17656162748322834 -0.04710778992253983 0.06644562230504725 0.056584400408706936 0.7932906567974054 0.4725628571121223 0.2512418831450698
17 480 -180 100 -50 0.23784828666967328 0.16840511074064535 0.024951637362631507 0.37529803743553714 0.8987500353857283 0.8910548128991461 0.7053631531514677
13 176 -100 -100 100 0.10384485256617298 0.15807405707517808 0.2294500060380158 0.3894732277954357 0.7137759833447817 0.16067110170278243 0.5654994804621205
13 185 380 -160 75 0.21427250878129783 0.22481730442961934 -0.1431784623607183 0.15389969289498573 0.9954429878135131 0.27692475064993893 0.929627654578615
13 300 -600 60 0 0.23245158197629784 -0.07526388740383727 0.055161303766557035 0.15020185025552268 0.4925518274291114 0.13240261715950497 0.5724271757657571
10 246 -280 200 -75 0.08250510224338947 0.11495632962488544 0.08004193854103869 0.6447520186033212 0.15220261598723372 0.24671993329014186 0.49059401062291563
11 191 560 -100 75 0.21363209991995363 0.03208365257737533 -0.0981072346910587 0.15552767959373093 0.946203970960584 0.8707828184572243 0.9330677797493283
19 113 -20 160 -125 0.24941746678862392 0.09768939253963582 -0.004086869983029706 0.6358504701334406 0.2682650417985145 0.22335609761200914 0.5756645212463231
15 122 -400 -140 -25 -0.048690873141402635 -0.021948696654062294 -0.021162615656109662 0.9022788651684566 0.47021897916713506 0.013238537577672238 0.8159857029299464
15 158 -440 60 75 -0.12225956453474163 -0.1441914072335289 0.17053510107621284 0.8868789918690755 0.35559827566552216 0.673409339510026 0.5315550791391289
12 472 600 200 -50 -0.05085770307681775 0.15919808426360543 -0.1405907129688027 0.6631972475618073 0.6930844542912542 0.8066296077866374 0.7434111220183987
16 345 0 -40 -50 0.05981733142844875 -0.057781971041724944 0.045305412815853874 0.9716975791919351 0.3504372227681405 0.12374301924958209 0.6327451140678163
10 44 -480 -100 100 0.20700877749487256 -0.18400657711344004 -0.029057188321242156 0.4007748097210555 0.48189182103094663 0.07834858410412837 0.04936478533317323
13 291 40 100 50 -0.09132943865244852 -0.1551071660927565 0.237067392145282 0.7522876266196624 0.2994873578959868 0.3281641569657422 0.9395615517407971
10 98 -320 120 -25 -0.21250554339981353 0.08744459969855983 -0.029212122067390878 0.16167043520001056 0.9718125876703829 0.525492658110347 0.48080827799579384
13 497 -540 -20 75 0.21315606979439689 0.12163591131233692 -0.18223698468888466 0.3673574314294419 0.057659510419066695 0.7961174479606492 0.6989714450212677
20 19 -360 180 -50 0.02496909242686829 -0.11824101250905095 -0.11498726256426312 0.5689931643684666 0.337327941120401 0.5144759973105975 0.0015141165156791203
20 62 -300 40 25 0.04925694516483192 0.21451675254384517 0.002178256594232486 0.1515544391345488 0.8435748350583602 0.9743786826040916 0.35617986822444103
13 314 560 80 75 -0.13571018919838312 -0.19930786024239605 -0.21694398003745818 0.6301492172586263 0.7068395902390167 0.6765429562256345 0.18129012804449096
20 240 580 200 125 0.1292124487032445 0.1735349530141479 0.052387046839463325 0.1562086168828506 0.7572052170097052 0.7621241898443027 0.5044637839852276
17 253 400 60 25 0.131675865446645 0.2047087412350143 0.11086904858228808 0.3713750507338127 0.24616134707405546 0.8361700872718534 0.8376976070903724
19 240 -140 100 50 -0.0417400501826477 -0.010171834349193165 0.15285998103450932 0.8639547198796822 0.3383854026757245 0.5915957194778021 0.9482601734455458
17 5 -260 -120 125 0.1710420079166145 -0.09512553921066297 -0.19134747305139266 0.40017550042624894 0.7021639491518148 0.7298003412208206 0.07483722807043525
16 251 -200 200 0 0.08460255538688005 -0.20761984442140086 -0.10649234306471544 0.798089832364594 0.7538161886417417 0.4194388784220021 0.057004247583458456
13 158 -60 40 -25 -0.02187217983858275 -0.08231434435239415 -0.24038381281611715 0.27076478380123237 0.8741619637192327 0.9081367608322028 0.6578485229989345
12 65 -240 60 25 -0.23542635260540562 0.16678642705690966 -0.15861498038355465 0.18403699880760394 0.6604968489083131 0.33531702985587575 0.7457187630875229
10 35 140 60 25 -0.11525293539787579 -0.2080346185815059 0.12449782213720928 0.5739732816669653 0.7941380987721149 0.01565898164346935 0.16613059868387214
10 298 -560 -180 25 -0.12194074396751503 -0.07954659551767512 -0.07325577887271356 0.9029781275474537 0.3836398400631631 0.2635533462192736 0.2394206147600808
13 11 20 80 -125 -0.13843135581935984 0.2008031854766098 -0.18159895714902935 0.37810280509548955 0.8892526497976838 0.17689724212291058 0.4438366958753598
16 214 180 -120 -50 -0.09386411679300749 0.12115144808439837 0.04471931360962211 0.550100012454694 0.32799891022172745 0.24408660739018062 0.685490729098266
15 423 320 -80 50 0.1347781793918894 -0.009295641131058185 -0.07584669891987844 0.41575980244327415 0.31157048054117165 0.5785126577623457 0.8525658408689545
19 349 -180 -20 0 0.03024083544502315 0.0677691267081818 -0.0375024262585863 0.8824889472826875 0.374530237226116 0.8228482439346033 0.24664238621624024
13 220 -100 -160 0 -0.11938791243478353 -0.05452892874320575 0.1627842934221853 0.49060210838629215 0.1247968110823795 0.9720146940604736 0.40253176911091304
16 368 360 180 -25 -0.027246339128563557 0.18945729219436241 0.12167403018050377 0.3976106902075178 0.389607696794269 0.4985329764843256 0.6067616875472163
16 94 180 20 75 -0.216504085543628 -0.009924507998584353 0.09294998834031054 0.6685975244614615 0.09801304007461076 0.4102924807370084 0.7200626305618749
17 94 -600 -160 100 -0.10224893915769767 -0.24607418305704742 0.10274033812698224 0.5702416164267701 0.49948164957790975 0.47754795474753575 0.9980298062618709
12 451 580 -60 -100 0.1685785467106269 0.08249792510692033 -0.12964167622008727 0.1745665577881801 0.5335754095699389 0.15090577509292236 0.5260603239726949
10 272 -500 -20 -75 0.23045753151107556 0.11177768293142348 0.11427834890244987 0.26794852284009973 0.883850604586804 0.9084167138107094 0.476752730126074
18 40 560 -160 0 0.038827420758978215 -0.10598126025247218 -0.03852600004914142 0.07970792078262512 0.21726475103210663 0.31425784716930427 0.22185955511178668
13 427 60 200 0 -0.05449504113936321 0.2482588552782667 0.09338368419139642 0.8733263503478134 0.07318661429289886 0.2180953327373174 0.7872707324438657
18 296 160 20 125 -0.22998584680349882 -0.2059857163713737 0.05740680699515199 0.49023956123518153 0.5391266334303281 0.3188456437080608 0.5157745777651461
16 21 180 -100 100 0.23213462073617863 -0.12576365069766 0.16192868259457183 0.10897596553483724 0.22465502610024513 0.639038871197422 0.6048463362602396
11 336 320 60 -25 -0.08648077326958092 -0.17547090824449973 0.017239518632217954 0.4469328828038468 0.3211890541938861 0.6414011135268562 0.7544765921174286
16 266 -500 200 125 0.08677347758272758 -0.1343031700244371 0.1468292073313855 0.3019239596033344 0.17727516101570817 0.7337935904039691 0.5204635483740242
16 479 80 -180 -100 0.24220077630797232 -0.24962287713070624 0.13139418858061797 0.19622676074571332 0.9734025334960096 0.8114617758624304 0.391317319079591
10 259 100 20 0 0.022243347373024025 0.14184086608692825 -0.08242400348097689 0.6216895406367953 0.9129385676395609 0.8293602390809285 0.6173437665912161
19 228 560 -160 100 0.06972128062800731 -0.1742028858989123 -0.13407849704762076 0.5125180700617294 0.6326676196394809 0.7795228707112652 0.3059667386247208
19 200 460 60 -75 0.1697631655456791 -0.1857522254450868 0.020604026038339773 0.6171238552566699 0.9853894610372446 0.718172279443894 0.41772109913944433
13 418 20 -200 75 0.206512366556517 -0.07748058494288379 0.15021471536763198 0.11047662182711482 0.15290693195770455 0.7011403421530015 0.20945278251000288
13 55 -560 80 -50 -0.10733880000090579 0.026630693193012978 -0.14707710000704538 0.41733876223607635 0.9205212364919659 0.7275152400589637 0.7983731608643739
14 165 180 -200 125 -0.19971909503219093 -0.0804195178948312 -0.008057874036816404 0.504608131339602 0.39943989087591236 0.19610491821922238 0.8410119673267209
14 156 -40 -180 100 0.10814519722587329 -0.10103344987560187 -0.08436027909930971 0.7245882449482096 0.9625165922384553 0.9854956567049432 0.13736307356101773
14 150 160 20 0 -0.22380695287976726 0.11003687233610693 -0.1850484087463251 0.1206255037438766 0.8251637524329314 0.40175088351709165 0.7006347878468016
16 250 -320 80 50 -0.0996986112290506 0.24920119006997254 -0.12030839439507462 0.6981727340919809 0.16798609337520543 0.9685998527331218 0.37727683450046623
10 270 -380 -160 -75 -0.2244756497218816 -0.06009361889024589 -0.1871891289103248 0.01587462550945984 0.4367461661682681 0.1347556945095445 0.5612910775615259
15 260 400 -80 100 -0.07035501856714232 0.11788811196786753 0.20499745554243354 0.8538762933941071 0.5050044528265535 0.31851079523761117 0.4790089455314043
10 259 0 100 -50 -0.18571523017237068 -0.06901777775386392 0.03818836301722006 0.355807269100058 0.39328229415294336 0.3571234340911166 0.3289230345416162
11 313 440 -180 -25 0.1874149614532865 -0.024832947097665536 -0.008636179808840183 0.3217070539716079 0.025729531928666005 0.3751835229638524 0.8375099425263844
