0.5 137
19 409 100 200 25 -0.09138311385763886 0.02458276485240407 -0.08516596509562913 0.7879654442356913 0.2555537348449266 0.6046000811196838 0.4682574795440624
16 396 120 120 75 0.04811611723918707 -0.06972146518037065 -0.1917029411188323 0.2530589792069359 0.13533685849647725 0.5737969582689412 0.010059591431399784
19 462 -420 -80 -125 0.192728906520223 -0.13483198966927662 -0.23858253786311212 0.5265236671138813 0.006489414726095766 0.9344475116662159 0.30805344112600963
13 368 -360 -120 100 -0.1341645821717063 -0.03965188970463196 -0.022922910508481498 0.6714766320236603 0.6917954015404822 0.9134739363557889 0.9179650446069866
16 315 300 -60 25 -0.17456669300094285 -0.07259994922334306 -0.09401609007960088 0.5775302089958981 0.3377926613937925 0.442700652832159 0.044900856478367834
14 283 320 80 -75 0.23693226974693943 0.040630139594275305 -0.021485065366551148 0.1766684918130208 0.9697292378821912 0.742115873854218 0.2766440268360332
19 167 480 0 -75 0.12990899590799326 0.18466744668860385 0.19983894103080935 0.10668981580247627 0.4028326786079788 0.6870749805670756 0.4597806873714
14 65 140 120 125 -0.213610739238485 0.008899298115254972 0.07212706716982298 0.35752982643271847 0.3089947653107683 0.6556993306615301 0.9829471267439482
10 318 320 100 -25 0.22356660786353527 -0.22865491136175253 0.18834736391126755 0.6541781633924826 0.5848317886701729 0.8567798349774016 0.5663022246392105
13 479 -320 -200 -125 0.07528134605751496 0.03836989944143615 -0.08104423599360666 0.5049063639128845 0.20472882515792634 0.993418389542602 0.4443262090938427
12 231 -280 120 -125 0.10809764398358684 0.19931209819248458 -0.04026079102557467 0.3073003734042211 0.004108075463742478 0.14400888640344733 0.9533259053618358
14 14 220 -120 50 0.1939480773747183 -0.24203631966887718 -0.05601020470586948 0.5963556865671155 0.5587282714995876 0.09197918152728068 0.03061398075020194
18 398 240 -180 -125 -0.1530896745909237 -0.1616083390345756 0.22825568918066885 0.09258613970453689 0.1305014864996733 0.1958574849294331 0.36625097776894333
18 264 220 -60 75 0.2171180593959562 0.14440012133874186 0.034499289425322155 0.23168704405602591 0.08292471431384218 0.13908104157449264 0.22400885829366735
18 167 -180 120 -125 -0.05768477425820656 0.0033298841839075055 -0.11390050232033083 0.1062355366358303 0.08246782903690575 0.48805587762674685 0.2669650405602142
13 368 -40 -20 -75 -0.19483036112890434 0.14064199613777661 -0.1037539090924055 0.28313328916795677 0.8732580609738754 0.1253503188084465 0.3291804679293745
16 208 -460 -160 75 0.08102484966073686 0.20075209580373554 0.0696931799955735 0.004538197160410484 0.9170304714815327 0.11659431800927511 0.581764214456005
18 312 -40 120 25 0.2254282921252695 -0.19561260070571312 0.07542579965074109 0.7421062686249474 0.23699791603607512 0.9591274936029959 0.28051915511381176
11 47 260 -120 -125 0.06271332853570649 -0.1631581086357234 -0.014031537914974856 0.41486157681941493 0.10778349279000388 0.35769920818907086 0.002657250701109004
10 199 380 180 75 0.16697840155677673 -0.15765528039041293 0.20545227786969655 0.036211969645101205 0.9574526899013628 0.6200420094177068 0.6645190384358098
20 168 600 100 -50 -0.18006743536139713 0.2258067066335262 -0.03658744181687529 0.30982115383561215 0.8103167877759034 0.2994493441128372 0.13860429076312553
18 490 160 -120 100 0.09514000679165502 0.13714949702017187 -0.06821943389984525 0.7210863105925959 0.23421006333543182 0.10804070284516154 0.8753264047684582
18 67 500 20 -100 -0.24019407404786708 -0.02735535478959139 0.09957937689403473 0.2624663407798016 0.5398305771680914 0.9546493495452144 0.5598790548347735
20 461 -600 -80 125 0.11509819004191624 -0.21883758563900235 0.08441639991927558 0.8718234634017771 0.7151511212617347 0.5830495862386572 0.12192558806956011
12 423 120 20 -100 -0.019775012801213854 -0.14950646088331393 0.18473991405114953 0.9894675773460708 0.7611431728806031 0.5696444535408193 0.25224265688237224
20 460 480 60 -25 -0.168791199357758 0.17992853248544338 -0.18507559102782473 0.3543935008617558 0.05238224011640569 0.8134199327157964 0.9639178506170163
12 199 -240 -200 25 -0.11125277843343573 -0.08279200645265533 -0.09473987852576965 0.107984066725474 0.06696923213134165 0.8510410836531817 0.4684347023273142
19 237 -240 60 75 -0.06901131597820698 -0.1806449755572409 -0.014151319827707565 0.5041880644464686 0.8111669480403413 0.7139307475257853 0.7165467277510805
19 267 -140 -140 50 0.2267000820786178 0.07182013827533074 -0.08680634599145676 0.31928587977144496 0.4050608455734962 0.574289774633639 0.34554998055372443
16 276 -360 -200 25 -0.07823917782742201 0.017339658222194188 -0.08551864230001782 0.9280483662543648 0.6300474433952757 0.9340924237827448 0.20176510411766546
13 108 -520 -160 0 -0.026178148205551977 0.10848911243760218 -0.021202847193866725 0.5718571563075717 0.12560304404677325 0.0639204481766592 0.26929125127113185
11 396 360 140 0 -0.12632299985605733 0.2028791195412461 0.2304294172297101 0.750046351243845 0.29965139450356937 0.8847585000006628 0.8890382404641286
12 248 200 -20 -50 0.05313052569431198 -0.02829520049830425 -0.11364278595480459 0.8313007679243531 0.1977370825032314 0.194038966184793 0.9905876384681921
14 345 -540 60 100 -0.07056998588031599 0.17194416127469841 -0.24250551602607012 0.7039007413307284 0.7687672917945896 0.00247998711029207 0.11121194719968241
14 372 -260 200 0 0.09171967423579847 0.11246220456809419 -0.002111018845887158 0.023714567498692163 0.7674234490998293 0.6262316961376105 0.7047734253672305
15 53 -180 120 75 0.03741775455180263 -0.1715899564077315 0.11419961257579797 0.23338362404819246 0.15800827286046804 0.7799939875480137 0.7558344262201891
10 290 460 80 75 0.1498494194869064 -0.027871537050003836 0.22013761143227156 0.882534882685473 0.20415453598862798 0.4274097021832781 0.5348007210434886
10 243 -320 -140 50 0.21329154162312847 0.14463063848282043 0.18072461778399923 0.4766461823535112 0.8082910699973999 0.05024273901229093 0.4797667062396137
13 86 300 -180 125 0.1829132868760176 -0.18183367755718888 0.10893748863953945 0.9451503993354041 0.736752801337997 0.241132665861869 0.3206640414989179
13 265 -220 160 -75 0.080474387702764 0.1294335512828244 -0.24270505273573922 0.6219297949932778 0.512602032091343 0.7799077249465872 0.028292039504240196
11 73 480 -140 -100 0.12060932056372115 -0.02367037263754418 -0.15320895161713555 0.9156243021772613 0.013659011332063264 0.591048635645467 0.3334451204778589
15 342 240 120 25 -0.12688988697520082 0.15217240846870533 -0.17317546616742263 0.35903974099480473 0.7688283116532801 0.7665540746392511 0.819577528077057
19 477 -420 100 125 -0.21794402602439944 0.03582512404911392 -0.13562370313206085 0.1316134536082766 0.12450054318953119 0.3320992105859718 0.9957422967938643
12 132 -100 20 -100 0.03829433163823276 -0.20545871015227568 0.1286986346120883 0.3665966499685047 0.42467625770558837 0.010435082029623954 0.2186819478603046
16 101 -100 -120 0 -0.0072371904165906 -0.16282805309510756 0.045590975450173266 0.527738966062338 0.5763456124679969 0.4554817418143545 0.251048353882815
17 88 220 0 50 0.08910777734651165 0.0686922715208278 -0.05542777178839209 0.5706108410192854 0.21353919008210465 0.2386043544945876 0.02581048362353766
12 239 300 -60 -100 -0.24868363398556997 0.21861247923826121 0.12325946748282751 0.9869535890800913 0.10073911827905868 0.8284039785334051 0.5673259377282293
18 500 300 140 -75 0.22734598008050116 -0.24215210520729208 -0.04527783150174214 0.8638823424241534 0.8523242066712667 0.5445305832978835 0.8460285640279398
16 397 280 -120 0 0.20378120549563555 -0.16961660944901685 0.11083918844463742 0.37765322658966527 0.7317347810590165 0.5179520877354165 0.28420361264333427
19 125 -300 -200 25 0.008229132108948323 0.1917000152570958 -0.23393360085933101 0.40451841095600016 0.4141573059737419 0.45052988402014915 0.7971023508532523
14 319 200 180 50 -0.09058822541777312 -0.15943018463531367 -0.15153977759584342 0.7868382183899002 0.6899583602581776 0.727387476507004 0.881590141634376
15 32 380 200 -125 0.007088040269109419 0.00013139789811789093 0.14977887325643952 0.5635862019804971 0.37003636047549315 0.21410810911575662 0.4046787102981637
17 70 -360 20 50 -0.10556309076473142 -0.12189494274780527 0.0250314564630435 0.5959432976833471 0.02944992657419354 0.017474797485365068 0.4180940427311769
11 419 400 160 -100 -0.13119595760606273 -0.057515090266772984 -0.07999494874467405 0.05755417184671019 0.699994895751216 0.1849823568107246 0.6002879105603627
18 494 -580 80 -125 0.08588594294282109 0.07325396349549879 -0.04768535522059375 0.5722785631445272 0.7805041062746817 0.5106378748664538 0.8360030094190762
18 103 -360 -40 25 0.10916660720940125 0.17591171287792967 0.012805920622177336 0.041149703193396725 0.7339188937142258 0.49796264086788267 0.8439743081952398
19 206 -380 -60 125 -0.03496617543275354 0.04743658668173695 -0.13238216481620524 0.4845804617387921 0.05646933787783204 0.14291030627720247 0.47080581904286956
18 195 40 0 125 0.1867308354888798 0.18059028003343658 0.21500321524717875 0.5347799991822489 0.634595142745187 0.665828877261105 0.8988090044092083
13 159 540 60 25 0.01091337981075785 -0.23710886573028683 -0.044034926779379535 0.6166565310827454 0.8088936153478092 0.6896624242687116 0.02155583265390537
16 436 40 -80 -25 0.19879638095186752 0.17189039330047368 -0.22743996175176912 0.7683148444438598 0.016299885581713247 0.5899112152698661 0.3369746599202149
10 268 400 -100 -25 -0.18531166705416696 0.04889198523729349 0.14040997925922005 0.09853568001249335 0.02477104536868091 0.7025152031915038 0.19067563941050036
17 93 180 160 25 -0.20451766043097025 -0.02473284650910207 -0.16654196276117295 0.3466132644070926 0.4725714793548158 0.83535689630657 0.2236569761099666
14 284 240 -80 125 -0.07242331280046688 0.09274728757135448 0.08937104732002737 0.5090516301180527 0.20454333688276616 0.9119811207906975 0.734577352026648
18 409 -140 -80 -25 0.06173146698356907 0.2000766999107465 0.16418364266305524 0.5706221309547796 0.546221630828372 0.34898984025168445 0.7209789967601243
17 339 -120 120 -50 -0.19061976135770947 -0.2358267148929779 0.14758932674052078 0.46608644597702364 0.7486714833875169 0.13064874695635242 0.5451796852712067
19 396 420 -140 125 0.0876114583917677 -0.11604404320143802 -0.15423541090293036 0.45208418887878155 0.3463220653350523 0.4141201666508444 0.7772678988932902
11 293 40 100 125 0.05741893323939384 -0.1627302431255241 -0.01881977918888228 0.6907591660155644 0.5959653065275929 0.2536616757150174 0.4589780273432248
16 69 -240 140 75 0.0447704043215546 -0.02921808568165496 -0.1407721827365081 0.46182000023503 0.8314385954856721 0.6132361313197342 0.5895151334693811
12 485 -420 -200 125 -0.0791637202787347 -0.194635050530663 0.17320734338520372 0.6182279251418399 0.2866998643585281 0.18718092061067348 0.331096649248696
20 44 440 -40 100 -0.08242131991393631 0.05074628599337694 0.24611346672004086 0.9381701856800354 0.9566924946428909 0.639901758977368 0.6553703384189203
12 224 -460 -20 125 0.09506625871285518 -0.11330063004959462 0.12044920252639746 0.6708417469319545 0.1271510787986333 0.6610743036391192 0.06176270591038946
13 268 20 -160 -50 -0.17268808311951567 0.056768983583481314 -0.15266912584243247 0.7053034378122849 0.1548269420868812 0.5794970280357026 0.6748812493006593
11 187 -300 140 -75 0.15159742588280384 0.01819149831370176 0.11471105374120288 0.38594558295221715 0.42755063977156005 0.27758466032288376 0.1974172402974682
18 445 -240 60 -75 0.020900449870398352 0.036655789532213656 0.017549436993064105 0.8819820043374754 0.601486921199269 0.49150751053680986 0.4821405553940551
10 338 -460 -160 -125 0.15061983224142272 -0.07263607382129705 -0.06562205026170459 0.029670309813189077 0.4392937188791709 0.3934689680035883 0.2910023439614684
20 1 440 -160 100 -0.023919346628444083 -0.15110136520746298 0.0796202034596808 0.10305241009538502 0.82155607891742 0.29770769074753034 0.5263070901682247
20 332 -220 120 25 -0.006361927473249984 0.2051429798571453 -0.17460350444605094 0.6068065712197539 0.21170468006812437 0.7712221517418106 0.013265825866520142
13 490 -280 -60 125 -0.18839596180946588 -0.107082875765732 0.130399176679227 0.7180493178887088 0.47037485104677956 0.25418990190984014 0.18097298783697113
19 331 220 -160 50 -0.03403847813723726 0.15188458776300268 -0.1116904937638809 0.9367858537641546 0.6312665359515657 0.43642586670586103 0.627622433987772
17 185 360 160 -75 -0.040657976295554676 -0.034577901064191174 0.05009580617871601 0.732084646398902 0.7864090808248211 0.11687575150818652 0.7042740650697703
11 276 -320 20 -75 -0.05724980503180799 0.2065222214289646 0.1403682666189528 0.28806646447996764 0.814816492564518 0.3092023852485639 0.8993888773342373
20 40 500 100 -50 -0.16543505291454857 -0.1516288189943406 0.007224020077682858 0.09924199645728693 0.6965757254225976 0.38811535060152513 0.931537012145586
19 497 560 -20 125 -0.1163966261576081 0.22964776089626676 0.12689293164416732 0.7746833868619487 0.013386533200304584 0.41747950159763914 0.758047078893091
19 46 -560 0 50 -0.04168055363733508 0.06298164394069361 0.11874156930033497 0.6538397906112554 0.009199076662698924 0.30197283308423073 0.24341823211555225
14 147 -340 40 0 -0.18268542319287134 0.010222736588797854 -0.24664378916678975 0.9206193076966913 0.8225278222394881 0.4503148029709447 0.5174502035864308
14 440 -80 -80 0 -0.13220783503556266 0.010800701751654151 -0.24393084117320835 0.7089035676445001 0.5842371027733935 0.9493716685791884 0.32438132153303456
18 414 -320 -20 100 -0.2285176796604657 -0.23723791159253177 0.01400334501422379 0.8152132196436402 0.004116875277863974 0.7072153890363606 0.26190906274031667
17 160 240 -100 -25 -0.2257563998501142 -0.08464950665194898 0.07950246869520994 0.8192578439310911 0.939832035115027 0.9336244271085428 0.3308639970466869
15 203 240 20 125 0.0005456506405115968 0.1727131412691802 -0.14814590315708748 0.09904487965751663 0.8217217086188621 0.7168962369508378 0.07660407249664825
16 500 -400 -200 -25 -0.22132641283956894 -0.026393359298507613 0.0006503512989439741 0.762849057643779 0.3343794514654639 0.24680999632925538 0.8036857443349601
15 473 -20 -80 25 0.06029276763213759 0.041427549506119876 -0.05322007440093951 0.14359736112735766 0.9830985125563799 0.13836370422610555 0.966703311404733
16 483 340 -60 -125 0.11556500079964449 -0.05730314301957096 0.015249612095350806 0.5584866647553095 0.8170224448518342 0.04676494010240595 0.36628330500300466
17 248 540 -160 125 0.24143321018465153 -0.09803280136744391 -0.206621923392122 0.6618989232325108 0.4979291818336292 0.6496444346256393 0.6612350700270165
16 383 460 -60 75 0.07244436667895238 -0.019812370361493747 0.01003800211372724 0.17410963437586902 0.9975896055144483 0.2748987808108042 0.634148835230344
19 438 -160 120 50 0.06331339885837795 -0.221248779098899 -0.05455097812717158 0.02139168411636372 0.45372246590642284 0.6716382352761866 0.6474466846331758
16 480 500 160 100 0.22672495433090206 -0.06823570312211408 -0.2238039138823424 0.37947635236790545 0.19499137663308708 0.4181525774638929 0.9443167517324759
20 357 -140 -40 100 0.19260939818749628 -0.01778225285054702 0.17331770027717752 0.9754441399986983 0.02739384726753591 0.5989914321222853 0.09792730258322568
19 315 520 -80 -125 -0.19066120389983998 0.1890039757286055 -0.17435402366998715 0.2370521131334068 0.7228184779891749 0.0720587210143151 0.7423183560088604
11 246 -160 -80 -125 0.17909798426585344 0.2398373937419101 0.24132799358058704 0.1305736643979204 0.8432875719357297 0.9821722553775989 0.796135327645826
15 420 340 60 75 -0.24014817806251254 -0.05624605938107213 0.11846145219046944 0.3076400627986612 0.7195698934628469 0.43481101254371446 0.8467926080930456
20 233 -400 -180 -50 0.22933689156341275 0.022867737962132928 0.2470165407958791 0.1472297177703078 0.20358026862125267 0.8230411733009936 0.9991485648209928
15 434 -260 0 50 -0.006348208571720526 -0.174950511424997 -0.1937779980099652 0.010853051686853576 0.10690644730225263 0.24546302985130442 0.9194026696850806
12 76 420 40 -25 0.10555277840792188 0.18088861309743148 0.10626569970853966 0.11950409425469932 0.27152222532035886 0.493737433227205 0.7309244309394025
15 33 -480 -80 125 -0.23158969469113655 -0.08872726688994764 0.14583458989452752 0.5919672246210623 0.8704968376947249 0.8932538092313613 0.44830827775604376
11 154 0 -100 100 -0.08020841169244963 -0.17343641554137323 0.10251231903714797 0.003728756644726494 0.9541819869759329 0.7315598358887595 0.6711402883776525
18 390 120 180 75 0.03269051570938497 -0.09866475757437354 -0.005559024276366065 0.21703802602785405 0.43055496667382276 0.027415218705566624 0.49505402961648837
18 220 -600 100 25 -0.23468060992879758 -0.0894512582293604 -0.2240855537985973 0.9710582123985912 0.64295285924151 0.4034358474133294 0.5053374373735796
12 465 -200 -100 25 0.07458238884825952 -0.10931438938692278 0.08116071992556939 0.9759675282711967 0.6699413521157638 0.9097385841710329 0.30070524847712243
11 329 -200 100 50 0.2276403032862564 0.10973197949477675 -0.04895489376871792 0.9302917672939854 0.7630043022336933 0.5022626509182196 0.9749258209224584
11 407 460 -180 75 0.1949555670176129 0.03600492374186487 0.10228630148039108 0.1715949540895696 0.5430254287019959 0.9014759974827582 0.3534384610845106
11 475 -240 -20 -75 0.04306448402491725 0.15094029112251806 -0.18414304300994472 0.7610048513009263 0.7029897657737697 0.8519996896094624 0.10237449784877084
15 335 340 -160 100 0.019954823622730766 -0.24463182451521587 0.16062046909768174 0.5044389623911019 0.7727914652157418 0.3612072032638902 0.2856353387616082
12 365 240 -20 -125 0.03563305347805351 -0.2278261341802283 0.1808245058791424 0.10311991280254351 0.0036252415624622447 0.4556310644129996 0.8311650687715773
16 228 420 80 125 -0.09545105003489762 -0.23570410570519384 -0.09504385384382086 0.4343872359062636 0.5068169650742246 0.7981977263677488 0.2716815175548142
14 442 -520 40 0 -0.017899438055569594 -0.040384068104635185 0.22380643075730505 0.08075126694940149 0.413191918126138 0.6969728358988373 0.23763022647061494
14 172 140 0 100 -0.04535498608774008 -0.1762950273038344 -0.03323997459336814 0.8081872383551938 0.5010062974537451 0.29204591547128933 0.6018833909240846
14 140 -460 120 50 -0.19405837643269147 -0.10670005412903416 0.09949282597841252 0.5621493636781032 0.8418353405909302 0.6102820741630698 0.39262473833605316
12 27 20 160 25 0.05259880486115864 -0.15793160507133114 0.16618796280920217 0.7439359163619336 0.3773881844366469 0.7472415882776372 0.026745817235211078
18 46 80 -200 -25 0.1675932967637322 0.16819509447981534 -0.1237965192047289 0.23240532539510816 0.5287214809601601 0.9210687744107646 0.9950428317415235
11 352 -140 120 0 -0.010030352667604214 0.23021371996990997 0.08540206986541543 0.41080404714521457 0.9697178848716462 0.7483946371298308 0.42781862417865224
19 385 600 -60 0 -0.18685106133734858 -0.03694459650029208 -0.0001735102347452111 0.7965675287652194 0.8487543365079536 0.194294744852466 0.4908131325382423
15 341 -100 -180 -100 -0.1957411787221422 0.2232014521791384 -0.24277240785196624 0.4149600616358713 0.9165805750902786 0.16688011284608173 0.11304823495125271
19 239 240 -160 100 -0.1791744726338459 -0.07863078684393315 0.11888510662478419 0.7555879816347262 0.00260307256028125 0.6569038193470325 0.27859910858495884
10 310 -560 -160 125 -0.09046902053341299 -0.008146895935742915 -0.12487165047021093 0.18539642058312644 0.04159030908038108 0.9650007189711927 0.14979834400681302
12 453 100 200 100 -0.1842970190687674 0.11795792941730304 -0.09111673540381143 0.3221357736612097 0.7910271571589992 0.9993037875926539 0.7741366673596637
20 189 -200 -200 -100 -0.10794923022436409 0.050805607971710576 0.1197494280006502 0.25486404093027704 0.4718589544509012 0.8691390878696318 0.7881989651024551
13 412 -560 -60 50 -0.0015255167107778855 -0.016857068026951083 0.03684053701957385 0.7648687082757053 0.6612848624417985 0.14602277117029527 0.7823920411790768
13 209 -600 0 -75 0.07536072206082883 0.11371693303215591 0.20074112601562022 0.5192702201720019 0.23005290879435836 0.27129960637915407 0.14377022074227985
17 253 180 40 50 0.19147559867892616 -0.17592578673070164 0.1367435558353029 0.5507633379940569 0.5784964005094365 0.3598553809816384 0.7704856208028888
18 283 -440 -80 125 0.09817065835476285 -0.15825766900370436 0.12416222351437456 0.4401317864265327 0.8116446731315003 0.17811964557275028 0.5038726624662726
13 334 -140 -60 -125 0.10775548448062311 0.16242057298121892 0.20712578530940912 0.24691405324461324 0.6650599356126534 0.10288025441219562 0.6039547158695301
19 57 480 160 -25 -0.03661225167935711 -0.24907674965125937 -0.15786633116489485 0.8764231435484003 0.952130865640702 0.7052807321154753 0.668606893593581
13 118 340 -140 50 0.22684696508249663 -0.07241208689317397 -0.10613086687543238 0.2168493188240621 0.4697977379598801 0.7508501125234556 0.8244025091909749
17 461 40 -200 50 -0.07444001679336892 0.01332115374888293 0.08719385963991472 0.5809356486465763 0.40341000836454766 0.35834754360643584 0.5624585420845142
17 117 520 -200 100 0.1849568294430688 0.1281336556470578 -0.08270138088338286 0.5597527041178225 0.3482028498743568 0.35024079153256615 0.5970812911999309
18 360 200 60 -50 -0.05165633334632447 0.047321790498814575 0.07850170536192941 0.21693544358448635 0.013317224151778495 0.25009388863658166 0.8518356700660605
18 325 160 0 -75 0.09440739443896073 0.018180935909386742 0.23831823041177153 0.48244017534694206 0.33684500737302026 0.08386610202202927 0.927270496735507
