0.5 250
14 49 600 -60 125 0.12901946437678335 0.23452351710493652 0.09080911356265975 0.4376170172074917 0.7757025196619539 0.6561510216074922 0.08105187220052745
20 177 480 20 -125 0.03365136870913482 -0.026434963103482312 -0.16612988466763373 0.49547801159430693 0.39881650807813307 0.18955227959116827 0.015160724873930942
16 417 520 -80 -25 -0.13929793976774502 0.04467677156837363 0.029688894696464296 0.46953481272621966 0.11242705235692185 0.760722077429228 0.44337875442844366
20 326 -560 20 -100 0.14480673992078896 -0.09231971292696117 -0.12749202731851428 0.8402545555296036 0.5625101997176363 0.6425347404620408 0.04188947417572719
17 25 -160 60 125 0.12360307095444628 0.23172782835323735 0.2057286631193001 0.6580054728593161 0.9599386521034643 0.9465262804137109 0.9518128627369625
16 1 360 -20 -125 -0.24576146095353962 0.173020971268175 -0.21806685008337723 0.5003561751838225 0.954738736436317 0.47011336605706877 0.04578346671580791
13 477 -400 120 -100 -0.18759950613200016 0.043928206848895146 0.20812809464141202 0.48560607896982444 0.770683530722447 0.5446825592138222 0.10640005648328277
16 144 -240 180 100 0.2482184327962677 0.013390571288000752 0.05062743898775829 0.6607121309301361 0.34421993992272426 0.8165647705876757 0.8381229686356739
11 203 -200 80 -75 -0.0312362288690769 -0.176661051434243 -0.006396771087892716 0.5857196414262908 0.4376780735745355 0.047699419419856004 0.3582086152518382
17 4 80 200 75 -0.20272149754239183 -0.14814946581294203 -0.2303148284480413 0.6729793048394912 0.5001997412520283 0.12407632703656901 0.4308952881845787
17 74 -260 -100 50 0.24505193372192519 0.09688274490100707 0.22443709831874192 0.033722576706611274 0.9244890781671159 0.6371022082811574 0.27398308825460194
12 344 420 140 100 0.04373954894968901 0.11541765239607438 -0.23914740804803192 0.7914375225285327 0.04822807081679359 0.8088089305216822 0.8788951885119181
18 194 540 0 75 -0.2152783419443695 -0.17565906425244604 0.029364911308678243 0.28098705749829933 0.60771651177858 0.9769812488784673 0.27295088094623576
19 16 580 -120 25 0.23451666254372344 -0.03213508712559099 -0.09200713329793775 0.6301690059081112 0.0394191990720707 0.006708020094748579 0.32235456148833774
13 424 -220 -40 -125 0.2119286084995438 -0.10356019322985799 0.00455697998647181 0.3819284628740205 0.20500031213072611 0.9137061029088325 0.8785305143179546
16 72 -320 200 -100 -0.0328065840221074 -0.10186184704883089 0.038323958186587403 0.6078130066786043 0.18361039540080448 0.6213129175642825 0.34360094921622697
15 451 320 -100 0 -0.12823772783088877 0.2041187279982553 0.12697348557454285 0.19345593414378426 0.8400413860562845 0.5391222856010287 0.07293841459520067
19 373 560 40 25 -0.14729004286253367 -0.1550954123430895 -0.10503182969234681 0.8698976995375325 0.9310511367085885 0.3916342086082456 0.16502430954879643
14 365 -80 60 75 0.10604569395404612 -0.22777823523288365 0.17405411947111732 0.02542049659020773 0.17380097905421688 0.9963816517083992 0.04631848017320328
15 177 -160 -140 25 0.22469417184314439 0.20585900548428165 -0.13209400392143916 0.7488868321704221 0.8313624347715446 0.6961760520981227 0.676424524240996
13 457 -200 40 125 -0.007058764025056119 -0.07774236046275101 -0.21435809692169672 0.0364691306853655 0.8475592185231032 0.8090780694621206 0.49296026268979243
11 81 -580 -160 0 0.23857566934207192 0.16324430797650952 0.23122360679641002 0.6933581050989711 0.10794404631186905 0.3830903131124015 0.6081511063374211
19 388 0 140 -125 0.07520052503390989 -0.10719574672149462 -0.24149532435120485 0.29026327207667446 0.002082278742829513 0.6721347624790399 0.19055500320757868
11 1 -580 180 0 0.2254483945579499 -0.06038167844395825 -0.19233589645631927 0.09580973043803331 0.4112143874689994 0.2776967346778838 0.9164205052662567
10 125 -420 100 100 -0.05536132072089961 -0.05040252812355672 -0.1642637233535204 0.5985793685604054 0.6580498849324206 0.2282563319971519 0.44440451590835117
11 426 -60 -40 50 0.033246623444228685 -0.17894089672494923 0.21211509767203102 0.8279307299400783 0.2806779664044081 0.502050489174306 0.040344909430421905
14 207 380 60 0 0.22064796547042415 0.005437414095767257 -0.1269713512206211 0.39362444695787824 0.8973365998698952 0.15591933058572238 0.0351777979044221
13 463 420 20 25 -0.2328611268404729 -0.009698474302633209 0.1713234779386273 0.5444047673368948 0.8038633936511851 0.5176633746371277 0.07974005110403182
18 153 -140 180 -50 -0.13084252765704613 0.052001860983179105 -0.03862316593971976 0.9404504913921432 0.7081892294849548 0.9848327069040713 0.5765595676489103
10 267 260 80 -100 -0.24032454692582483 -0.12214402327966806 0.12315211132730725 0.6221708904304806 0.9718550679358865 0.3221479849724662 0.285534986471878
14 258 -280 -160 125 0.021438405196212873 0.1491965427675333 -0.2019095766331801 0.5814175202104174 0.19309620565499874 0.6004862064647863 0.6625600922590521
10 13 60 -160 -25 -0.17351544336679098 -0.21486705362511566 -0.045496168161269834 0.4799712210507201 0.38744101592820424 0.3427719057609946 0.8441536813377132
19 42 80 80 -50 -0.14879620191248355 0.06856454975527931 0.12648189098895624 0.20131745675113155 0.07342017779440535 0.46856728155104077 0.4807803403815325
13 295 340 -100 -75 0.01672027514686475 -0.027672842458667413 -0.2317881746289709 0.8999372210017006 0.25619849735746336 0.8552414781595655 0.1489292517470826
12 394 420 -20 25 -0.017283664868191162 0.0609160229810623 -0.22336154743632003 0.2002091410060879 0.7789369625654198 0.5219171920971528 0.6747976316113066
16 341 -200 -160 75 0.18991005537110228 -0.21023761314678213 0.10474504112831329 0.9377647439974294 0.2023801904660466 0.3901810536999931 0.4175038575686625
13 378 -420 -100 25 0.17451023700478785 0.0016207810568680814 -0.2191636953446615 0.5752282174117175 0.27581993186584564 0.20450387911383316 0.02744685720712492
13 262 -20 180 -50 0.138257896809807 0.09985555221518749 0.2008269761935545 0.7443091667874235 0.6374381189280969 0.16265526887022097 0.7949796316715433
14 239 400 100 -25 0.018068498332708127 0.10471531370576365 0.08945597704915542 0.33620423270606126 0.22654008945854442 0.8387560424523594 0.37850675696039504
12 252 -520 -140 50 -0.030665829413010326 0.12666216098245042 -0.11728022998577903 0.23316472116213283 0.8673433635718797 0.4882914484585138 0.7506239033999993
20 353 -140 100 75 0.18848875450705355 -0.23689688968639866 0.1140986562545544 0.6292673840380576 0.41391369372956566 0.27128155442350277 0.4093837299172006
12 426 180 0 100 -0.03269785684275667 0.012380750361096815 -0.20026502349484304 0.8765973645998232 0.51670905281625 0.04651643357280322 0.32546582875032526
15 247 460 180 -75 -0.03945376836674913 0.17075414291808033 -0.09674227742432279 0.44109434496348965 0.5555010873870972 0.8231599034754912 0.01603334132180745
16 493 -60 0 25 -0.24837643039081303 -0.0864328640076425 -0.14567133913147096 0.6425063740761109 0.6929687088984463 0.06868033348583003 0.2959095984047184
20 263 440 140 75 0.15760006290987605 0.22344301749685724 -0.20919910315837503 0.0011912834526536242 0.9941472114443836 0.7422644547595 0.1985543010219023
17 1 20 -60 50 0.18030000886827374 0.02783238214121031 -0.07447936927417592 0.5743058765501912 0.5010703034343533 0.5279371509523703 0.817757753211778
19 489 500 -20 -100 -0.11995994581698749 0.030574779461380264 0.048841281623762334 0.37118608161198197 0.24420711709299703 0.17561965710118121 0.6488301113180058
15 149 600 -160 125 -0.049478208922247136 -0.11634451755735936 0.20368318270264657 0.28672959942048537 0.4864956352222103 0.6100738626437939 0.03593656164313086
17 210 -500 180 -125 0.1322715105327194 -0.1427846170711023 -0.06082578744138695 0.3440927730138187 0.19170505303806173 0.3084778054409567 0.8241760426368858
20 349 400 40 -100 -0.10787639174205216 0.1989938204959657 0.2275438211462995 0.9337076994857412 0.32358704639202096 0.4352532961375313 0.3404945126739246
11 292 120 -20 100 -0.10714382179601789 0.19944668394696863 0.015250921999401257 0.299749107457985 0.314252571627166 0.16907626862061953 0.06954849201308677
15 62 520 -40 100 -0.08822362705279546 0.07774880493593056 0.06870564120261385 0.2900459863807201 0.16197368953154123 0.8414158297963213 0.5098364318403078
12 30 240 200 100 0.05424924514947327 0.11150377732045619 0.1825118171014315 0.8514989695974573 0.7141408971639428 0.43030812327350787 0.3684330886923366
15 185 -540 40 0 0.07626988843131272 0.19867039850878926 -0.13331639025197128 0.5650075221444023 0.6877790138023524 0.7294360905991026 0.09576735268784875
18 91 -560 -20 75 0.09140316156960338 0.17518445778320874 -0.23748584643837906 0.8423350404278143 0.5114336277865414 0.36031424700176395 0.11889766464693341
16 360 540 20 100 -0.010627163335853562 0.18669328684330033 0.13866828958578298 0.6857976916078812 0.7673452455465937 0.8782736215434932 0.11064429948180499
12 33 -60 60 50 -0.033286634088316225 -0.1893464323345329 -0.18496368233602356 0.507842710528944 0.7668959960957309 0.7677482302453396 0.803561732101488
13 241 140 -40 125 0.1907217130729969 -0.20182553819702653 -0.08671637619697026 0.8251356470086496 0.4936569311400957 0.19881694647616854 0.17614696207583902
20 109 -580 -60 75 0.02475603036219598 -0.179604076685757 0.10034053687094219 0.046157675395173126 0.4347751547354516 0.9464493995623587 0.6915373573867643
18 269 -260 60 -100 0.009377690590218701 0.11245995822089094 -0.22454497665889134 0.9270790429298634 0.11735621726376655 0.24395974849115076 0.7147803718994629
12 319 200 -40 100 -0.12450689083481009 0.05687624480261538 -0.024775849093516156 0.22113119854668384 0.23379037135567537 0.4596186092431962 0.9562401510646419
19 73 200 0 -75 -0.11536052440451378 0.1887494198567044 0.14222808994228608 0.5095822581005542 0.4071690876861509 0.765259480854203 0.9404420656381979
20 352 -220 -100 -100 0.1233386854983416 0.1494862757077497 0.12334673937238333 0.47939345703158387 0.16556825044959622 0.7486865314491599 0.8841528158920821
19 169 420 -60 50 -0.06976075502647539 -0.22948079927699566 -0.06134683984325945 0.3069775038824415 0.22614051615185782 0.44411578041796995 0.7493917392683194
10 206 540 -140 -125 -0.15154246318393488 0.04438649684570606 -0.06219672875479915 0.4300562411236166 0.7067790467419403 0.21323258188061955 0.02237191135066241
13 24 -40 100 0 0.03216505822608556 0.16195662062813082 -0.06547228747758965 0.6002696500849568 0.8007775111297243 0.28949975029087405 0.7395283299891805
20 322 200 80 -25 0.004278653176025937 -0.2406005834863586 -0.07800535556727578 0.3286043317711652 0.26888321316140307 0.19642632494917656 0.5573397628209367
20 159 220 200 100 -0.17954274348127597 -0.17081290876653488 0.05763455000862577 0.3523759072720166 0.8517333020698095 0.5061136148276834 0.05873430421337167
10 169 340 180 -75 -0.19289710177725916 -0.006137318614296061 -0.13411476414864482 0.30488945348508556 0.12898975198114593 0.4914564208158496 0.13082055495555311
11 469 -480 0 -100 -0.1655275242162425 -0.06032536264521371 0.15323205582105498 0.24312111964602134 0.8145850530609301 0.142915196241449 0.47974493647265837
13 493 -200 200 100 0.11507811046078786 0.19523496061039325 -0.22520665453013428 0.5162328086761587 0.06129947623439813 0.4844670465774277 0.23650449883361246
19 415 240 -20 25 0.08289528844660032 -0.014307798839999941 0.044053946983190206 0.6400951951387445 0.30947483860471947 0.38858139686950877 0.711032706722294
13 65 -100 40 -125 -0.05952927516482903 -0.22991165370776334 -0.038098196106081395 0.40273669467112827 0.3460411943229841 0.9921186390045466 0.958760852110253
15 15 500 180 125 0.10157620453628413 0.043659829509214876 0.1425901884792375 0.8405935045941868 0.9666872568949205 0.3691917086926736 0.8937072302316009
11 168 340 -120 25 -0.12593511518885958 0.1739795607354862 -0.21462214358546894 0.8402932114057693 0.6423941750991533 0.41591560797159843 0.7457994811071162
20 230 -120 -160 -50 -0.15211131280948043 -0.02349572906819969 0.09311163210428014 0.46561937314592383 0.8849521376814702 0.7527450462928097 0.5036721182075192
14 310 220 60 75 0.020374772995579826 -0.21680623521157255 0.1287027392081314 0.4647754285775788 0.8742974172055651 0.8991177431895927 0.13848864334841782
18 182 260 100 50 0.1613009070254982 -0.04509812392813195 -0.1067823381848742 0.5787737476240582 0.684845231695632 0.2727448393332106 0.05545637735440101
15 219 500 -80 0 0.2358219319837953 -0.1759208937623427 0.16803480016715877 0.6232395238589983 0.12576380571729118 0.05512813502142866 0.843534795418015
10 100 20 -180 25 0.09868983413350862 0.11232038663792931 -0.21257858966935317 0.35554126946954834 0.7748830972001509 0.7769559443610791 0.020386852947472556
18 402 -520 -100 -25 0.2025393705859312 0.05042658950365975 -0.17102872310979828 0.7609631798400573 0.9813323516698087 0.7311400937815936 0.13768084760840915
13 296 360 -140 0 -0.09944387943901284 0.22629070663887768 0.1466031138974042 0.5414410080392095 0.6338199979604086 0.31808247461304784 0.22552793890777245
15 148 280 -60 0 -0.07512025421034213 -0.05039564077555092 -0.08739516666620767 0.04902185691507144 0.3357471244758864 0.3763189953377106 0.23948585057222438
14 484 360 -80 -25 0.23204816219548413 -0.21742267071100413 0.22883700596649592 0.4714903747658795 0.8246893459195894 0.48983847603099295 0.7112850424347481
16 494 180 -160 125 -0.009072559915680845 0.005541647847559339 -0.04234519513180479 0.9067161131976779 0.1889278252429022 0.5394671049560271 0.6047265716030554
14 308 -300 80 0 -0.21720436677376642 -0.22944929084394233 0.24356732013742216 0.9513783339818906 0.14065704851332228 0.6254740163877471 0.46971480967081425
16 119 -240 -160 -50 -0.16351140277417914 0.00849726974013365 0.02454862641854566 0.5354340902109967 0.15476127424187325 0.577660353229086 0.7232462742663691
11 491 580 0 -25 -0.09694883362881207 -0.117299223315798 0.22107140762478145 0.8079251662147221 0.9470820143308399 0.44862236955418133 0.026194765258448216
11 145 -480 -100 -25 -0.21527546353089533 -0.21423754492303343 0.15381989486206848 0.49750024971122786 0.6143322006378991 0.14985970955277883 0.13133502333477476
10 66 180 40 50 -0.04441961866657329 0.15454145599922947 -0.14521702686909904 0.044968617358478014 0.6503261942495333 0.8260563942177431 0.9557579249584289
11 454 -260 160 -125 -0.045656354780337915 0.02867158529234004 0.20558203085890359 0.6326996065229964 0.1879660947900561 0.44673162671635824 0.8691428343767541
12 327 -280 120 -100 0.16282103880511212 0.02778629225652468 -0.09531298015057499 0.8434057792295675 0.9103818934272687 0.15913553975760575 0.6061067333330238
15 394 480 140 -100 0.10834999669405826 0.0950248429106747 0.13056514617749193 0.648376207569554 0.0365653794144144 0.1486895470052051 0.31816821677140295
17 224 200 -140 75 -0.20109240424549568 -0.09017496524894891 -0.1480508733920109 0.6592983302250771 0.9880326738567585 0.06326569068383858 0.33168489984557914
13 396 380 -100 25 0.037841320847117776 0.24581628427017704 0.014868520384771156 0.4025647551155659 0.8817276284889265 0.5638538208857155 0.8375497369482642
14 326 -460 80 -125 -0.17428586072086932 0.1334375226675506 -0.11184156828183056 0.1459352474551997 0.43488199890404844 0.18076183731556916 0.15877686055293194
19 121 200 60 75 0.07013215630983743 0.18190060686664816 -0.09545650036062686 0.835733396186256 0.29876327235754696 0.26067965205677346 0.08923798372554681
10 42 180 -20 25 -0.16338640431772133 -0.14535214321706358 -0.14415525020867503 0.9814281235857413 0.5463164107599024 0.10977876459315283 0.8598425579246199
18 255 -380 -40 75 -0.03381170417388096 0.1584755849262401 -0.1060305175416949 0.7376907950008766 0.09383315319014607 0.8017226918450314 0.9272564331806006
12 408 -40 200 50 -0.19669006319259374 -0.10056409974082009 -0.06267097243304942 0.459025325276331 0.6335891414501913 0.7192297113189574 0.44439392416166745
19 15 40 100 -100 0.09660734425306777 0.07943382959552786 -0.04585733572279316 0.22517127517775415 0.1845901818370036 0.6750221611134254 0.8412993982892099
16 245 -240 120 -25 0.015545065136022329 0.0048399234750076126 0.01715176069877533 0.988586875312659 0.101465549014778 0.10147326955803315 0.6060570420250014
10 426 -560 60 75 -0.05767931990224784 -0.19440409361091943 -0.05487974436519483 0.385431155445481 0.8447012552258586 0.19771358917752646 0.9683931824298639
15 32 600 -160 -50 -0.04993092988915565 -0.15765489364055368 -0.008371457596728804 0.06355773684747557 0.3413562682708561 0.5446534010553753 0.1593017779374818
10 399 460 180 0 -0.20373590881909875 -0.0017834134700539517 0.09900260048038612 0.7233368036114671 0.13599870477587683 0.6367876450609471 0.20775582874294007
16 399 80 20 50 -0.20885054748223192 0.16993044678236469 0.16445868527572738 0.3565610072175778 0.1660945405093308 0.8295174835592565 0.050198490157271514
12 145 -460 -20 25 0.026416918664815214 0.21788602763137133 -0.0990350659595462 0.09566517822766829 0.43720943868028184 0.37896675162374294 0.7531964692080174
15 102 -240 180 -25 0.11937587269304151 0.1729618884786573 -0.08738402720776156 0.4055644067728549 0.49181810734829523 0.5092879396003284 0.5363655108175228
17 66 320 -180 -75 0.062185852628191984 0.004199630200747373 0.12258267947726809 0.2806402700783971 0.0128450088146298 0.4502305258999967 0.41996257832152284
16 228 -360 -20 -100 -0.12718647043831383 -0.015761143466978156 -0.13876421057762894 0.8154403676131643 0.8101599773034824 0.9141515129394837 0.0288251537531804
16 19 -320 -40 0 0.09923027738794948 0.2080449372512747 -0.016140006116721672 0.358913521729579 0.8688065297236651 0.8152024424390256 0.6970607090437659
13 219 320 -140 50 -0.14380077458181684 0.0242735569614006 0.07454787741699564 0.6811501601559444 0.14535355800963567 0.7580534127363431 0.07384185217022587
10 79 -420 0 75 0.18939925032628957 -0.21886394827969996 -0.11323356420641917 0.8822191255535753 0.3259462311482646 0.5255871902906916 0.9939532396940981
16 226 300 80 -75 -0.14446336547945898 0.061493186488119356 -0.014529428514936826 0.3527890586493816 0.40400780584113627 0.6985357439442142 0.9902787706174146
10 207 420 -100 -75 -0.1625583267142487 -0.022132993294146697 -0.1732208403006203 0.5981844956457545 0.5310445038655165 0.39187922559965704 0.4021061514327675
16 428 -380 -200 125 -0.06322892700414895 0.14057788927563053 0.005546799266386071 0.1959845907376958 0.40601304168050434 0.3830844131703872 0.6181825743532519
13 303 -280 -100 100 -0.10574376465861818 -0.20033594682216083 0.22675216555902555 0.5402477381769621 0.3646383560205778 0.23278438182877492 0.20334131946442846
13 218 -580 -200 -75 -0.17191637792225511 0.18837802415183402 -0.1877034305835455 0.5352887086054986 0.19896653647929108 0.07435936063559478 0.10673368155948648
14 347 -220 20 100 0.031939945992528085 0.04098579973782329 0.011870393490998166 0.28148804885251844 0.5509388111948166 0.5743202079068721 0.9218314943888218
20 463 -400 80 50 -0.015134043326523017 0.07405795321154174 0.12548385510149307 0.9006629650810922 0.6236600660539686 0.6899840811719512 0.11734939008462442
16 396 420 -20 50 -0.15429700397377605 0.15900708798765256 0.12864391737372205 0.6876210691971013 0.4671685894644859 0.31720813044404894 0.9473550041612359
11 99 80 -160 50 0.22526077127622557 0.2495287525015885 -0.19339424077864203 0.2925012630376902 0.20996335057894977 0.6562976197815362 0.8124168579988744
17 98 -20 20 -50 0.008366070017212568 -0.017898954795172006 -0.21794670377618552 0.3388733093398876 0.9485293185598456 0.8853933680604459 0.6617821849035573
15 234 -540 180 100 0.14075794149753873 0.19891450116138443 -0.24712789937747326 0.9601604044494392 0.8853279082325636 0.08518209748765482 0.1579865375541799
16 358 420 -200 -75 0.13050291270375636 0.09583493859906456 0.001605037856385716 0.8342807285532284 0.19790090446682096 0.9943846983511437 0.42043085307296335
16 82 -300 80 -25 -0.029791056452283526 0.11330380713314864 0.07680892793653038 0.5870743518735299 0.10323363174683142 0.008174363382678074 0.26802526302848495
10 332 -460 -120 125 0.005504157258055586 0.22757474726308852 -0.08582009626632947 0.28955000998077596 0.8279873812832789 0.7134075724635316 0.8695195125426716
20 153 360 -80 50 0.18425278635502973 -0.21215642734292173 0.058012805274614665 0.9083918671894989 0.3996220648126113 0.9078031031240616 0.4318205192774871
16 59 0 -200 50 -0.13184783957027058 -0.13805170075922096 0.24187259147094464 0.1598763411939621 0.2692685371706499 0.631286417091273 0.966107850749923
18 52 320 160 -50 -0.11952363495602797 0.1036728548694485 0.17319146482155273 0.7309404156795781 0.6736159522280625 0.973922483189017 0.794657286425973
20 282 -40 -60 100 -0.14064583136167275 0.0519264235056448 0.08950037505003178 0.7573918073876522 0.015106433705543099 0.9894969188472648 0.16781744013785838
15 154 180 -40 -100 0.1089267826619359 -0.23206680257009865 0.12687793304690498 0.10500354430305836 0.23167876378358587 0.8609606309826072 0.021717553809369572
14 300 460 -100 50 -0.19459693207374623 -0.08886204289831734 -0.12438385557389359 0.9042345772255078 0.2271181182810178 0.15466648216968704 0.2822351545444066
14 246 -60 160 -100 -0.09136520598837244 0.20074943233514858 0.1908179858181005 0.25263197359733425 0.79216417746347 0.49908849072344896 0.3277466874612357
10 23 320 100 -125 -0.14162846277616598 -0.02197290821853487 0.011583010598585408 0.21647395102067624 0.6802604111999377 0.11368410682898655 0.06440091742184051
12 392 -300 100 75 -0.1384368619317745 -0.2184515977077241 -0.2056794762537365 0.43229371225199087 0.599449949858437 0.4492403927915951 0.671268044626487
15 173 600 -20 -25 0.06259417810091733 -0.24535896823987963 0.12205178384100734 0.5739853603892082 0.7255979861204901 0.24664061439569374 0.7158376845360529
13 298 280 -100 -100 0.15530209617816704 -0.2184056168248732 -0.12760169466412707 0.986846417649792 0.8691799514260049 0.20501728556865462 0.7003396390770108
16 82 -380 100 0 -0.22506307332526654 0.16064774041581992 -0.12998900491845605 0.10414102713910478 0.7798100223495295 0.38757381738707675 0.8655699090306578
20 291 -380 100 -100 0.23314291359919098 -0.14692569409222483 -0.05161301374913618 0.40473542083654246 0.6118189219349829 0.0119320483059987 0.9828426982149865
11 399 -240 -160 -100 0.13707533925379706 -0.030430648009534045 -0.1809335628413855 0.3804126071822854 0.2596530555428449 0.28318451158008695 0.06920547567038737
19 236 120 0 75 0.050054074541035776 -0.010694067990461908 0.23906960712843744 0.16233708145596726 0.748070042396573 0.38956643342201525 0.7044988950095765
16 89 -260 -120 -125 -0.1815204526785914 -0.05530030804703534 -0.10520953138364808 0.5548576579702579 0.247334662745179 0.5747370793055226 0.6596763760278853
19 447 360 0 0 0.17833297150880767 0.1425870258908859 -0.13606529242837628 0.6748719004598134 0.15970710461223925 0.25276708328149144 0.8027390831974348
19 394 -220 120 50 0.24816701024040339 0.10626912605595701 0.03309362104467711 0.24125751658255035 0.3728613931954704 0.8308392133805002 0.33575161088516936
13 497 -600 -140 50 -0.23114952195493438 -0.23574496526082406 0.07959236330049052 0.3783257560311629 0.4542777584927491 0.49808902711142056 0.3065732989038681
12 136 -580 180 75 0.011902142917931013 -0.11812239635830246 0.11270850381373676 0.4529159797435369 0.5119530620210864 0.4102704378990992 0.09376074235316212
20 309 -360 -180 100 -0.04833003687580234 0.13376960779340652 -0.07042180168480056 0.1137861114849078 0.6425898249751069 0.3157457622847799 0.39015269663606567
11 129 -240 -180 50 -0.07783139323168187 -0.16939407771151865 0.2417832283806967 0.48095695344047606 0.406058932287953 0.2927735579570958 0.5335035023500494
11 399 -580 -20 -100 -0.10167156649778408 0.15861194998911426 -0.20530548169973106 0.7999235759657847 0.14259564567365657 0.862226851180931 0.6586847093271733
19 373 -520 120 -125 -0.04944437690229975 0.22317354552826146 -0.08230155008147144 0.2573270448893028 0.2926192189674083 0.8986741237211693 0.044592990203483285
14 144 80 0 50 -0.11611389007144901 -0.14651695401238674 0.15865995882175693 0.9755760139709774 0.1780658230649641 0.8648442632250123 0.18646591926735334
12 216 160 -180 50 0.15288184644889402 -0.06619067961929581 0.10972248814970031 0.9595871343988029 0.9870986609367509 0.5515365804635 0.35996055481646305
19 55 560 20 50 -0.22046701885316566 0.1879332818092006 -0.18907627770941288 0.375953140195987 0.6616507788466521 0.7478145316393011 0.8982033092272677
16 7 80 40 -25 -0.08622263464862184 0.1501414064617721 0.22681754799606663 0.04250869984479555 0.06207461988791796 0.34164732161450195 0.9279559044938089
20 185 -140 -120 -100 0.047822543970501175 0.16394890040295224 0.11138206675128987 0.3069006198421952 0.29791968228067645 0.7434671139509176 0.7536733438959634
11 492 540 120 125 -0.17204221169328532 -0.10974926314287814 0.08716088478244832 0.7947599384278514 0.7178056381276963 0.01802746018737167 0.7032965999170343
19 163 340 -180 50 0.061662050406989743 -0.04121479775650433 0.007296495291882643 0.08409301722316598 0.8098512862652845 0.001287436539196718 0.22554540886367702
15 149 60 0 100 -0.0812720426734444 0.12848717480848548 0.06093035737947161 0.7354165810490744 0.8275043478860843 0.16915673342289672 0.7081074741107353
11 208 -200 -20 50 -0.10839164487039543 -0.14936673035536363 0.11960668783626555 0.6629887545626693 0.7651506233610186 0.5391371528700979 0.2854201512453304
13 157 240 40 75 -0.038098067400608726 0.08118350466842988 0.1152544055238664 0.6177213339706564 0.05139700349041232 0.41081196081438753 0.37618342756484013
14 86 140 -180 -25 -0.1709507506957899 -0.03245249308387993 -0.0006209156510708636 0.5387376435667914 0.6927155520625043 0.025488895274464296 0.5928084662571244
19 57 -80 0 100 0.179239265086712 0.11807982017875507 0.07839333445118013 0.8013402027769356 0.09302059472021029 0.8686648398688979 0.1490822383177529
17 7 360 0 -100 0.17698179604017567 0.05229870001175302 -0.2034480152750855 0.3228908211300483 0.43732545638937237 0.06626148606679483 0.28816437445040144
14 304 80 -200 125 -0.04236319925931192 -0.1395818907575806 -0.1451574423026828 0.25748151355421134 0.9336060574211632 0.3404306311331021 0.8089844203045441
16 471 -60 60 25 0.17815590949963367 -0.22999601950861037 0.012312053488500285 0.8603861387889402 0.3834100555349813 0.3468065571044858 0.8429862625194057
11 222 -440 40 -125 0.0649711127276636 -0.09831605535857268 0.16099965466443145 0.7581871797642701 0.9081642241808064 0.8691323872066663 0.05725497479623742
11 372 460 40 50 0.0997595924659459 -0.19414249801533073 -0.12181611588187147 0.49116854342303007 0.13487593452455637 0.8159585163621857 0.2587618560599676
15 153 100 -60 25 -0.08166557236754124 0.22449082230603484 0.22638748852409668 0.32186606282215846 0.7120892937306929 0.37778563189180436 0.8902085827005888
16 494 -300 20 125 0.15156393172323662 -0.24449938894076528 -0.09062473230811685 0.5468121222833012 0.24677883510686405 0.4098544713112464 0.2278827256938325
13 463 -340 -80 -25 -0.239602261149913 0.1052336722781857 0.2005499843499109 0.5761675290625083 0.5335347469275589 0.20676268818018784 0.3289050438066812
10 98 -20 20 100 -0.2202118410979954 0.1362111548460972 0.1393732783774978 0.8033172428437797 0.6266858461454905 0.3238139160574649 0.9447944086580695
12 417 -540 80 25 -0.24038480203396828 -0.018898488918733025 -0.2275827939928844 0.04618870605767189 0.6455453288166275 0.8006999950610038 0.6902069648999217
13 8 -320 -200 125 -0.1911672339328554 0.15375217258435542 0.18618071140041537 0.1292280536456788 0.7896830513834165 0.02938612611957836 0.5095836690901175
18 397 560 -140 25 -0.12672440951457237 0.06100780822623619 -0.24226802325176583 0.9383985805628945 0.09987827254384951 0.12634788923171558 0.7907116701498033
17 361 -260 -200 0 0.17178550803927106 0.027124537102728774 -0.21185497963570826 0.7192282858298166 0.34408331860680275 0.5669745860697369 0.7960306602875113
19 340 -420 -100 100 -0.1465869064215321 0.17428575680734215 -0.22918555693903553 0.2916664309889603 0.04760615600131102 0.0845773346763099 0.14224851842182806
19 355 0 -140 -50 0.05950035572875628 0.0829468340452556 0.15193588555064563 0.5049310831462954 0.45765391041111436 0.9692802614977657 0.7551671828102485
19 170 -540 60 -75 0.13825563503624128 0.24696299033833774 0.2035636395023998 0.5207004785118589 0.26515493705929616 0.3882837698446624 0.6842431167123796
16 445 -360 -40 -75 0.17925034761241176 0.09099149648514299 0.03130104652850557 0.24111479707854966 0.7677032076367202 0.47833617736864686 0.261955793036026
19 76 400 -140 -50 0.07631550759959732 0.08903673514830512 -0.1729067585309742 0.9065720160419006 0.6143686852861832 0.055570126049537594 0.8746942747599468
17 430 220 -20 0 0.05203093264522907 -0.0005615481627472274 0.011509245766689769 0.9825862664637053 0.4967043734747396 0.32041925152339745 0.78352875090699
16 475 -340 20 50 0.12640595286599893 0.11455218684389323 -0.1616851763138873 0.6441343955391625 0.8216723845491449 0.9820008485424161 0.27919520833136857
20 395 -200 160 25 0.11371312702754915 0.22429242473241856 0.24181931959780073 0.09475919690785484 0.8042208817462078 0.09310113495493288 0.6838404516287099
18 436 -420 100 125 -0.06496837228016472 -0.20648228228384363 0.013200160522558457 0.6507101205927117 0.3436157256411323 0.3110902250449321 0.1795251146170661
18 360 -280 0 -75 -0.034960627847052506 -0.23761521190524304 -0.17231694594981267 0.22230611515244014 0.08888682305260043 0.7763360875529004 0.9413130968884271
13 387 -240 -200 125 0.06334961206617451 -0.028929289683509607 -0.023111510884183672 0.8711771651286392 0.5971009063175677 0.8155501040159022 0.7698042134031765
10 270 -440 80 125 0.2339502504763143 0.08654513133544045 0.24615701642038318 0.8554506821433384 0.23016467786838235 0.08318637848202248 0.02750790990889629
14 223 380 160 25 0.14607773630347803 -0.19966044261804577 0.013701300203184774 0.37054891354900465 0.8862030753349418 0.293724834731364 0.43121515366771124
20 400 -200 120 -25 0.13404118306043045 0.05006618921526329 0.20840057762700354 0.7633583931161604 0.7868246798246608 0.3717945068040118 0.5460988311989549
14 307 -560 140 50 0.0654506808700368 -0.009922846358652704 0.13296652341885162 0.22556891440053983 0.4783807517299927 0.33496476494497374 0.6715747713428606
15 198 520 120 25 0.24049227099157855 -0.13396961012570524 0.05633459887370612 0.6949129107846914 0.8847759767412641 0.9781480227085283 0.8710696054269361
10 68 -380 -120 -125 0.17971745554984725 0.009654010894653509 0.21859729479351625 0.033287543893085414 0.7141294958000427 0.6376726469702266 0.23926032348620552
12 396 340 -160 50 -0.22777917890688615 0.06139173770083972 -0.09385229936407069 0.0872673131253825 0.4975738559739933 0.4867519898389845 0.8780364982793925
12 174 -100 -60 25 0.04143321483510631 0.21509973487176864 -0.16689504147235085 0.4644449644564561 0.26971692902365396 0.6526749709182518 0.31769645031437543
11 261 560 160 25 0.21884598246957127 0.006870351226323956 -0.05657538394771039 0.8866663797636777 0.6434949773887558 0.2261534818548706 0.09535486065976528
10 242 -300 100 -50 0.10046838214919457 -0.024942951859333318 -0.0052363205463735185 0.9779089220791298 0.14964932787541974 0.18311279378607792 0.5816875272922811
14 365 -300 -120 0 0.1616157189663967 0.24689981689909496 -0.0038244648440439177 0.5195731543777633 0.11650486112202618 0.9115658004047981 0.6920744735112335
12 19 -480 -20 -50 -0.0829081095708793 -0.22767536279098405 0.16476632327064844 0.4028431416471866 0.19500201929801242 0.3223070096441657 0.3991382447574525
13 222 500 160 -75 0.20399240789236173 0.21110930922129034 0.019759965366180965 0.039433170046035304 0.13196216848758646 0.43378988646656114 0.5737238600528463
20 411 -120 -80 50 -0.2240476958699718 0.20047981119899927 -0.15548526749045316 0.4759833186002158 0.5924692421561137 0.9735349844406128 0.3237238340416917
15 132 -420 -40 -50 0.035471970573462186 0.21065338373037978 -0.10128438289033159 0.6029059517458522 0.7658145825198469 0.763480861833189 0.8182663074335612
18 64 600 120 -100 -0.03467020141267002 0.12859266951061737 0.17373781888113649 0.43109317997499963 0.20378847636603337 0.32440306532181085 0.38440794208561724
12 63 240 -160 0 0.23265794595671152 0.05308453783608713 0.24168599838272425 0.47580552562778633 0.36299242349528926 0.8923124027647844 0.5889451027926731
17 87 -520 -100 -100 0.22840888069382775 0.16126079253443637 0.19596228428270102 0.8030318953747566 0.9103927954757851 0.775837916663358 0.8274805298313727
14 110 -60 20 -25 -0.08961912718556603 -0.04267948852310882 -0.1520723754255533 0.28206729482156556 0.878895875253573 0.05703327049327389 0.07866056886065076
10 263 -80 -140 -50 0.1852026142761392 0.15672092179446434 0.056884698567303715 0.04132940226824233 0.5394536977489409 0.524544242759733 0.3207727209612047
15 67 320 0 -100 0.21726698830182195 0.06949369807476774 0.037253688537617735 0.1962102622835371 0.4662321073150121 0.24507784696029178 0.1930251331361299
16 114 500 180 -75 -0.1728480882813619 -0.1632928977814621 -0.215638370318614 0.06566452521289623 0.1397858565640433 0.9465669714874294 0.8444502096228953
16 302 480 60 0 0.07905042937388396 0.05896929644643567 0.04786981365463927 0.7183657875845059 0.3194375664648659 0.27207914468499317 0.2770455352999315
20 366 480 60 -100 -0.12477588059967915 -0.08903821648127447 0.025498895119559828 0.8311430364925404 0.2679981231014177 0.331161998703838 0.847573390525999
14 115 -100 -180 75 -0.10302178617073104 -0.17830930795938027 0.18052543733541915 0.867095608058868 0.8132229744848616 0.7211879631456249 0.022904671714752634
16 350 -460 40 -100 0.15766169174672506 -0.07387647359607963 -0.15092042653403215 0.6121682259457994 0.9150172471179571 0.058278353710914166 0.2705164552838034
16 17 400 -120 -75 -0.24695181747741768 0.11834258520860952 -0.10242078682291644 0.41320468829446777 0.4258452363777654 0.10060619189871245 0.6775187455283388
17 55 180 -80 -75 -0.1073189615601935 -0.1724775170723652 0.022358110875337178 0.8154201427606652 0.2675367693950198 0.11343825129417773 0.4799360438123742
11 494 -20 60 100 -0.17836679183526005 -0.01916563830364698 -0.03314223903850089 0.6491837382067528 0.1912337448342638 0.49489127041607217 0.9898181502667148
19 250 -200 -100 -75 0.06673294157083298 0.16393553960243334 -0.2117339904396055 0.5927575282010218 0.5028399648137797 0.4260030138823233 0.13334798787714208
16 284 480 -60 -75 0.2404439094557187 0.06643463640616498 0.2221315942808798 0.609091650028188 0.06824603290686271 0.22906921207475872 0.31467449029825223
16 460 360 -180 125 0.043376566559602814 0.12933151564685508 0.0652967975424607 0.29679735230539683 0.5752361813729866 0.36627314702344027 0.05595118870634419
12 214 60 40 25 -0.12351347237092009 0.12624295468878427 0.13079686517861244 0.21306847502093618 0.4727005642239108 0.5604266726429963 0.8839937250611661
10 325 -440 -140 125 -0.05939668387881464 -0.014309243224444934 0.09195673492455858 0.9083148110354602 0.6505242132434526 0.37702183941139555 0.45358609846472286
12 146 300 0 -100 0.06912252383290035 -0.04810843794075448 0.05304244180896278 0.543235980273763 0.3767347851511812 0.6869749848899454 0.44232986443200895
19 117 -260 -180 -100 0.14499067598754478 -0.2121701096374582 -0.155358794912704 0.28348925280763604 0.5932814022230073 0.3590375963853186 0.35430050648178113
14 396 60 -80 -75 -0.12787356308383518 0.21968916429729785 0.1986798011962856 0.5611504027962081 0.29341830775184585 0.8619520897144939 0.6250806273294954
17 298 -260 40 125 0.054472886367322504 0.044343584707088324 -0.23894649037762278 0.9892560903984631 0.06918386892623118 0.07973368841881956 0.940332821352241
19 172 -80 -100 -25 -0.12822818384817736 0.20313694986497255 0.20874972997942082 0.7617025996627784 0.15447508601896076 0.9888146998370789 0.6847349439818045
12 143 100 -60 -100 -0.044777513619547404 -0.16616527633424816 -0.08118281775082281 0.541952901591812 0.05494360783091834 0.9272040896353727 0.6071718907712288
10 124 -140 200 -50 -0.12360164082621894 0.24628488282908423 -0.006269799687335487 0.32702072345883415 0.04535689338074611 0.4754861872419839 0.17855670788108835
19 411 340 -80 50 0.0011702757339959735 -0.23832312678847017 0.19930249396176514 0.4333633672847249 0.4023197325175131 0.8416981614286565 0.908212569787864
10 281 -260 200 -50 -0.24646694078050602 0.16456978505114062 0.18890720785676907 0.6020357811383452 0.8354709741257959 0.6160675947821769 0.4045229929132681
17 277 600 -200 125 -0.14436819103577925 -0.07652318163935629 -0.23069773584561165 0.6899748544838443 0.3360791023953764 0.641320707563349 0.2026317815810409
13 292 -380 200 50 0.10731749942019292 0.14744216142156696 0.05760197909061371 0.8226192700756041 0.9270070997183592 0.6788776775525998 0.3936148772285254
16 116 -240 -80 125 0.17251269417800896 -0.02131094459243743 -0.16111837301050547 0.46436003928935266 0.07160248790612123 0.8672802336070717 0.5646154493949751
11 174 540 120 -75 0.005174738559909686 -0.1699484082818703 0.13734192529952605 0.7821273678643325 0.6089833450351751 0.9534504202001868 0.8613418531788976
11 255 -560 20 -25 0.23288734259930532 -0.07715423509941277 0.08643568951858044 0.24342420280293253 0.1873855868405766 0.7103526333955826 0.9690132681613997
12 353 -580 120 -75 0.052287117461884525 0.05431029929306552 -0.06523947683297499 0.36184234751295286 0.9024853532629552 0.7420528523631018 0.6325207296943164
15 60 -600 120 -125 -0.1998256359003278 -0.07466102162542132 -0.027641722265180024 0.2871691208058925 0.4166991350953777 0.36219046330522353 0.31558592242508565
11 415 -600 0 125 -0.13677697014466172 -0.18227919054296826 0.2255050993046856 0.38486578224213497 0.15940443563969564 0.6922208770878585 0.4449618485400916
15 165 500 -40 -100 -0.0648956577848781 0.20368864312839413 -0.24507150413911022 0.8840218943073357 0.5185291530007439 0.602400378318739 0.3494422783863501
10 177 -40 -20 125 -0.027368246402431518 0.11770214252045275 0.016568438508180627 0.8087044123510339 0.4530117115533838 0.22319221176523674 0.8688278579032007
17 270 -340 160 125 -0.20748368049536497 0.02108384045217937 -0.02657964332629481 0.6931254685965375 0.17199763902187803 0.7360134306569431 0.43546543854161357
14 75 -600 0 25 -0.1404995758413013 -0.1593345116906837 -0.019911428924014984 0.2137120894461314 0.2791696293381213 0.24589053082804335 0.012985960705772293
17 410 480 120 -125 0.09596290741198349 0.1725241221403691 -0.10666389891453681 0.7377373218640633 0.8753410787227585 0.26661710196207444 0.335030381693602
16 460 580 -60 50 -0.017905936486902585 -0.07747342824553183 -0.10553283298400784 0.9984691243926163 0.96865886405659 0.21745963065357565 0.42482054763360155
16 137 180 -160 -50 0.09653211581923044 -0.049817651664947615 0.23321242553222987 0.03943918941589197 0.840513245407637 0.8640876060589507 0.8943086851209788
18 111 -80 -120 0 0.24640888734278626 0.22887813127259837 0.17826173420578412 0.7877304068824257 0.5598742060218845 0.571859701496548 0.18803415496240583
10 467 -160 -80 -125 -0.05007999238981081 0.004008704863113888 -0.020055809950339176 0.09248821490493309 0.24372834950899702 0.10573887980042074 0.5977357030787075
16 66 20 100 -75 0.008382242250746852 -0.11751843633039605 -0.2065353685828934 0.500440656775243 0.5158600630818193 0.27928129591243966 0.6736682383973257
10 14 -340 20 -25 0.09105867534761214 0.025163195385728532 -0.1566149683696207 0.11675314461827757 0.9692278543933851 0.5496020688870534 0.34954084357536475
11 289 80 -180 75 -0.21774307030864365 -0.24322977677122115 0.2350361933231217 0.9303912141529633 0.5521238630769014 0.9354065824284492 0.570127149380712
