0.5 50
15 159 60 -160 -25 0.10494095388419022 0.24668983287205626 -0.1302438493212114 0.20441946564970292 0.13318453342007108 0.06749224572458123 0.9727377528462535
20 104 140 120 25 0.20802864225536827 -0.1214470959741285 0.12482220147822182 0.1879456068110157 0.2465972852376377 0.037516736313552346 0.4959646015978276
10 300 60 -180 50 0.11927707406383059 0.016649811861132957 -0.08209624313247332 0.3903111611390404 0.11825843641316613 0.4513406472923338 0.8096975681167101
15 206 220 -40 -50 -0.001344513134137193 0.11151890951633331 0.24245108982865515 0.021663588943017342 0.5818529489816097 0.7936831687511943 0.4110795096043789
12 339 180 180 25 0.0005680518546302693 0.0448902782952888 -0.013165259868897383 0.6030940828048568 0.7004982713205976 0.6964321285357871 0.2384597285748027
14 341 120 60 -25 -0.23773396315825213 0.21525298707718682 -0.05177632688635442 0.7791679563146815 0.6115989778133433 0.5301246633686986 0.8811246417520103
14 179 260 -140 25 -0.0663625743928371 0.18258871123839948 0.16693903142751337 0.20507861455869325 0.26287438483175907 0.5588025599937271 0.3317836894298358
16 448 200 100 0 -0.08323817013777535 0.09217784256929917 0.04323162673428482 0.139429453091374 0.8135861484440987 0.24953050492828266 0.6491650977497224
11 321 40 80 50 0.1845085229160553 0.04350348691786293 -0.23977496019501615 0.8987920855733692 0.1835265330237612 0.049427035084186555 0.9694121429099348
16 209 80 140 0 -0.18784058962523642 0.20178188175606193 0.12437377160613222 0.513136545283726 0.2879524676775945 0.9242054165186401 0.5476655537299574
17 261 80 60 -50 0.10095183988523138 0.014434427102728686 -0.09928772923416618 0.9220961755804178 0.12587078674240793 0.9964419232866828 0.6490387344098447
10 171 140 -60 25 -0.0021119728461178044 0.011800885713397158 -0.15781006968621752 0.2640877642395819 0.3696547672826358 0.43336103640271917 0.5940339109781161
13 273 180 -200 -25 -0.06566674815938855 -0.12249485532322607 -0.15342961687188822 0.9257203220873035 0.21292547617224988 0.6614953465577744 0.5402581180448053
14 292 60 160 50 0.09031055371061986 0.1687908299374027 0.05116101170865722 0.727731692997142 0.611711088867201 0.3432215402035579 0.799142383413931
15 442 140 -120 -50 -0.18121565502618397 0.12644563241938617 -0.014018717317850427 0.08407389562129064 0.8487032071171928 0.7124330983673114 0.44592614158055954
19 471 80 -80 -25 0.0954198314013508 0.21731237961558275 -0.21758426636795297 0.5845829958404692 0.40127076573545417 0.9187291619052569 0.24433149380542252
13 304 200 -200 -50 -0.0902953542967268 -0.018588636954681714 0.019443851491979247 0.8748222945391348 0.4938173530936275 0.3265863126222096 0.3217116259376399
11 7 100 -160 -50 0.2405952478591583 0.18113435726350763 0.1802468089404965 0.645266548769017 0.9813071852098649 0.3345732075456236 0.7323823555258302
12 3 20 20 50 0.09928054745857795 -0.19615117555450817 0.16548236565357766 0.5321863490144831 0.12615183458007695 0.4529483409851842 0.9843545222061489
16 126 80 180 -25 0.19806316370747268 0.0601446975443522 -0.18076416270887385 0.11534658716329926 0.8664720719664775 0.6437734463764291 0.10182446382077048
17 7 40 20 25 -0.02899639230849055 0.16695482933128142 -0.06320740203505221 0.2898984302095965 0.3737536035373834 0.6671337667808049 0.5580612819559211
11 402 200 160 25 0.1809305967750221 -0.12136734997809923 0.009087888310874537 0.44234248735486537 0.011816095036602858 0.3900158006542982 0.4293454628153678
15 364 40 -100 -25 -0.0401295039131328 0.16131140001186434 0.08091464434109996 0.614475496245874 0.3544553545855439 0.447666880780604 0.46250598464019266
18 365 120 -180 0 -0.015801322188697897 0.0333371524446226 0.0619946716171319 0.1575979407059248 0.15520071946443115 0.8742857470353913 0.6398275389873455
19 449 60 80 25 -0.025402026216397144 0.13777161168038954 0.10820334189337538 0.6489772558945488 0.7971312241146135 0.07460608234087185 0.5538663905058706
13 397 300 200 -50 0.13473012600544315 0.06427866463977627 -0.052273809712669594 0.45036016489670283 0.05410956939480949 0.8500122605361675 0.7979949771702733
12 451 60 -100 -25 0.1928559297651064 -0.04633326796127557 0.1720122753653583 0.17274878293395823 0.6619868848619359 0.9427519393650149 0.5345173309675707
18 311 220 100 -50 0.022626216757071826 -0.021641920424360472 -0.024011932773838007 0.8160238643608807 0.11299499801592372 0.6687504456082167 0.7441790288872098
10 7 40 0 25 -0.10237124239397327 -0.15007210485986816 0.002519332059056356 0.8993858002441973 0.8407463036242713 0.31166751389783687 0.05409227949019124
11 438 140 20 -25 0.07999730812083289 0.1591489129667436 -0.08448484864671602 0.35888713455176113 0.9304644260861937 0.9723526782989396 0.8993959720690338
15 290 100 -140 0 0.04414629010734317 0.11921087176520195 -0.15304066040588393 0.10433518971244915 0.9647403064706456 0.7359426822748577 0.9110340005437686
11 391 200 140 -25 -0.194790195733274 0.18663858995025184 0.020234185767555868 0.93293253718139 0.32467313692777144 0.14376816558085204 0.2915693518737331
18 327 20 -140 0 0.1092249400096525 0.003846374193682889 0.15053364505553324 0.45767945836939206 0.9174792594563274 0.8087408089002786 0.8893145769573064
17 345 260 -60 25 0.059014486647386455 0.04309020851168105 -0.18617560512058307 0.2676497636975642 0.5152548647989978 0.6686450799173931 0.70319179635309
19 461 280 -180 0 -0.13368580868405 -0.07085492447846564 0.0021240109393416695 0.06675837450191335 0.9617059791355006 0.9598239329624346 0.7619424197142141
10 473 160 -20 0 -0.15136165538168417 -0.028644964773607395 0.1247190729074652 0.7744662876406792 0.1818242981911874 0.36379293233504706 0.36574823744075313
16 473 80 -100 25 -0.029922687718272334 0.062280792599648915 -0.22951795636000583 0.6825862214387375 0.7028134272112099 0.6979273618233661 0.060606264078960415
10 431 180 -120 50 -0.0766375389723718 -0.1627138685814729 0.18901269656281172 0.14857920898157395 0.07570715464752042 0.41670789474781056 0.34710974899742353
20 479 180 180 -25 -0.11739166455358008 -0.03069979999251965 -0.11762148334679595 0.4743533034179147 0.8264682962374125 0.5722509485492032 0.44898741759424565
14 47 160 -120 50 -0.08767976895718982 0.17901172583737485 -0.1535428744933402 0.693242763976896 0.06411243190221383 0.5851568043913236 0.44978956783649837
18 18 120 200 -50 0.09628651756227535 0.016687968440435796 0.1308860612434587 0.739929881916083 0.33391806201369956 0.5070129134481332 0.9028661594814307
14 39 160 0 0 0.027965802908158865 0.033575329893395345 -0.24023386665446 0.5020306193937698 0.5544516983295915 0.42287605317053767 0.7661472197423956
14 351 100 -140 -50 -0.08821196345413729 0.1772154564798843 0.05933289997093799 0.2048217948893084 0.8387207479671607 0.7075843559835381 0.3650965933749196
12 88 80 -200 -25 0.1938259821173276 0.11471334157387325 0.02062095499804617 0.3108997944107217 0.8942580096399921 0.8656940138896585 0.43479803792382166
18 144 40 140 -50 0.17082715213176958 0.07138842493359737 0.14554226432156914 0.2922597298399827 0.5230314246222109 0.7172179903476072 0.8534554998115713
17 422 80 -160 0 -0.21572751067309248 -0.09123183402105706 0.17058196112294732 0.18235516446323796 0.09324658456725399 0.4425886734542194 0.5451184693041478
10 261 160 80 25 -0.06029938788347322 -0.07461775786995262 0.24673900548347527 0.15602549710274272 0.31156994593070064 0.732868241206676 0.542250582733138
19 159 260 -180 25 0.20474947369818214 0.12780764731998867 -0.14153929826528355 0.29690066955536576 0.546091224292078 0.8289481501671782 0.7442663649293351
14 410 280 -20 25 -0.18013380901032255 0.08897833567506014 -0.1950501887499798 0.12702679307089715 0.8655373230787754 0.41200433785125956 0.08371961086122814
18 32 60 160 -25 0.2065100272483963 0.04882668228756665 -0.22125710291455425 0.21744241384912544 0.3328440617392521 0.06388000322737342 0.2795434100654698
